replicate   	generation  	q.adlt.nbAll	q.adlt.hs   	q.meanG     	q.varG      
1           	1           	255         	0.9961      	0.09212     	95.88       
1           	100         	69          	0.9689      	-0.07612    	2.482       
1           	200         	48          	0.9517      	-0.004195   	1.006       
1           	300         	32          	0.9403      	-0.01824    	0.7001      
1           	400         	32          	0.9307      	-0.01223    	0.5288      
1           	500         	26          	0.9151      	-0.1257     	0.4347      
1           	600         	24          	0.9124      	-0.06053    	0.3858      
1           	700         	29          	0.8968      	-0.1092     	0.2788      
1           	800         	26          	0.8921      	-0.06688    	0.2695      
1           	900         	24          	0.8669      	-0.03129    	0.1833      
1           	1000        	23          	0.8349      	0.005357    	0.1533      
1           	1100        	25          	0.8277      	-0.04105    	0.1277      
1           	1200        	20          	0.8073      	-0.02054    	0.1082      
1           	1300        	21          	0.81        	0.01491     	0.1218      
1           	1400        	22          	0.8032      	0.01448     	0.1126      
1           	1500        	17          	0.7943      	0.004139    	0.1028      
1           	1600        	20          	0.788       	-0.006756   	0.1604      
1           	1700        	18          	0.7642      	-0.01196    	0.1515      
1           	1800        	24          	0.7559      	-0.01955    	0.1166      
1           	1900        	21          	0.7445      	-0.0258     	0.1356      
1           	2000        	20          	0.6976      	0.00292     	0.1137      
1           	2100        	24          	0.6924      	-0.01781    	0.1165      
1           	2200        	19          	0.6667      	0.00446     	0.09054     
1           	2300        	16          	0.6544      	0.01567     	0.08364     
1           	2400        	22          	0.6399      	0.04436     	0.09521     
1           	2500        	22          	0.6289      	0.0414      	0.08073     
1           	2600        	18          	0.6247      	0.06187     	0.08645     
1           	2700        	20          	0.6479      	0.06334     	0.107       
1           	2800        	20          	0.6615      	-0.001096   	0.08915     
1           	2900        	23          	0.6225      	0.05691     	0.08754     
1           	3000        	17          	0.588       	0.07534     	0.07265     
1           	3100        	21          	0.5834      	0.06171     	0.09614     
1           	3200        	21          	0.5823      	0.05568     	0.1084      
1           	3300        	24          	0.5597      	0.07624     	0.1564      
1           	3400        	20          	0.5565      	0.1263      	0.1206      
1           	3500        	16          	0.566       	0.08956     	0.1211      
1           	3600        	21          	0.5795      	0.08006     	0.1219      
1           	3700        	19          	0.5844      	0.09541     	0.1037      
1           	3800        	13          	0.5859      	0.06561     	0.06694     
1           	3900        	14          	0.5722      	0.02817     	0.06811     
1           	4000        	21          	0.5754      	0.02082     	0.08529     
1           	4100        	16          	0.5725      	0.01035     	0.0607      
1           	4200        	12          	0.6115      	0.02263     	0.05877     
1           	4300        	12          	0.6094      	-0.0006142  	0.06351     
1           	4400        	12          	0.5747      	-0.02652    	0.04647     
1           	4500        	15          	0.5535      	-0.001597   	0.0555      
1           	4600        	21          	0.5425      	-0.04623    	0.07672     
1           	4700        	13          	0.5734      	-0.03787    	0.05734     
1           	4800        	19          	0.5616      	0.0001512   	0.1261      
1           	4900        	15          	0.5465      	-0.03798    	0.1017      
1           	5000        	16          	0.544       	-0.0123     	0.06618     
2           	1           	255         	0.9961      	-0.05586    	96.3        
2           	100         	60          	0.9651      	-0.02483    	2.173       
2           	200         	44          	0.95        	-0.07713    	1.033       
2           	300         	34          	0.9374      	0.1229      	0.7         
2           	400         	29          	0.9154      	0.1432      	0.3723      
2           	500         	28          	0.9082      	-0.005594   	0.3771      
2           	600         	29          	0.9117      	-0.009194   	0.3905      
2           	700         	25          	0.9005      	-0.02042    	0.3542      
2           	800         	25          	0.8915      	-0.06541    	0.2946      
2           	900         	26          	0.8914      	-0.05428    	0.2977      
2           	1000        	28          	0.8847      	-0.00206    	0.2786      
2           	1100        	27          	0.8796      	-0.01125    	0.2643      
2           	1200        	24          	0.865       	-0.05554    	0.2638      
2           	1300        	23          	0.8455      	0.03824     	0.227       
2           	1400        	19          	0.8593      	0.09271     	0.2539      
2           	1500        	21          	0.857       	0.01997     	0.2337      
2           	1600        	18          	0.8421      	0.006539    	0.2056      
2           	1700        	21          	0.8356      	0.02273     	0.2018      
2           	1800        	23          	0.8197      	-0.0234     	0.2081      
2           	1900        	24          	0.8195      	-0.04579    	0.186       
2           	2000        	18          	0.8132      	-0.007909   	0.1697      
2           	2100        	22          	0.8074      	0.002306    	0.167       
2           	2200        	21          	0.8085      	0.07546     	0.1733      
2           	2300        	16          	0.7848      	0.07001     	0.1313      
2           	2400        	19          	0.7615      	0.09895     	0.1246      
2           	2500        	19          	0.7213      	0.09031     	0.1126      
2           	2600        	19          	0.7058      	0.08241     	0.09814     
2           	2700        	18          	0.7152      	0.1067      	0.1101      
2           	2800        	24          	0.7248      	0.1013      	0.1136      
2           	2900        	22          	0.712       	0.0556      	0.09837     
2           	3000        	22          	0.7387      	0.06419     	0.1514      
2           	3100        	15          	0.7212      	0.06594     	0.1014      
2           	3200        	16          	0.737       	0.1115      	0.09467     
2           	3300        	20          	0.7335      	0.1079      	0.1152      
2           	3400        	13          	0.7075      	0.161       	0.09391     
2           	3500        	19          	0.6932      	0.1593      	0.1075      
2           	3600        	22          	0.7014      	0.122       	0.1131      
2           	3700        	19          	0.6654      	0.07005     	0.09368     
2           	3800        	21          	0.633       	0.07731     	0.08494     
2           	3900        	22          	0.6104      	0.07569     	0.07165     
2           	4000        	18          	0.6193      	0.07514     	0.0648      
2           	4100        	17          	0.6348      	0.1018      	0.0809      
2           	4200        	18          	0.6132      	0.0745      	0.06138     
2           	4300        	11          	0.6386      	0.1012      	0.06297     
2           	4400        	18          	0.6647      	0.101       	0.1001      
2           	4500        	26          	0.6543      	0.06115     	0.1242      
2           	4600        	14          	0.6456      	0.03118     	0.0735      
2           	4700        	22          	0.6294      	0.05055     	0.07667     
2           	4800        	20          	0.5763      	0.06739     	0.07357     
2           	4900        	21          	0.5345      	0.01523     	0.0633      
2           	5000        	18          	0.5355      	-0.01161    	0.07206     
3           	1           	255         	0.9961      	-0.02005    	95.59       
3           	100         	65          	0.9662      	0.05544     	2.035       
3           	200         	45          	0.945       	0.04671     	1.053       
3           	300         	35          	0.9263      	0.05079     	0.6325      
3           	400         	36          	0.9161      	0.07035     	0.5528      
3           	500         	32          	0.9153      	0.0934      	0.436       
3           	600         	36          	0.9193      	0.06997     	0.369       
3           	700         	25          	0.9122      	0.07305     	0.3414      
3           	800         	25          	0.9092      	0.0611      	0.3019      
3           	900         	25          	0.9006      	0.07094     	0.2834      
3           	1000        	30          	0.8986      	0.08743     	0.2942      
3           	1100        	30          	0.8979      	0.1855      	0.2999      
3           	1200        	25          	0.8923      	0.1292      	0.2531      
3           	1300        	23          	0.8945      	0.07794     	0.2469      
3           	1400        	23          	0.8823      	0.1666      	0.2807      
3           	1500        	23          	0.8685      	0.06583     	0.2137      
3           	1600        	24          	0.8463      	0.02865     	0.174       
3           	1700        	19          	0.857       	-0.01368    	0.1605      
3           	1800        	16          	0.8474      	0.0119      	0.1328      
3           	1900        	20          	0.8412      	0.04311     	0.125       
3           	2000        	25          	0.8408      	0.05781     	0.1634      
3           	2100        	20          	0.805       	0.02476     	0.1082      
3           	2200        	22          	0.8235      	0.01733     	0.1423      
3           	2300        	19          	0.8348      	0.09793     	0.1427      
3           	2400        	21          	0.8205      	0.05289     	0.1215      
3           	2500        	23          	0.8058      	0.03249     	0.1283      
3           	2600        	22          	0.7889      	0.004507    	0.1396      
3           	2700        	23          	0.7894      	0.01012     	0.1322      
3           	2800        	23          	0.7947      	-0.02631    	0.1398      
3           	2900        	21          	0.7636      	0.01017     	0.0948      
3           	3000        	18          	0.7506      	0.01109     	0.1029      
3           	3100        	15          	0.7306      	-0.04012    	0.06887     
3           	3200        	20          	0.7503      	-0.0679     	0.07656     
3           	3300        	21          	0.7846      	-0.05345    	0.08068     
3           	3400        	19          	0.8005      	-0.07926    	0.1073      
3           	3500        	16          	0.7914      	-0.06662    	0.07796     
3           	3600        	21          	0.7851      	-0.05213    	0.1053      
3           	3700        	16          	0.779       	0.009392    	0.08355     
3           	3800        	18          	0.7842      	0.01286     	0.07506     
3           	3900        	16          	0.7598      	0.001644    	0.07769     
3           	4000        	14          	0.7606      	0.02272     	0.07256     
3           	4100        	19          	0.7394      	-0.01535    	0.09654     
3           	4200        	18          	0.7482      	-0.03762    	0.09786     
3           	4300        	14          	0.6996      	-0.08878    	0.08233     
3           	4400        	19          	0.6973      	-0.1177     	0.103       
3           	4500        	16          	0.7081      	-0.08817    	0.09748     
3           	4600        	20          	0.6586      	-0.0852     	0.1127      
3           	4700        	19          	0.6647      	-0.118      	0.09041     
3           	4800        	22          	0.658       	-0.164      	0.1146      
3           	4900        	21          	0.6675      	-0.1651     	0.08015     
3           	5000        	20          	0.6731      	-0.1778     	0.06442     
4           	1           	255         	0.9961      	0.03026     	96.8        
4           	100         	67          	0.9681      	0.05119     	2.355       
4           	200         	46          	0.9537      	-0.01825    	1.211       
4           	300         	41          	0.936       	-0.01405    	0.851       
4           	400         	35          	0.9268      	0.0114      	0.7174      
4           	500         	26          	0.913       	0.09785     	0.6089      
4           	600         	28          	0.9074      	0.04352     	0.5135      
4           	700         	24          	0.9025      	0.05402     	0.4669      
4           	800         	27          	0.8887      	0.0225      	0.3855      
4           	900         	25          	0.8657      	-0.04978    	0.3104      
4           	1000        	24          	0.8689      	-0.03598    	0.282       
4           	1100        	32          	0.8569      	-0.01827    	0.2389      
4           	1200        	25          	0.8481      	-0.04791    	0.235       
4           	1300        	24          	0.8377      	0.001172    	0.2046      
4           	1400        	18          	0.8359      	0.00102     	0.1883      
4           	1500        	24          	0.8366      	-0.01971    	0.2251      
4           	1600        	21          	0.8282      	-0.01774    	0.1925      
4           	1700        	19          	0.82        	-0.07347    	0.152       
4           	1800        	18          	0.8071      	-0.02907    	0.1511      
4           	1900        	19          	0.8005      	-0.0346     	0.1537      
4           	2000        	16          	0.7832      	-0.06564    	0.1336      
4           	2100        	27          	0.7617      	-0.1003     	0.1496      
4           	2200        	26          	0.7876      	-0.1099     	0.1701      
4           	2300        	16          	0.7885      	-0.123      	0.1256      
4           	2400        	15          	0.776       	-0.048      	0.1476      
4           	2500        	21          	0.7489      	-0.02454    	0.1656      
4           	2600        	23          	0.7489      	-0.03093    	0.1633      
4           	2700        	20          	0.6833      	-0.03951    	0.1599      
4           	2800        	21          	0.6579      	-0.08584    	0.1212      
4           	2900        	17          	0.6702      	-0.07115    	0.1128      
4           	3000        	20          	0.6712      	-0.05993    	0.1185      
4           	3100        	19          	0.6315      	-0.1106     	0.109       
4           	3200        	16          	0.642       	-0.1239     	0.1026      
4           	3300        	19          	0.6233      	-0.1591     	0.121       
4           	3400        	22          	0.6852      	-0.08683    	0.1244      
4           	3500        	16          	0.6622      	-0.1046     	0.09492     
4           	3600        	18          	0.676       	-0.08751    	0.1201      
4           	3700        	18          	0.6478      	-0.01277    	0.1297      
4           	3800        	20          	0.6514      	-0.07837    	0.1119      
4           	3900        	16          	0.6486      	-0.03387    	0.119       
4           	4000        	17          	0.645       	-0.04572    	0.1088      
4           	4100        	16          	0.6301      	-0.06149    	0.1052      
4           	4200        	18          	0.6385      	-0.02216    	0.1175      
4           	4300        	16          	0.6528      	-0.0425     	0.1237      
4           	4400        	21          	0.6196      	-0.0842     	0.1225      
4           	4500        	23          	0.6699      	-0.05643    	0.1153      
4           	4600        	18          	0.6436      	-0.06094    	0.08762     
4           	4700        	21          	0.6301      	-0.06516    	0.09101     
4           	4800        	19          	0.6104      	-0.06475    	0.06404     
4           	4900        	15          	0.5996      	-0.06408    	0.07555     
4           	5000        	16          	0.5902      	-0.05872    	0.06257     
5           	1           	255         	0.9961      	0.1394      	96          
5           	100         	64          	0.9624      	0.1803      	1.681       
5           	200         	39          	0.9382      	-0.01371    	0.7882      
5           	300         	34          	0.9182      	0.004413    	0.5083      
5           	400         	30          	0.9129      	-0.0003024  	0.4003      
5           	500         	30          	0.8909      	0.1052      	0.3291      
5           	600         	23          	0.8645      	0.05497     	0.2353      
5           	700         	28          	0.8447      	0.03512     	0.191       
5           	800         	29          	0.8343      	0.03981     	0.1774      
5           	900         	25          	0.8617      	0.009137    	0.2023      
5           	1000        	28          	0.8348      	0.02974     	0.1558      
5           	1100        	18          	0.8336      	-0.02403    	0.1163      
5           	1200        	25          	0.8043      	0.01155     	0.1145      
5           	1300        	22          	0.8266      	0.02213     	0.1392      
5           	1400        	20          	0.8059      	0.0216      	0.1219      
5           	1500        	25          	0.7715      	-0.01703    	0.1701      
5           	1600        	22          	0.712       	-0.01337    	0.1162      
5           	1700        	22          	0.6797      	-0.01527    	0.1028      
5           	1800        	22          	0.6521      	0.02955     	0.09802     
5           	1900        	21          	0.6002      	0.001398    	0.1002      
5           	2000        	26          	0.6143      	0.002646    	0.1067      
5           	2100        	18          	0.6351      	0.03576     	0.08596     
5           	2200        	23          	0.593       	0.05167     	0.1131      
5           	2300        	22          	0.583       	0.0512      	0.0939      
5           	2400        	19          	0.536       	0.02755     	0.04865     
5           	2500        	21          	0.4561      	0.04102     	0.0555      
5           	2600        	18          	0.4314      	0.03666     	0.03753     
5           	2700        	20          	0.4974      	0.04789     	0.04864     
5           	2800        	18          	0.5195      	0.0485      	0.04989     
5           	2900        	20          	0.4669      	0.0261      	0.05309     
5           	3000        	19          	0.4496      	0.03175     	0.07377     
5           	3100        	19          	0.4882      	0.02525     	0.05773     
5           	3200        	16          	0.4498      	-0.00531    	0.07358     
5           	3300        	23          	0.4741      	-0.01488    	0.07988     
5           	3400        	25          	0.5205      	-0.001928   	0.07462     
5           	3500        	18          	0.5138      	-0.007975   	0.0947      
5           	3600        	20          	0.5161      	-0.04889    	0.08343     
5           	3700        	17          	0.4653      	-0.04781    	0.05951     
5           	3800        	25          	0.5041      	-0.004961   	0.09571     
5           	3900        	18          	0.4727      	0.003487    	0.04706     
5           	4000        	19          	0.497       	0.005839    	0.03627     
5           	4100        	15          	0.4745      	-0.007606   	0.03336     
5           	4200        	15          	0.4592      	-0.0291     	0.05591     
5           	4300        	22          	0.4641      	-0.0167     	0.04812     
5           	4400        	23          	0.4902      	-0.003335   	0.07277     
5           	4500        	16          	0.4291      	-0.008135   	0.0286      
5           	4600        	12          	0.4095      	0.0294      	0.01773     
5           	4700        	16          	0.4558      	0.04585     	0.02084     
5           	4800        	22          	0.4567      	0.03229     	0.07145     
5           	4900        	16          	0.4453      	0.03659     	0.06172     
5           	5000        	19          	0.468       	0.06554     	0.037       
6           	1           	255         	0.9961      	-0.1046     	97.51       
6           	100         	62          	0.9639      	-0.1536     	2.032       
6           	200         	44          	0.9381      	-0.162      	0.9244      
6           	300         	37          	0.927       	-0.1322     	0.5925      
6           	400         	33          	0.9124      	-0.009515   	0.5085      
6           	500         	28          	0.8943      	0.06705     	0.3869      
6           	600         	35          	0.8763      	-0.01906    	0.2854      
6           	700         	28          	0.8431      	0.008145    	0.2398      
6           	800         	29          	0.8318      	-0.01009    	0.2055      
6           	900         	25          	0.8119      	0.05529     	0.1844      
6           	1000        	25          	0.8168      	0.03588     	0.2056      
6           	1100        	25          	0.8116      	0.1204      	0.1744      
6           	1200        	20          	0.8162      	0.09439     	0.1719      
6           	1300        	22          	0.8134      	0.0408      	0.1933      
6           	1400        	23          	0.8151      	0.04067     	0.1774      
6           	1500        	21          	0.7896      	0.03034     	0.178       
6           	1600        	28          	0.8129      	-0.005263   	0.2146      
6           	1700        	18          	0.8112      	0.01971     	0.1674      
6           	1800        	15          	0.8208      	-0.02696    	0.1598      
6           	1900        	24          	0.8081      	-0.01506    	0.1521      
6           	2000        	22          	0.7983      	-0.002844   	0.1395      
6           	2100        	25          	0.806       	0.02315     	0.1305      
6           	2200        	16          	0.803       	0.08382     	0.125       
6           	2300        	16          	0.793       	0.05838     	0.123       
6           	2400        	18          	0.7984      	0.05807     	0.1368      
6           	2500        	13          	0.7809      	0.07501     	0.1243      
6           	2600        	21          	0.7813      	0.08396     	0.1417      
6           	2700        	26          	0.7844      	0.1264      	0.1431      
6           	2800        	20          	0.7807      	0.1165      	0.1268      
6           	2900        	20          	0.7747      	0.06722     	0.1198      
6           	3000        	22          	0.776       	0.02196     	0.1421      
6           	3100        	20          	0.7726      	0.05003     	0.1505      
6           	3200        	20          	0.7604      	0.01205     	0.1362      
6           	3300        	16          	0.7667      	0.05875     	0.1439      
6           	3400        	17          	0.7691      	0.04593     	0.1199      
6           	3500        	19          	0.7614      	0.07376     	0.1413      
6           	3600        	21          	0.7655      	0.06866     	0.1312      
6           	3700        	14          	0.7668      	0.07597     	0.1221      
6           	3800        	18          	0.7768      	0.07687     	0.1412      
6           	3900        	19          	0.7872      	0.01399     	0.1625      
6           	4000        	21          	0.7776      	0.04541     	0.1387      
6           	4100        	21          	0.767       	0.02062     	0.1435      
6           	4200        	24          	0.7553      	0.07341     	0.1495      
6           	4300        	22          	0.7573      	0.08329     	0.1396      
6           	4400        	20          	0.7434      	0.04496     	0.1383      
6           	4500        	23          	0.7508      	0.08384     	0.126       
6           	4600        	14          	0.7615      	0.05239     	0.1182      
6           	4700        	14          	0.7726      	0.08852     	0.1367      
6           	4800        	18          	0.7805      	0.09532     	0.1168      
6           	4900        	14          	0.7791      	0.1395      	0.09792     
6           	5000        	15          	0.7741      	0.121       	0.09412     
7           	1           	255         	0.9961      	-0.1596     	98.22       
7           	100         	65          	0.9678      	-0.006765   	2.31        
7           	200         	46          	0.9516      	0.1286      	1.152       
7           	300         	38          	0.9406      	0.1813      	0.8572      
7           	400         	34          	0.9273      	0.1823      	0.5312      
7           	500         	29          	0.9132      	0.2957      	0.3714      
7           	600         	30          	0.8999      	0.3309      	0.3246      
7           	700         	28          	0.8939      	0.293       	0.2948      
7           	800         	28          	0.8882      	0.3342      	0.2389      
7           	900         	21          	0.878       	0.2943      	0.2203      
7           	1000        	25          	0.8649      	0.2291      	0.2582      
7           	1100        	24          	0.8516      	0.2197      	0.1904      
7           	1200        	27          	0.8545      	0.2157      	0.2068      
7           	1300        	23          	0.8525      	0.2196      	0.2022      
7           	1400        	18          	0.8353      	0.211       	0.189       
7           	1500        	17          	0.8277      	0.1964      	0.1692      
7           	1600        	20          	0.8171      	0.2028      	0.174       
7           	1700        	19          	0.819       	0.1992      	0.1455      
7           	1800        	19          	0.8047      	0.1601      	0.137       
7           	1900        	21          	0.7978      	0.1009      	0.1575      
7           	2000        	19          	0.7888      	0.05203     	0.132       
7           	2100        	18          	0.7904      	0.04578     	0.1601      
7           	2200        	19          	0.7723      	0.01174     	0.1393      
7           	2300        	24          	0.7953      	-0.02278    	0.155       
7           	2400        	16          	0.7795      	-0.0345     	0.1304      
7           	2500        	20          	0.7854      	-0.03244    	0.131       
7           	2600        	20          	0.7909      	-0.07573    	0.1519      
7           	2700        	18          	0.7943      	-0.1027     	0.1483      
7           	2800        	23          	0.804       	-0.09808    	0.1453      
7           	2900        	21          	0.8025      	-0.0636     	0.1319      
7           	3000        	19          	0.8082      	-0.05469    	0.155       
7           	3100        	24          	0.7946      	-0.05133    	0.1856      
7           	3200        	18          	0.7844      	-0.0428     	0.1399      
7           	3300        	18          	0.7684      	-0.02174    	0.1354      
7           	3400        	20          	0.7606      	-0.009506   	0.09386     
7           	3500        	19          	0.7587      	0.02783     	0.1188      
7           	3600        	19          	0.7676      	-0.01521    	0.08252     
7           	3700        	17          	0.7575      	-0.05009    	0.07621     
7           	3800        	12          	0.7485      	-0.01386    	0.07013     
7           	3900        	21          	0.7426      	-0.01639    	0.08132     
7           	4000        	16          	0.7335      	-0.003893   	0.07443     
7           	4100        	20          	0.7165      	-0.0218     	0.07323     
7           	4200        	18          	0.7231      	-0.002211   	0.078       
7           	4300        	13          	0.7321      	-0.004696   	0.05301     
7           	4400        	15          	0.718       	-0.0208     	0.05628     
7           	4500        	15          	0.7233      	-0.04437    	0.1058      
7           	4600        	16          	0.7173      	-0.0629     	0.09438     
7           	4700        	17          	0.6812      	-0.04439    	0.04739     
7           	4800        	14          	0.6841      	-0.02044    	0.05588     
7           	4900        	15          	0.6789      	-0.01624    	0.05119     
7           	5000        	19          	0.6807      	-0.009005   	0.04466     
8           	1           	255         	0.9961      	-0.1115     	96.93       
8           	100         	62          	0.9658      	-0.0915     	2.113       
8           	200         	44          	0.9497      	0.1441      	1.038       
8           	300         	37          	0.9355      	0.01455     	0.6783      
8           	400         	39          	0.9134      	-0.05587    	0.4594      
8           	500         	33          	0.8937      	-0.01402    	0.3683      
8           	600         	26          	0.8913      	0.08497     	0.3329      
8           	700         	24          	0.8552      	0.09904     	0.2438      
8           	800         	28          	0.8454      	0.09082     	0.2302      
8           	900         	22          	0.8478      	0.1252      	0.2514      
8           	1000        	25          	0.8318      	0.112       	0.2617      
8           	1100        	27          	0.8283      	0.07113     	0.1977      
8           	1200        	25          	0.8275      	0.07996     	0.1705      
8           	1300        	22          	0.8192      	0.04703     	0.1739      
8           	1400        	19          	0.8071      	0.04375     	0.1858      
8           	1500        	20          	0.8083      	0.05896     	0.1677      
8           	1600        	24          	0.7962      	0.05841     	0.1587      
8           	1700        	19          	0.7935      	0.07095     	0.1232      
8           	1800        	18          	0.7849      	0.07052     	0.1126      
8           	1900        	22          	0.7855      	0.04011     	0.1234      
8           	2000        	22          	0.7711      	0.04868     	0.1132      
8           	2100        	20          	0.7428      	0.05696     	0.08741     
8           	2200        	20          	0.7705      	0.02309     	0.09287     
8           	2300        	23          	0.7733      	-0.0009449  	0.1408      
8           	2400        	24          	0.779       	-0.04485    	0.1214      
8           	2500        	20          	0.7813      	-0.01902    	0.1237      
8           	2600        	18          	0.7639      	-0.03134    	0.09009     
8           	2700        	26          	0.7233      	0.002202    	0.08757     
8           	2800        	20          	0.6958      	0.03342     	0.06043     
8           	2900        	22          	0.6774      	0.02074     	0.07844     
8           	3000        	14          	0.6537      	0.02112     	0.04653     
8           	3100        	21          	0.6608      	0.02206     	0.1231      
8           	3200        	20          	0.7014      	0.001597    	0.08479     
8           	3300        	18          	0.6958      	0.0001039   	0.06283     
8           	3400        	17          	0.6896      	-0.02087    	0.06388     
8           	3500        	16          	0.668       	-0.04655    	0.06246     
8           	3600        	19          	0.6605      	-0.009921   	0.04836     
8           	3700        	13          	0.6669      	0.03263     	0.05821     
8           	3800        	20          	0.6743      	-0.01431    	0.07428     
8           	3900        	18          	0.6769      	-0.01912    	0.03164     
8           	4000        	21          	0.6475      	0.002088    	0.06846     
8           	4100        	23          	0.6294      	-0.008362   	0.04569     
8           	4200        	19          	0.5622      	-0.01744    	0.03867     
8           	4300        	17          	0.5012      	-0.01594    	0.05312     
8           	4400        	17          	0.5184      	-0.03624    	0.03181     
8           	4500        	18          	0.4588      	-0.02785    	0.02648     
8           	4600        	16          	0.4841      	-0.04683    	0.034       
8           	4700        	20          	0.5262      	-0.04905    	0.02594     
8           	4800        	22          	0.5137      	-0.03419    	0.02656     
8           	4900        	16          	0.5074      	-0.02703    	0.03269     
8           	5000        	14          	0.4828      	-0.03079    	0.01294     
9           	1           	255         	0.9961      	-0.007654   	97.75       
9           	100         	61          	0.9662      	0.02518     	1.948       
9           	200         	48          	0.953       	-0.08059    	1.152       
9           	300         	39          	0.9362      	-0.1089     	0.7976      
9           	400         	35          	0.9131      	-0.08377    	0.659       
9           	500         	34          	0.8986      	-0.04326    	0.5582      
9           	600         	31          	0.8729      	-0.1345     	0.4325      
9           	700         	24          	0.8559      	-0.139      	0.376       
9           	800         	35          	0.8535      	-0.1599     	0.3537      
9           	900         	28          	0.8599      	-0.173      	0.2683      
9           	1000        	29          	0.8582      	-0.04859    	0.2565      
9           	1100        	30          	0.8228      	-0.09363    	0.2079      
9           	1200        	27          	0.8159      	-0.05732    	0.2297      
9           	1300        	27          	0.8279      	-0.04411    	0.2375      
9           	1400        	24          	0.8385      	0.06108     	0.2091      
9           	1500        	25          	0.8374      	0.02041     	0.1617      
9           	1600        	24          	0.8319      	0.0301      	0.1837      
9           	1700        	24          	0.8277      	0.01898     	0.1443      
9           	1800        	20          	0.8161      	0.01862     	0.1145      
9           	1900        	23          	0.7991      	0.004677    	0.1054      
9           	2000        	19          	0.8029      	-0.01397    	0.0926      
9           	2100        	23          	0.7992      	-0.0006331  	0.1237      
9           	2200        	21          	0.7931      	-0.00394    	0.1047      
9           	2300        	21          	0.7872      	-0.0001512  	0.1074      
9           	2400        	19          	0.7877      	0.004847    	0.08504     
9           	2500        	23          	0.7655      	0.02316     	0.09448     
9           	2600        	15          	0.7637      	0.03642     	0.07946     
9           	2700        	24          	0.7601      	0.01038     	0.1297      
9           	2800        	24          	0.7577      	0.0232      	0.1031      
9           	2900        	18          	0.7152      	-5.669e-05  	0.0867      
9           	3000        	20          	0.6968      	0.03847     	0.05582     
9           	3100        	19          	0.6813      	0.04161     	0.05416     
9           	3200        	20          	0.6855      	0.03081     	0.07281     
9           	3300        	16          	0.6688      	0.05633     	0.0393      
9           	3400        	17          	0.6826      	0.06894     	0.03804     
9           	3500        	13          	0.6971      	0.0462      	0.0461      
9           	3600        	16          	0.7051      	0.04958     	0.04146     
9           	3700        	22          	0.6931      	0.04476     	0.09425     
9           	3800        	16          	0.6662      	0.02781     	0.07438     
9           	3900        	19          	0.6729      	0.01981     	0.04798     
9           	4000        	20          	0.6877      	-0.00548    	0.06271     
9           	4100        	16          	0.6843      	-0.01771    	0.06263     
9           	4200        	23          	0.6971      	-0.04589    	0.1054      
9           	4300        	22          	0.7029      	-0.06597    	0.1026      
9           	4400        	18          	0.6851      	-0.1283     	0.1051      
9           	4500        	22          	0.6765      	-0.09144    	0.08764     
9           	4600        	20          	0.6512      	-0.03204    	0.0683      
9           	4700        	16          	0.6334      	-0.01358    	0.06118     
9           	4800        	16          	0.6288      	0.01158     	0.05777     
9           	4900        	19          	0.639       	0.004328    	0.05474     
9           	5000        	16          	0.6054      	0.01155     	0.04851     
10          	1           	255         	0.9961      	-0.2084     	95.55       
10          	100         	69          	0.9674      	0.03332     	2.04        
10          	200         	46          	0.9523      	0.04341     	1.072       
10          	300         	36          	0.9393      	0.1546      	0.7939      
10          	400         	32          	0.9337      	0.06311     	0.6508      
10          	500         	34          	0.9186      	0.09832     	0.5789      
10          	600         	32          	0.9085      	0.1629      	0.4853      
10          	700         	27          	0.9045      	0.1543      	0.4138      
10          	800         	28          	0.8977      	0.1487      	0.3614      
10          	900         	29          	0.8864      	0.1256      	0.3005      
10          	1000        	27          	0.8732      	0.04848     	0.2967      
10          	1100        	21          	0.8572      	-0.002816   	0.2342      
10          	1200        	24          	0.8365      	0.01805     	0.1971      
10          	1300        	22          	0.8201      	-0.03511    	0.1618      
10          	1400        	20          	0.7995      	-0.03669    	0.1459      
10          	1500        	22          	0.7885      	-0.04066    	0.1145      
10          	1600        	18          	0.7901      	0.02256     	0.1193      
10          	1700        	23          	0.7825      	-0.003468   	0.1536      
10          	1800        	21          	0.7687      	-0.02957    	0.118       
10          	1900        	20          	0.7701      	-0.02265    	0.117       
10          	2000        	17          	0.7782      	-0.001871   	0.1556      
10          	2100        	23          	0.7834      	0.01209     	0.1353      
10          	2200        	16          	0.7889      	0.04205     	0.1236      
10          	2300        	20          	0.7859      	0.04161     	0.1419      
10          	2400        	15          	0.7859      	0.02193     	0.1249      
10          	2500        	17          	0.801       	0.04608     	0.1252      
10          	2600        	18          	0.7923      	0.1002      	0.1326      
10          	2700        	19          	0.7759      	0.05874     	0.1438      
10          	2800        	17          	0.7745      	0.03114     	0.1579      
10          	2900        	16          	0.7679      	0.02724     	0.1422      
10          	3000        	18          	0.7687      	0.002164    	0.1514      
10          	3100        	14          	0.7616      	-0.0479     	0.1358      
10          	3200        	21          	0.7553      	-0.07231    	0.1324      
10          	3300        	19          	0.7523      	-0.04313    	0.1609      
10          	3400        	20          	0.7402      	-0.1031     	0.1593      
10          	3500        	18          	0.74        	-0.1143     	0.1541      
10          	3600        	18          	0.7383      	-0.1581     	0.1685      
10          	3700        	21          	0.7373      	-0.1518     	0.1685      
10          	3800        	19          	0.7355      	-0.1196     	0.1405      
10          	3900        	15          	0.7277      	-0.1497     	0.1301      
10          	4000        	18          	0.7404      	-0.132      	0.1682      
10          	4100        	22          	0.7387      	-0.1605     	0.1735      
10          	4200        	23          	0.7336      	-0.1449     	0.1997      
10          	4300        	20          	0.7273      	-0.1001     	0.1463      
10          	4400        	24          	0.7352      	-0.07979    	0.1766      
10          	4500        	22          	0.7205      	-0.07969    	0.129       
10          	4600        	22          	0.6955      	-0.09252    	0.1257      
10          	4700        	15          	0.6793      	-0.109      	0.1098      
10          	4800        	17          	0.7074      	-0.1132     	0.1292      
10          	4900        	16          	0.6916      	-0.08284    	0.1176      
10          	5000        	12          	0.699       	-0.08442    	0.1034      
