replicate   	generation  	q.adlt.nbAll	q.adlt.hs   	q.meanG     	q.varG      
1           	1           	152         	0.9866      	-0.006454   	7.931       
1           	100         	57          	0.9661      	-0.01587    	1.596       
1           	200         	47          	0.9468      	-0.09747    	0.82        
1           	300         	40          	0.938       	-0.1315     	0.5547      
1           	400         	31          	0.9248      	-0.0153     	0.405       
1           	500         	31          	0.9241      	-0.06978    	0.3923      
1           	600         	27          	0.9164      	-0.02401    	0.3721      
1           	700         	29          	0.9193      	0.01432     	0.3765      
1           	800         	26          	0.9103      	0.01329     	0.2692      
1           	900         	27          	0.9049      	0.1374      	0.246       
1           	1000        	26          	0.9005      	0.06183     	0.2134      
1           	1100        	30          	0.8978      	0.1045      	0.2269      
1           	1200        	26          	0.8847      	0.09926     	0.1695      
1           	1300        	23          	0.8765      	0.126       	0.1721      
1           	1400        	19          	0.8767      	0.08603     	0.1457      
1           	1500        	20          	0.8759      	0.05142     	0.1804      
1           	1600        	23          	0.8782      	0.07879     	0.1773      
1           	1700        	19          	0.8721      	0.08676     	0.1449      
1           	1800        	22          	0.8708      	0.0595      	0.1931      
1           	1900        	26          	0.8463      	0.1707      	0.1558      
1           	2000        	20          	0.8329      	0.1756      	0.1389      
1           	2100        	19          	0.8261      	0.2035      	0.1065      
1           	2200        	24          	0.8235      	0.186       	0.1235      
1           	2300        	25          	0.8105      	0.1673      	0.1247      
1           	2400        	20          	0.814       	0.1477      	0.1174      
1           	2500        	20          	0.8388      	0.1002      	0.1195      
1           	2600        	16          	0.8417      	0.07211     	0.1163      
1           	2700        	20          	0.8266      	0.117       	0.123       
1           	2800        	19          	0.8265      	0.1235      	0.1146      
1           	2900        	19          	0.8094      	0.1644      	0.1012      
1           	3000        	21          	0.8064      	0.1154      	0.09226     
1           	3100        	24          	0.8164      	0.1045      	0.1728      
1           	3200        	19          	0.8142      	0.0883      	0.1063      
1           	3300        	21          	0.8225      	0.06783     	0.122       
1           	3400        	17          	0.8108      	0.04055     	0.1265      
1           	3500        	18          	0.805       	0.0306      	0.0996      
1           	3600        	23          	0.7939      	-0.01296    	0.1061      
1           	3700        	25          	0.778       	0.03375     	0.1608      
1           	3800        	25          	0.7508      	0.05021     	0.1123      
1           	3900        	25          	0.7403      	0.06684     	0.09167     
1           	4000        	24          	0.7504      	0.05595     	0.07913     
1           	4100        	16          	0.7469      	0.07477     	0.07016     
1           	4200        	13          	0.706       	0.1056      	0.05816     
1           	4300        	16          	0.7285      	0.07815     	0.06824     
1           	4400        	20          	0.7559      	0.04824     	0.108       
1           	4500        	14          	0.7485      	0.07744     	0.08686     
1           	4600        	19          	0.753       	0.05477     	0.1479      
1           	4700        	18          	0.7507      	0.0496      	0.1239      
1           	4800        	16          	0.7158      	0.07067     	0.06258     
1           	4900        	22          	0.7424      	0.07295     	0.07772     
1           	5000        	20          	0.7726      	0.07092     	0.1085      
2           	1           	157         	0.9867      	-0.02114    	7.983       
2           	100         	59          	0.965       	-0.06625    	1.726       
2           	200         	45          	0.9437      	-0.06517    	0.9526      
2           	300         	37          	0.9306      	-0.04814    	0.6923      
2           	400         	36          	0.9086      	-0.04106    	0.4744      
2           	500         	27          	0.8922      	-0.0822     	0.3496      
2           	600         	28          	0.8722      	-0.03742    	0.2791      
2           	700         	30          	0.858       	-0.1072     	0.2577      
2           	800         	27          	0.8434      	-0.0986     	0.1927      
2           	900         	24          	0.8574      	-0.03679    	0.193       
2           	1000        	23          	0.86        	0.004734    	0.2253      
2           	1100        	22          	0.8519      	-0.02767    	0.1929      
2           	1200        	21          	0.8196      	-0.07337    	0.1696      
2           	1300        	24          	0.8141      	-0.06334    	0.2121      
2           	1400        	32          	0.8022      	-0.138      	0.18        
2           	1500        	23          	0.8129      	-0.07591    	0.2164      
2           	1600        	23          	0.8079      	-0.08846    	0.163       
2           	1700        	21          	0.7873      	-0.07804    	0.1158      
2           	1800        	18          	0.7785      	-0.1203     	0.1156      
2           	1900        	18          	0.7927      	-0.1492     	0.1107      
2           	2000        	18          	0.8069      	-0.1007     	0.1445      
2           	2100        	17          	0.7923      	-0.144      	0.1199      
2           	2200        	19          	0.7807      	-0.1448     	0.09905     
2           	2300        	27          	0.7854      	-0.174      	0.1458      
2           	2400        	17          	0.8079      	-0.1578     	0.1099      
2           	2500        	20          	0.7963      	-0.1285     	0.1107      
2           	2600        	14          	0.7917      	-0.1211     	0.1         
2           	2700        	20          	0.7972      	-0.1675     	0.117       
2           	2800        	20          	0.7825      	-0.1906     	0.139       
2           	2900        	15          	0.7787      	-0.1779     	0.1052      
2           	3000        	20          	0.7655      	-0.2225     	0.0854      
2           	3100        	17          	0.7459      	-0.2221     	0.08643     
2           	3200        	19          	0.7268      	-0.2264     	0.0919      
2           	3300        	23          	0.7519      	-0.2166     	0.1082      
2           	3400        	21          	0.7371      	-0.2168     	0.08796     
2           	3500        	24          	0.7533      	-0.1679     	0.1428      
2           	3600        	20          	0.7694      	-0.06211    	0.1446      
2           	3700        	25          	0.7946      	-0.04162    	0.1324      
2           	3800        	19          	0.782       	-0.07316    	0.1004      
2           	3900        	22          	0.7635      	-0.1279     	0.09797     
2           	4000        	18          	0.7666      	-0.1133     	0.1098      
2           	4100        	17          	0.764       	-0.09574    	0.07889     
2           	4200        	19          	0.7298      	-0.1369     	0.06664     
2           	4300        	18          	0.7226      	-0.111      	0.09988     
2           	4400        	19          	0.7297      	-0.1132     	0.07988     
2           	4500        	22          	0.7391      	-0.1055     	0.08137     
2           	4600        	17          	0.7576      	-0.09866    	0.0964      
2           	4700        	20          	0.7504      	-0.09537    	0.1099      
2           	4800        	20          	0.7258      	-0.104      	0.09458     
2           	4900        	16          	0.7317      	-0.1065     	0.08271     
2           	5000        	13          	0.7547      	-0.06969    	0.111       
3           	1           	149         	0.9868      	-0.02419    	7.979       
3           	100         	60          	0.9654      	0.07677     	1.773       
3           	200         	41          	0.9478      	0.1613      	0.9119      
3           	300         	37          	0.9402      	0.1103      	0.7239      
3           	400         	34          	0.9281      	0.02867     	0.5704      
3           	500         	33          	0.9154      	-0.05299    	0.4483      
3           	600         	26          	0.9104      	-0.01598    	0.3589      
3           	700         	24          	0.8883      	0.08279     	0.2824      
3           	800         	26          	0.8811      	0.133       	0.2565      
3           	900         	25          	0.8598      	0.1868      	0.2227      
3           	1000        	21          	0.8576      	0.1739      	0.2229      
3           	1100        	29          	0.8541      	0.2011      	0.1974      
3           	1200        	26          	0.8535      	0.1974      	0.2169      
3           	1300        	20          	0.8592      	0.2041      	0.1535      
3           	1400        	20          	0.8476      	0.1922      	0.1487      
3           	1500        	24          	0.848       	0.1302      	0.14        
3           	1600        	15          	0.8567      	0.1594      	0.1378      
3           	1700        	24          	0.8554      	0.1651      	0.1874      
3           	1800        	19          	0.8446      	0.156       	0.1565      
3           	1900        	27          	0.8391      	0.1014      	0.1627      
3           	2000        	22          	0.8126      	0.1024      	0.1414      
3           	2100        	21          	0.8142      	0.1048      	0.1265      
3           	2200        	21          	0.8073      	0.126       	0.132       
3           	2300        	22          	0.8165      	0.1496      	0.1482      
3           	2400        	23          	0.8334      	0.1218      	0.1447      
3           	2500        	23          	0.7912      	0.1038      	0.1329      
3           	2600        	26          	0.7859      	0.04032     	0.1329      
3           	2700        	13          	0.7799      	0.06236     	0.1123      
3           	2800        	22          	0.7743      	0.116       	0.1299      
3           	2900        	22          	0.7696      	0.07351     	0.1408      
3           	3000        	19          	0.7564      	0.08962     	0.1243      
3           	3100        	20          	0.7409      	0.05657     	0.1144      
3           	3200        	23          	0.7437      	0.05075     	0.1283      
3           	3300        	22          	0.7308      	0.001068    	0.1294      
3           	3400        	22          	0.7547      	0.02049     	0.1319      
3           	3500        	26          	0.7497      	-0.00189    	0.1356      
3           	3600        	19          	0.7394      	0.02551     	0.1194      
3           	3700        	17          	0.7351      	-0.00172    	0.09384     
3           	3800        	18          	0.7179      	-0.03849    	0.08855     
3           	3900        	16          	0.729       	-0.04364    	0.07604     
3           	4000        	16          	0.7595      	-0.03116    	0.07143     
3           	4100        	19          	0.7815      	-0.04083    	0.09432     
3           	4200        	20          	0.7944      	-0.03149    	0.1012      
3           	4300        	23          	0.8067      	0.0008315   	0.09695     
3           	4400        	21          	0.7813      	-0.01664    	0.0751      
3           	4500        	17          	0.7913      	-0.004101   	0.0649      
3           	4600        	17          	0.7801      	0.01875     	0.06951     
3           	4700        	21          	0.7702      	0.03581     	0.07739     
3           	4800        	15          	0.7475      	0.06004     	0.05303     
3           	4900        	20          	0.7552      	0.05483     	0.08364     
3           	5000        	17          	0.7461      	0.06378     	0.05217     
4           	1           	150         	0.9866      	-0.0167     	7.776       
4           	100         	60          	0.9652      	0.02172     	1.834       
4           	200         	48          	0.9538      	-0.1169     	1.075       
4           	300         	37          	0.9436      	-0.09898    	0.7615      
4           	400         	36          	0.9355      	-0.02838    	0.6416      
4           	500         	34          	0.9329      	-0.09509    	0.5439      
4           	600         	26          	0.9263      	-0.1341     	0.449       
4           	700         	27          	0.9094      	-0.02612    	0.3355      
4           	800         	30          	0.9007      	-0.01467    	0.3467      
4           	900         	26          	0.8929      	-0.02067    	0.3086      
4           	1000        	22          	0.8724      	-0.03194    	0.3188      
4           	1100        	25          	0.8415      	-0.03878    	0.2501      
4           	1200        	25          	0.8149      	0.02735     	0.1969      
4           	1300        	27          	0.8092      	0.09345     	0.2061      
4           	1400        	20          	0.786       	0.1168      	0.1446      
4           	1500        	20          	0.7922      	0.09946     	0.1454      
4           	1600        	20          	0.7895      	0.05177     	0.1139      
4           	1700        	20          	0.7904      	0.02712     	0.1176      
4           	1800        	20          	0.7848      	0.004403    	0.1074      
4           	1900        	19          	0.7948      	0.02638     	0.1097      
4           	2000        	24          	0.801       	0.03348     	0.1196      
4           	2100        	20          	0.8118      	0.03755     	0.09785     
4           	2200        	21          	0.823       	0.02088     	0.1131      
4           	2300        	17          	0.8195      	0.0005291   	0.09588     
4           	2400        	17          	0.8277      	0.01311     	0.09369     
4           	2500        	19          	0.8175      	0.002372    	0.09659     
4           	2600        	20          	0.8176      	-0.02881    	0.1142      
4           	2700        	18          	0.8116      	-0.01711    	0.09361     
4           	2800        	20          	0.8151      	0.01199     	0.09074     
4           	2900        	17          	0.8024      	0.0004157   	0.06696     
4           	3000        	21          	0.7713      	-0.04132    	0.07186     
4           	3100        	22          	0.7662      	0.008249    	0.09568     
4           	3200        	21          	0.7631      	-0.04268    	0.06225     
4           	3300        	18          	0.7481      	-0.01343    	0.07979     
4           	3400        	14          	0.7229      	-0.02316    	0.07038     
4           	3500        	21          	0.6716      	-0.01009    	0.06143     
4           	3600        	16          	0.6332      	-0.0306     	0.06959     
4           	3700        	17          	0.6649      	0.01433     	0.06389     
4           	3800        	14          	0.7004      	0.04964     	0.05618     
4           	3900        	18          	0.7024      	0.04516     	0.0808      
4           	4000        	19          	0.6589      	0.01025     	0.07353     
4           	4100        	19          	0.6412      	-0.008976   	0.06662     
4           	4200        	19          	0.6411      	0.000189    	0.08367     
4           	4300        	17          	0.6802      	-0.03105    	0.07231     
4           	4400        	18          	0.7374      	-0.004233   	0.09876     
4           	4500        	22          	0.7247      	-0.007342   	0.06626     
4           	4600        	17          	0.7291      	0.01763     	0.07311     
4           	4700        	14          	0.7384      	0.04651     	0.06848     
4           	4800        	22          	0.7495      	0.03497     	0.07092     
4           	4900        	18          	0.7292      	0.01175     	0.08066     
4           	5000        	20          	0.7023      	0.007975    	0.0659      
5           	1           	145         	0.9867      	-0.009024   	7.944       
5           	100         	65          	0.9599      	0.1527      	1.557       
5           	200         	39          	0.9383      	0.1338      	0.8366      
5           	300         	35          	0.9276      	0.0815      	0.6374      
5           	400         	30          	0.9152      	-0.01191    	0.5103      
5           	500         	36          	0.904       	0.02246     	0.4731      
5           	600         	24          	0.8829      	0.08297     	0.3886      
5           	700         	26          	0.868       	0.06636     	0.3445      
5           	800         	24          	0.8457      	-0.04631    	0.2391      
5           	900         	28          	0.8572      	-0.06481    	0.2834      
5           	1000        	29          	0.853       	-0.1155     	0.3223      
5           	1100        	25          	0.8448      	-0.1294     	0.2625      
5           	1200        	23          	0.842       	-0.09531    	0.2855      
5           	1300        	25          	0.8233      	-0.03439    	0.2606      
5           	1400        	27          	0.8086      	-0.08979    	0.2527      
5           	1500        	24          	0.795       	-0.1612     	0.2281      
5           	1600        	29          	0.8155      	-0.146      	0.2282      
5           	1700        	20          	0.817       	-0.1246     	0.2344      
5           	1800        	17          	0.7948      	-0.1723     	0.2065      
5           	1900        	22          	0.803       	-0.1034     	0.2077      
5           	2000        	22          	0.8028      	-0.1712     	0.2071      
5           	2100        	21          	0.7675      	-0.1042     	0.1894      
5           	2200        	19          	0.7461      	-0.08067    	0.2063      
5           	2300        	20          	0.7091      	-0.1025     	0.2213      
5           	2400        	19          	0.6872      	-0.06784    	0.1791      
5           	2500        	21          	0.6834      	-0.08616    	0.1788      
5           	2600        	19          	0.6841      	-0.004545   	0.1974      
5           	2700        	19          	0.6324      	0.05294     	0.1669      
5           	2800        	21          	0.665       	-0.00685    	0.1652      
5           	2900        	20          	0.6755      	0.02434     	0.157       
5           	3000        	18          	0.6648      	0.04669     	0.1428      
5           	3100        	18          	0.6804      	0.02066     	0.1652      
5           	3200        	20          	0.6731      	0.06278     	0.2057      
5           	3300        	19          	0.6373      	0.04843     	0.1588      
5           	3400        	17          	0.669       	0.04929     	0.1516      
5           	3500        	19          	0.6389      	0.06843     	0.1214      
5           	3600        	18          	0.6244      	0.06877     	0.1518      
5           	3700        	21          	0.6012      	0.0826      	0.1166      
5           	3800        	15          	0.5676      	0.1172      	0.09384     
5           	3900        	17          	0.6494      	0.04228     	0.1049      
5           	4000        	19          	0.6472      	0.0595      	0.1058      
5           	4100        	22          	0.6368      	0.0633      	0.1079      
5           	4200        	23          	0.62        	0.1177      	0.1304      
5           	4300        	19          	0.6414      	0.06093     	0.1423      
5           	4400        	24          	0.6464      	0.03234     	0.1441      
5           	4500        	21          	0.62        	0.06742     	0.14        
5           	4600        	18          	0.611       	0.07172     	0.1186      
5           	4700        	11          	0.6383      	0.07434     	0.09996     
5           	4800        	11          	0.64        	0.0856      	0.1091      
5           	4900        	16          	0.6256      	0.08318     	0.09752     
5           	5000        	23          	0.6607      	0.05325     	0.1282      
6           	1           	154         	0.9866      	0.05195     	7.853       
6           	100         	53          	0.9676      	-0.1361     	1.722       
6           	200         	44          	0.9491      	0.03748     	0.8989      
6           	300         	38          	0.9309      	0.1693      	0.6228      
6           	400         	35          	0.9147      	0.08615     	0.4514      
6           	500         	30          	0.9029      	0.09395     	0.3608      
6           	600         	31          	0.8958      	0.06986     	0.2943      
6           	700         	23          	0.8836      	0.02775     	0.2334      
6           	800         	24          	0.8791      	-0.03202    	0.2259      
6           	900         	24          	0.8723      	-0.01556    	0.2372      
6           	1000        	23          	0.8476      	0.03337     	0.2233      
6           	1100        	23          	0.835       	0.01662     	0.1842      
6           	1200        	23          	0.8426      	-0.07795    	0.1646      
6           	1300        	20          	0.8158      	-0.04944    	0.1386      
6           	1400        	18          	0.7775      	-0.03776    	0.1185      
6           	1500        	25          	0.7672      	-0.004554   	0.1292      
6           	1600        	30          	0.7463      	0.02894     	0.1313      
6           	1700        	19          	0.7208      	0.007134    	0.1104      
6           	1800        	23          	0.7025      	0.03468     	0.1127      
6           	1900        	18          	0.7084      	0.0352      	0.1271      
6           	2000        	20          	0.7482      	-0.05258    	0.1012      
6           	2100        	19          	0.7163      	-0.04052    	0.09254     
6           	2200        	17          	0.7006      	-0.05293    	0.08209     
6           	2300        	16          	0.6851      	-0.05601    	0.07558     
6           	2400        	19          	0.6854      	-0.03417    	0.08408     
6           	2500        	22          	0.6917      	-0.03392    	0.08718     
6           	2600        	21          	0.6979      	-0.02649    	0.1016      
6           	2700        	24          	0.7296      	-0.04461    	0.1272      
6           	2800        	22          	0.6847      	0.009099    	0.1078      
6           	2900        	18          	0.6552      	0.04295     	0.0846      
6           	3000        	22          	0.6222      	0.0316      	0.08613     
6           	3100        	23          	0.6334      	0.03392     	0.08734     
6           	3200        	16          	0.6531      	0.03295     	0.07978     
6           	3300        	18          	0.6821      	0.008126    	0.08219     
6           	3400        	24          	0.6834      	0.0001134   	0.07934     
6           	3500        	13          	0.6703      	0.02645     	0.06638     
6           	3600        	18          	0.6626      	0.04608     	0.08607     
6           	3700        	21          	0.6416      	0.06938     	0.07713     
6           	3800        	21          	0.6269      	0.108       	0.09415     
6           	3900        	16          	0.6573      	0.02083     	0.08053     
6           	4000        	15          	0.6276      	0.02165     	0.06918     
6           	4100        	18          	0.6087      	0.003392    	0.06289     
6           	4200        	21          	0.5906      	-0.00789    	0.08471     
6           	4300        	15          	0.5821      	-0.02835    	0.07231     
6           	4400        	19          	0.5587      	-0.05101    	0.1023      
6           	4500        	20          	0.5558      	-0.04193    	0.1067      
6           	4600        	17          	0.588       	-0.04348    	0.07132     
6           	4700        	19          	0.6221      	-0.06797    	0.1159      
6           	4800        	18          	0.5452      	-0.02243    	0.08454     
6           	4900        	14          	0.5889      	-0.03752    	0.063       
6           	5000        	21          	0.5949      	-0.03613    	0.07092     
7           	1           	152         	0.9866      	0.01184     	7.885       
7           	100         	57          	0.966       	0.04494     	1.686       
7           	200         	45          	0.9528      	-0.01174    	0.975       
7           	300         	38          	0.9364      	0.04681     	0.7701      
7           	400         	36          	0.91        	0.04422     	0.3866      
7           	500         	35          	0.9087      	0.02351     	0.3379      
7           	600         	32          	0.9008      	0.07409     	0.3249      
7           	700         	33          	0.9026      	0.0575      	0.305       
7           	800         	25          	0.8989      	0.0856      	0.288       
7           	900         	27          	0.8938      	-0.02271    	0.2577      
7           	1000        	24          	0.8785      	-0.03775    	0.1791      
7           	1100        	21          	0.8739      	-0.01831    	0.1586      
7           	1200        	24          	0.865       	-0.0273     	0.2048      
7           	1300        	24          	0.8523      	-0.01108    	0.1411      
7           	1400        	23          	0.8548      	-0.05146    	0.1417      
7           	1500        	22          	0.8536      	-0.01718    	0.1474      
7           	1600        	23          	0.8444      	-0.02588    	0.1532      
7           	1700        	23          	0.8383      	-0.04891    	0.1494      
7           	1800        	17          	0.8348      	-0.0246     	0.102       
7           	1900        	21          	0.8068      	-0.04012    	0.1063      
7           	2000        	19          	0.7949      	0.001039    	0.09418     
7           	2100        	22          	0.7602      	0.01533     	0.06256     
7           	2200        	24          	0.756       	0.06535     	0.0805      
7           	2300        	20          	0.7698      	0.0494      	0.08077     
7           	2400        	19          	0.772       	0.04421     	0.06322     
7           	2500        	17          	0.7779      	0.001616    	0.0809      
7           	2600        	21          	0.7585      	0.00857     	0.112       
7           	2700        	19          	0.7044      	0.04524     	0.08332     
7           	2800        	21          	0.6769      	0.05684     	0.07602     
7           	2900        	18          	0.7262      	0.07069     	0.08455     
7           	3000        	19          	0.7382      	0.113       	0.09641     
7           	3100        	16          	0.7555      	0.1102      	0.08693     
7           	3200        	18          	0.7689      	0.06966     	0.07449     
7           	3300        	15          	0.774       	0.09579     	0.05922     
7           	3400        	15          	0.7823      	0.08111     	0.05813     
7           	3500        	17          	0.7953      	0.04723     	0.0805      
7           	3600        	16          	0.7812      	0.01961     	0.0591      
7           	3700        	12          	0.7919      	0.01252     	0.04904     
7           	3800        	20          	0.7757      	-0.01053    	0.1026      
7           	3900        	17          	0.7729      	-0.01151    	0.05234     
7           	4000        	16          	0.755       	-0.03729    	0.06161     
7           	4100        	15          	0.7531      	-0.05736    	0.05898     
7           	4200        	18          	0.7514      	-0.01227    	0.06306     
7           	4300        	19          	0.701       	-0.005017   	0.0803      
7           	4400        	15          	0.7122      	-0.02695    	0.07087     
7           	4500        	19          	0.7029      	-0.02671    	0.0645      
7           	4600        	22          	0.7172      	-0.01224    	0.06974     
7           	4700        	17          	0.6793      	-0.02845    	0.04463     
7           	4800        	24          	0.6755      	-0.04306    	0.06594     
7           	4900        	15          	0.698       	-0.04739    	0.05363     
7           	5000        	18          	0.7024      	-0.05431    	0.05132     
8           	1           	152         	0.9866      	0.06173     	7.95        
8           	100         	58          	0.9626      	0.1305      	1.698       
8           	200         	42          	0.9479      	0.1168      	0.8893      
8           	300         	38          	0.9299      	0.0757      	0.6094      
8           	400         	37          	0.9168      	0.07424     	0.4254      
8           	500         	31          	0.9021      	0.02575     	0.351       
8           	600         	23          	0.8846      	0.09988     	0.2372      
8           	700         	27          	0.8785      	0.06597     	0.2422      
8           	800         	25          	0.8616      	0.03302     	0.2041      
8           	900         	25          	0.8431      	0.1054      	0.1229      
8           	1000        	23          	0.8422      	0.1265      	0.128       
8           	1100        	22          	0.8402      	0.1162      	0.1325      
8           	1200        	21          	0.8302      	0.1027      	0.07806     
8           	1300        	18          	0.8346      	0.09485     	0.08355     
8           	1400        	13          	0.8252      	0.07485     	0.0792      
8           	1500        	17          	0.8317      	0.09114     	0.0865      
8           	1600        	17          	0.8314      	0.0802      	0.07853     
8           	1700        	16          	0.835       	0.05874     	0.08141     
8           	1800        	20          	0.8328      	0.0435      	0.07789     
8           	1900        	17          	0.834       	-0.009609   	0.08684     
8           	2000        	19          	0.8238      	0.05879     	0.09049     
8           	2100        	24          	0.8151      	0.0196      	0.05898     
8           	2200        	19          	0.8018      	0.04171     	0.07976     
8           	2300        	20          	0.8128      	0.03677     	0.1111      
8           	2400        	20          	0.7908      	0.05735     	0.05593     
8           	2500        	19          	0.7845      	0.06386     	0.07189     
8           	2600        	17          	0.7903      	0.1039      	0.05522     
8           	2700        	22          	0.8014      	0.08875     	0.07155     
8           	2800        	19          	0.7985      	0.09548     	0.05261     
8           	2900        	14          	0.7722      	0.04902     	0.0478      
8           	3000        	17          	0.7618      	0.04282     	0.0468      
8           	3100        	16          	0.7556      	0.02466     	0.05075     
8           	3200        	21          	0.7395      	0.02102     	0.0528      
8           	3300        	19          	0.7681      	0.03783     	0.06071     
8           	3400        	14          	0.7741      	0.01449     	0.0593      
8           	3500        	23          	0.7584      	0.001965    	0.05597     
8           	3600        	16          	0.7512      	0.01102     	0.0531      
8           	3700        	13          	0.7425      	0.01498     	0.04747     
8           	3800        	28          	0.7298      	0.01585     	0.07163     
8           	3900        	21          	0.7239      	-0.0104     	0.08253     
8           	4000        	16          	0.6926      	-0.009156   	0.07335     
8           	4100        	17          	0.7166      	-0.0002646  	0.07593     
8           	4200        	19          	0.7344      	0.02609     	0.06451     
8           	4300        	22          	0.6937      	-0.01653    	0.06198     
8           	4400        	15          	0.7389      	-0.01023    	0.08603     
8           	4500        	16          	0.7593      	-0.03374    	0.08207     
8           	4600        	26          	0.7836      	-0.05583    	0.1121      
8           	4700        	24          	0.8069      	-0.04591    	0.1101      
8           	4800        	21          	0.7877      	-0.02646    	0.09903     
8           	4900        	20          	0.7469      	-0.01971    	0.07317     
8           	5000        	14          	0.7423      	0.01555     	0.064       
9           	1           	157         	0.9867      	0.01219     	8.032       
9           	100         	58          	0.9617      	-0.0006236  	1.552       
9           	200         	45          	0.9494      	0.0252      	1.066       
9           	300         	39          	0.9358      	0.08636     	0.6909      
9           	400         	38          	0.9042      	0.02974     	0.4275      
9           	500         	31          	0.8847      	0.0549      	0.314       
9           	600         	30          	0.8643      	0.1311      	0.2762      
9           	700         	32          	0.8412      	0.07733     	0.2321      
9           	800         	25          	0.8522      	0.09321     	0.1969      
9           	900         	19          	0.8469      	0.1001      	0.1794      
9           	1000        	23          	0.847       	0.1033      	0.1993      
9           	1100        	23          	0.8413      	0.08418     	0.182       
9           	1200        	22          	0.849       	0.03264     	0.1613      
9           	1300        	26          	0.8271      	0.03248     	0.1842      
9           	1400        	21          	0.8326      	0.05927     	0.148       
9           	1500        	24          	0.8333      	0.08006     	0.1485      
9           	1600        	22          	0.8164      	-0.002589   	0.1233      
9           	1700        	18          	0.818       	0.04584     	0.1245      
9           	1800        	21          	0.8138      	0.0268      	0.1379      
9           	1900        	23          	0.7984      	0.008532    	0.1315      
9           	2000        	24          	0.7963      	0.02113     	0.1765      
9           	2100        	26          	0.7961      	-0.008088   	0.1818      
9           	2200        	23          	0.7581      	-0.007238   	0.1444      
9           	2300        	17          	0.7419      	-0.01115    	0.1341      
9           	2400        	25          	0.7117      	0.01661     	0.1632      
9           	2500        	17          	0.7252      	0.04167     	0.1153      
9           	2600        	20          	0.7018      	-0.000926   	0.1181      
9           	2700        	22          	0.6696      	0.0126      	0.1725      
9           	2800        	19          	0.6439      	-0.01101    	0.1102      
9           	2900        	19          	0.6342      	-0.01049    	0.08396     
9           	3000        	14          	0.6059      	0.009373    	0.08767     
9           	3100        	20          	0.6199      	-0.01368    	0.0878      
9           	3200        	17          	0.6459      	-0.02778    	0.104       
9           	3300        	17          	0.658       	-0.03373    	0.09841     
9           	3400        	17          	0.6231      	-0.002967   	0.09147     
9           	3500        	26          	0.6113      	0.02771     	0.08365     
9           	3600        	16          	0.5535      	0.04        	0.07171     
9           	3700        	10          	0.5434      	0.06955     	0.05462     
9           	3800        	16          	0.5586      	0.08123     	0.06106     
9           	3900        	11          	0.5362      	0.086       	0.04874     
9           	4000        	12          	0.5681      	0.07569     	0.04838     
9           	4100        	20          	0.553       	0.07165     	0.08746     
9           	4200        	15          	0.4736      	0.09591     	0.05526     
9           	4300        	20          	0.3851      	0.1239      	0.0626      
9           	4400        	22          	0.3648      	0.1283      	0.05685     
9           	4500        	16          	0.4109      	0.1452      	0.03662     
9           	4600        	24          	0.449       	0.1122      	0.05896     
9           	4700        	23          	0.436       	0.09599     	0.07435     
9           	4800        	19          	0.3856      	0.1035      	0.08202     
9           	4900        	20          	0.3493      	0.09866     	0.07129     
9           	5000        	28          	0.3259      	0.07463     	0.07688     
10          	1           	152         	0.9866      	-0.03329    	7.901       
10          	100         	58          	0.9624      	-0.07772    	1.597       
10          	200         	45          	0.9444      	0.01907     	0.8416      
10          	300         	34          	0.932       	-0.03878    	0.5709      
10          	400         	28          	0.914       	-0.0002173  	0.4195      
10          	500         	30          	0.8953      	-0.001937   	0.3044      
10          	600         	24          	0.8102      	-0.02867    	0.1834      
10          	700         	23          	0.783       	-0.02789    	0.1393      
10          	800         	21          	0.752       	-0.03593    	0.1337      
10          	900         	22          	0.7115      	0.02104     	0.1164      
10          	1000        	19          	0.6702      	-0.00206    	0.09023     
10          	1100        	29          	0.6846      	-0.02019    	0.1227      
10          	1200        	31          	0.6364      	-0.02027    	0.1348      
10          	1300        	24          	0.5473      	0.004724    	0.1445      
10          	1400        	21          	0.4949      	0.02604     	0.09654     
10          	1500        	20          	0.4654      	0.008419    	0.06606     
10          	1600        	19          	0.4001      	0.0002457   	0.0608      
10          	1700        	15          	0.4269      	-0.02632    	0.05964     
10          	1800        	19          	0.4101      	-0.01052    	0.05945     
10          	1900        	22          	0.4368      	-0.00531    	0.06077     
10          	2000        	15          	0.4836      	0.002542    	0.05792     
10          	2100        	18          	0.4023      	0.006548    	0.06667     
10          	2200        	20          	0.4093      	-0.004139   	0.05747     
10          	2300        	22          	0.3892      	-0.009146   	0.05522     
10          	2400        	18          	0.2955      	0.002929    	0.03535     
10          	2500        	14          	0.3148      	0.002306    	0.02826     
10          	2600        	14          	0.2986      	0.00618     	0.01548     
10          	2700        	15          	0.3787      	-0.003061   	0.0277      
10          	2800        	16          	0.3241      	-0.03537    	0.03541     
10          	2900        	16          	0.3488      	-0.01884    	0.06201     
10          	3000        	24          	0.4165      	-0.02198    	0.05332     
10          	3100        	23          	0.4109      	-0.006009   	0.09174     
10          	3200        	25          	0.3834      	-0.01471    	0.05824     
10          	3300        	17          	0.342       	-0.03448    	0.03385     
10          	3400        	16          	0.3777      	-0.03026    	0.02868     
10          	3500        	16          	0.3725      	-0.02492    	0.03632     
10          	3600        	17          	0.3951      	-0.0193     	0.02689     
10          	3700        	16          	0.2827      	-0.02511    	0.03751     
10          	3800        	19          	0.2838      	0.004063    	0.07701     
10          	3900        	22          	0.2508      	0.01371     	0.06886     
10          	4000        	19          	0.2624      	0.02593     	0.08227     
10          	4100        	17          	0.2124      	-0.009496   	0.03169     
10          	4200        	18          	0.1999      	-0.03621    	0.04281     
10          	4300        	18          	0.2029      	-0.02289    	0.06109     
10          	4400        	17          	0.2484      	-0.03575    	0.08414     
10          	4500        	16          	0.2781      	-0.05775    	0.06799     
10          	4600        	13          	0.3122      	-0.09282    	0.05425     
10          	4700        	15          	0.2904      	-0.07068    	0.04515     
10          	4800        	19          	0.3404      	-0.07483    	0.06221     
10          	4900        	17          	0.3614      	-0.08389    	0.0379      
10          	5000        	18          	0.4007      	-0.08348    	0.06131     
