generation  	n.adlt.nbAll	n.adlt.fst  	n.adlt.fst_l1	n.adlt.fst_l2	alive.rpl   
1           	5.5         	0.5055      	1           	1.984e-05   	1           
2           	9.95        	0.4506      	0.8913      	0.0003718   	1           
3           	10          	0.4015      	0.7938      	0.0006239   	1           
4           	10          	0.3568      	0.7053      	0.0007755   	1           
5           	10          	0.3232      	0.6382      	0.001247    	1           
6           	10          	0.2932      	0.5789      	0.001203    	1           
7           	10          	0.2613      	0.5155      	0.001606    	1           
8           	10          	0.2366      	0.4658      	0.002008    	1           
9           	10          	0.2096      	0.4118      	0.002509    	1           
10          	10          	0.1855      	0.3641      	0.002536    	1           
11          	10          	0.166       	0.3252      	0.003085    	1           
12          	10          	0.1451      	0.2838      	0.003341    	1           
13          	10          	0.1306      	0.2548      	0.00379     	1           
14          	10          	0.1203      	0.2341      	0.003934    	1           
15          	10          	0.1085      	0.2105      	0.004185    	1           
16          	10          	0.09513     	0.1842      	0.004123    	1           
17          	10          	0.08597     	0.1658      	0.004423    	1           
18          	10          	0.0759      	0.1461      	0.004174    	1           
19          	10          	0.06892     	0.132       	0.004456    	1           
20          	10          	0.06196     	0.1178      	0.004813    	1           
21          	10          	0.05527     	0.1046      	0.00478     	1           
22          	10          	0.05214     	0.09855     	0.004683    	1           
23          	10          	0.04847     	0.0911      	0.004858    	1           
24          	10          	0.04566     	0.08501     	0.005376    	1           
25          	10          	0.04262     	0.07979     	0.004561    	1           
26          	10          	0.03913     	0.07295     	0.004506    	1           
27          	10          	0.03474     	0.06418     	0.004586    	1           
28          	10          	0.03049     	0.05598     	0.004353    	1           
29          	10          	0.02846     	0.05196     	0.004382    	1           
30          	10          	0.02647     	0.04812     	0.004284    	1           
31          	10          	0.0242      	0.04342     	0.004481    	1           
32          	10          	0.02206     	0.03946     	0.004225    	1           
33          	10          	0.0206      	0.03666     	0.004146    	1           
34          	10          	0.01877     	0.03271     	0.004481    	1           
35          	10          	0.01782     	0.0308      	0.004509    	1           
36          	10          	0.01583     	0.02695     	0.004418    	1           
37          	10          	0.01454     	0.02439     	0.004425    	1           
38          	10          	0.01307     	0.02195     	0.003949    	1           
39          	10          	0.01204     	0.02017     	0.003692    	1           
40          	10          	0.01118     	0.01857     	0.003593    	1           
41          	10          	0.01015     	0.01638     	0.003775    	1           
42          	10          	0.0086      	0.01374     	0.003336    	1           
43          	10          	0.007725    	0.01198     	0.003373    	1           
44          	10          	0.007724    	0.01136     	0.004002    	1           
45          	10          	0.007166    	0.01062     	0.003622    	1           
46          	10          	0.006454    	0.009767    	0.003062    	1           
47          	10          	0.006039    	0.009171    	0.002834    	1           
48          	10          	0.005425    	0.007808    	0.002985    	1           
49          	10          	0.00554     	0.007689    	0.003338    	1           
50          	10          	0.005368    	0.007509    	0.00317     	1           
51          	10          	0.004921    	0.006765    	0.003025    	1           
52          	10          	0.004524    	0.00599     	0.003017    	1           
53          	10          	0.004165    	0.004817    	0.003493    	1           
54          	10          	0.004287    	0.005197    	0.003349    	1           
55          	10          	0.003915    	0.004668    	0.003139    	1           
56          	10          	0.003776    	0.004511    	0.003018    	1           
57          	10          	0.003493    	0.00389     	0.003083    	1           
58          	10          	0.003692    	0.003808    	0.003572    	1           
59          	10          	0.003758    	0.004036    	0.003472    	1           
60          	10          	0.004103    	0.004443    	0.003752    	1           
61          	10          	0.00364     	0.003721    	0.003556    	1           
62          	10          	0.003577    	0.003422    	0.003736    	1           
63          	10          	0.003633    	0.003569    	0.0037      	1           
64          	10          	0.003892    	0.003843    	0.003942    	1           
65          	10          	0.003458    	0.003796    	0.003111    	1           
66          	10          	0.003581    	0.004123    	0.003024    	1           
67          	10          	0.003223    	0.003832    	0.002597    	1           
68          	10          	0.003789    	0.00468     	0.002872    	1           
69          	10          	0.003944    	0.004871    	0.002994    	1           
70          	10          	0.003629    	0.004097    	0.003149    	1           
71          	10          	0.003882    	0.003899    	0.003865    	1           
72          	10          	0.003865    	0.004154    	0.003568    	1           
73          	10          	0.003989    	0.00408     	0.003894    	1           
74          	10          	0.004235    	0.003856    	0.004626    	1           
75          	10          	0.003988    	0.003484    	0.004507    	1           
76          	10          	0.004364    	0.003902    	0.00484     	1           
77          	10          	0.004636    	0.004316    	0.004967    	1           
78          	10          	0.004724    	0.004163    	0.005303    	1           
79          	10          	0.004725    	0.004263    	0.005202    	1           
80          	10          	0.004856    	0.004276    	0.005454    	1           
81          	10          	0.004556    	0.004161    	0.004962    	1           
82          	10          	0.004448    	0.003849    	0.005063    	1           
83          	10          	0.004075    	0.003666    	0.004496    	1           
84          	10          	0.003929    	0.003439    	0.004433    	1           
85          	10          	0.00393     	0.003847    	0.004015    	1           
86          	10          	0.004278    	0.004254    	0.004303    	1           
87          	10          	0.003942    	0.004355    	0.003518    	1           
88          	10          	0.003844    	0.003975    	0.003708    	1           
89          	10          	0.003885    	0.003859    	0.003912    	1           
90          	10          	0.003673    	0.003532    	0.003818    	1           
91          	10          	0.00376     	0.003559    	0.003967    	1           
92          	10          	0.003849    	0.003348    	0.004363    	1           
93          	10          	0.003935    	0.003553    	0.004326    	1           
94          	10          	0.004053    	0.0039      	0.00421     	1           
95          	10          	0.003839    	0.003406    	0.004284    	1           
96          	10          	0.004099    	0.00354     	0.004673    	1           
97          	10          	0.004131    	0.003244    	0.005043    	1           
98          	10          	0.004398    	0.003574    	0.005246    	1           
99          	10          	0.004654    	0.00359     	0.005749    	1           
100         	10          	0.004404    	0.003754    	0.005072    	1           
101         	10          	0.004401    	0.004007    	0.004805    	1           
102         	10          	0.004001    	0.003654    	0.004358    	1           
103         	10          	0.003799    	0.00389     	0.003705    	1           
104         	10          	0.003794    	0.003975    	0.003608    	1           
105         	10          	0.003865    	0.00408     	0.003644    	1           
106         	10          	0.003842    	0.003906    	0.003776    	1           
107         	10          	0.003943    	0.003418    	0.004483    	1           
108         	10          	0.003668    	0.00325     	0.004099    	1           
109         	10          	0.003854    	0.003441    	0.00428     	1           
110         	10          	0.00395     	0.003287    	0.004632    	1           
111         	10          	0.003954    	0.003075    	0.004859    	1           
112         	10          	0.004104    	0.003787    	0.00443     	1           
113         	10          	0.003949    	0.003625    	0.004281    	1           
114         	10          	0.003827    	0.003386    	0.004282    	1           
115         	10          	0.003331    	0.003025    	0.003646    	1           
116         	10          	0.003299    	0.003565    	0.003026    	1           
117         	10          	0.003068    	0.003764    	0.002348    	1           
118         	10          	0.003346    	0.003947    	0.002725    	1           
119         	10          	0.00321     	0.00401     	0.002384    	1           
120         	10          	0.003399    	0.0041      	0.002676    	1           
121         	10          	0.003386    	0.003884    	0.002873    	1           
122         	10          	0.003454    	0.003963    	0.00293     	1           
123         	10          	0.003174    	0.003805    	0.002524    	1           
124         	10          	0.003299    	0.003275    	0.003323    	1           
125         	10          	0.003749    	0.003019    	0.004501    	1           
126         	10          	0.003155    	0.003095    	0.003216    	1           
127         	10          	0.003204    	0.003231    	0.003177    	1           
128         	10          	0.003255    	0.003194    	0.003318    	1           
129         	10          	0.003456    	0.003389    	0.003525    	1           
130         	10          	0.00345     	0.003341    	0.003562    	1           
131         	10          	0.003947    	0.00357     	0.004336    	1           
132         	10          	0.003976    	0.003277    	0.004695    	1           
133         	10          	0.003819    	0.002939    	0.004724    	1           
134         	10          	0.003747    	0.003091    	0.004421    	1           
135         	10          	0.004248    	0.003286    	0.005237    	1           
136         	10          	0.004151    	0.003207    	0.005121    	1           
137         	10          	0.004064    	0.003408    	0.004736    	1           
138         	10          	0.003973    	0.003514    	0.004445    	1           
139         	10          	0.003378    	0.003235    	0.003523    	1           
140         	10          	0.003198    	0.003407    	0.002984    	1           
141         	10          	0.002781    	0.002936    	0.002622    	1           
142         	10          	0.002609    	0.002793    	0.002422    	1           
143         	10          	0.002986    	0.003241    	0.002725    	1           
144         	10          	0.003016    	0.003273    	0.002753    	1           
145         	10          	0.003048    	0.003057    	0.00304     	1           
146         	10          	0.003199    	0.00324     	0.003158    	1           
147         	10          	0.003095    	0.003078    	0.003114    	1           
148         	10          	0.003252    	0.003343    	0.003158    	1           
149         	10          	0.003255    	0.003305    	0.003204    	1           
150         	10          	0.003684    	0.003466    	0.003907    	1           
151         	10          	0.003814    	0.003419    	0.004217    	1           
152         	10          	0.003494    	0.003174    	0.003822    	1           
153         	10          	0.003585    	0.003626    	0.003542    	1           
154         	10          	0.003414    	0.003586    	0.003238    	1           
155         	10          	0.003189    	0.003672    	0.002694    	1           
156         	10          	0.002921    	0.003505    	0.002323    	1           
157         	10          	0.002927    	0.003439    	0.002402    	1           
158         	10          	0.002746    	0.00318     	0.002301    	1           
159         	10          	0.00305     	0.003536    	0.00255     	1           
160         	10          	0.003439    	0.003778    	0.00309     	1           
161         	10          	0.003303    	0.003768    	0.002825    	1           
162         	10          	0.003277    	0.003404    	0.003147    	1           
163         	10          	0.003249    	0.003611    	0.002876    	1           
164         	10          	0.00335     	0.003784    	0.002904    	1           
165         	10          	0.003127    	0.003125    	0.003129    	1           
166         	10          	0.002985    	0.003019    	0.00295     	1           
167         	10          	0.00306     	0.003201    	0.002914    	1           
168         	10          	0.003096    	0.0037      	0.002475    	1           
169         	10          	0.003166    	0.003599    	0.002721    	1           
170         	10          	0.002841    	0.003435    	0.002231    	1           
171         	10          	0.002993    	0.003794    	0.002171    	1           
172         	10          	0.003084    	0.003746    	0.002405    	1           
173         	10          	0.003247    	0.003866    	0.002612    	1           
174         	10          	0.003335    	0.003987    	0.002665    	1           
175         	10          	0.003493    	0.004052    	0.002919    	1           
176         	10          	0.003835    	0.004195    	0.003466    	1           
177         	10          	0.003844    	0.003689    	0.004003    	1           
178         	10          	0.003789    	0.003514    	0.004073    	1           
179         	10          	0.003302    	0.002815    	0.003803    	1           
180         	10          	0.003016    	0.002662    	0.003379    	1           
181         	10          	0.003051    	0.002924    	0.00318     	1           
182         	10          	0.003201    	0.003054    	0.003351    	1           
183         	10          	0.003123    	0.003126    	0.003119    	1           
184         	10          	0.003076    	0.002721    	0.00344     	1           
185         	10          	0.00271     	0.002431    	0.002995    	1           
186         	10          	0.002928    	0.00283     	0.003029    	1           
187         	10          	0.00267     	0.002706    	0.002633    	1           
188         	10          	0.003233    	0.003445    	0.003016    	1           
189         	10          	0.003027    	0.00358     	0.002463    	1           
190         	10          	0.003397    	0.00364     	0.003149    	1           
191         	10          	0.003432    	0.003678    	0.003181    	1           
192         	10          	0.003463    	0.003742    	0.003178    	1           
193         	10          	0.003459    	0.003886    	0.003023    	1           
194         	10          	0.003565    	0.004096    	0.003024    	1           
195         	10          	0.003498    	0.003841    	0.003148    	1           
196         	10          	0.003592    	0.003839    	0.00334     	1           
197         	10          	0.003433    	0.003793    	0.003068    	1           
198         	10          	0.003307    	0.003851    	0.002755    	1           
199         	10          	0.003452    	0.003859    	0.003039    	1           
200         	10          	0.003219    	0.003839    	0.002591    	1           
201         	10          	0.003049    	0.003774    	0.002314    	1           
202         	10          	0.003422    	0.00431     	0.002521    	1           
203         	10          	0.003604    	0.00428     	0.002919    	1           
204         	10          	0.003516    	0.003935    	0.003092    	1           
205         	10          	0.003637    	0.003896    	0.003374    	1           
206         	10          	0.003694    	0.003856    	0.00353     	1           
207         	10          	0.003957    	0.004375    	0.003532    	1           
208         	10          	0.003893    	0.00468     	0.003096    	1           
209         	10          	0.003792    	0.004601    	0.002971    	1           
210         	10          	0.003574    	0.004107    	0.003033    	1           
211         	10          	0.003755    	0.004706    	0.00279     	1           
212         	10          	0.003379    	0.004224    	0.002521    	1           
213         	10          	0.003543    	0.004339    	0.002735    	1           
214         	10          	0.00356     	0.004403    	0.002704    	1           
215         	10          	0.003445    	0.003899    	0.002983    	1           
216         	10          	0.003577    	0.004278    	0.002864    	1           
217         	10          	0.003793    	0.004568    	0.003003    	1           
218         	10          	0.003837    	0.00472     	0.002937    	1           
219         	10          	0.004144    	0.005234    	0.003034    	1           
220         	10          	0.004028    	0.004991    	0.003048    	1           
221         	10          	0.004008    	0.004714    	0.003287    	1           
222         	10          	0.004107    	0.005366    	0.002822    	1           
223         	10          	0.003902    	0.005314    	0.002462    	1           
224         	10          	0.004012    	0.005368    	0.00263     	1           
225         	10          	0.003884    	0.005002    	0.002745    	1           
226         	10          	0.003585    	0.004436    	0.002719    	1           
227         	10          	0.003584    	0.004272    	0.002885    	1           
228         	10          	0.003736    	0.004696    	0.002763    	1           
229         	10          	0.003795    	0.004915    	0.00266     	1           
230         	10          	0.003907    	0.005098    	0.002699    	1           
231         	10          	0.004104    	0.00545     	0.002737    	1           
232         	10          	0.004233    	0.005483    	0.002964    	1           
233         	10          	0.00415     	0.004929    	0.00336     	1           
234         	10          	0.004225    	0.004738    	0.003706    	1           
235         	10          	0.004194    	0.005099    	0.003277    	1           
236         	10          	0.004323    	0.005031    	0.003604    	1           
237         	10          	0.004176    	0.004991    	0.003349    	1           
238         	10          	0.003921    	0.004157    	0.003682    	1           
239         	10          	0.004033    	0.003946    	0.004121    	1           
240         	10          	0.004183    	0.004037    	0.004331    	1           
241         	10          	0.004486    	0.004338    	0.004636    	1           
242         	10          	0.004228    	0.004305    	0.004149    	1           
243         	10          	0.004633    	0.004659    	0.004606    	1           
244         	10          	0.004154    	0.0043      	0.004005    	1           
245         	10          	0.003956    	0.004       	0.003911    	1           
246         	10          	0.003935    	0.003953    	0.003917    	1           
247         	10          	0.004319    	0.004402    	0.004234    	1           
248         	10          	0.004157    	0.004894    	0.003405    	1           
249         	10          	0.004252    	0.005024    	0.003466    	1           
250         	10          	0.003913    	0.004912    	0.002895    	1           
251         	10          	0.004119    	0.004934    	0.003287    	1           
252         	10          	0.004353    	0.005332    	0.003355    	1           
253         	10          	0.004692    	0.005498    	0.00387     	1           
254         	10          	0.004445    	0.004841    	0.004041    	1           
255         	10          	0.004566    	0.00474     	0.004388    	1           
256         	10          	0.005006    	0.005188    	0.004819    	1           
257         	10          	0.005127    	0.005095    	0.00516     	1           
258         	10          	0.004581    	0.005138    	0.004013    	1           
259         	10          	0.004576    	0.005201    	0.003938    	1           
260         	10          	0.004209    	0.004972    	0.003431    	1           
261         	10          	0.004147    	0.005095    	0.00318     	1           
262         	10          	0.004146    	0.005275    	0.002994    	1           
263         	10          	0.003923    	0.004779    	0.00305     	1           
264         	10          	0.003726    	0.004375    	0.003065    	1           
265         	10          	0.003606    	0.004263    	0.002935    	1           
266         	10          	0.003668    	0.004212    	0.003114    	1           
267         	10          	0.003771    	0.00427     	0.003261    	1           
268         	10          	0.003507    	0.003951    	0.003053    	1           
269         	10          	0.003537    	0.003954    	0.003111    	1           
270         	10          	0.003395    	0.003987    	0.002789    	1           
271         	10          	0.003712    	0.004305    	0.003107    	1           
272         	10          	0.003734    	0.004141    	0.003318    	1           
273         	10          	0.004257    	0.00448     	0.004028    	1           
274         	10          	0.004022    	0.004205    	0.003835    	1           
275         	10          	0.003478    	0.00371     	0.003241    	1           
276         	10          	0.003903    	0.003938    	0.003866    	1           
277         	10          	0.003845    	0.003978    	0.003709    	1           
278         	10          	0.003528    	0.003652    	0.0034      	1           
279         	10          	0.003272    	0.003558    	0.002977    	1           
280         	10          	0.003609    	0.003934    	0.003275    	1           
281         	10          	0.003372    	0.003638    	0.003097    	1           
282         	10          	0.00326     	0.003265    	0.003255    	1           
283         	10          	0.003476    	0.003611    	0.003336    	1           
284         	10          	0.003431    	0.003864    	0.002985    	1           
285         	10          	0.003375    	0.003786    	0.002951    	1           
286         	10          	0.003311    	0.003216    	0.003409    	1           
287         	10          	0.003228    	0.00338     	0.003071    	1           
288         	10          	0.003109    	0.002929    	0.003295    	1           
289         	10          	0.003416    	0.002839    	0.004014    	1           
290         	10          	0.003038    	0.002837    	0.003246    	1           
291         	10          	0.003618    	0.00305     	0.004207    	1           
292         	10          	0.00335     	0.003028    	0.003685    	1           
293         	10          	0.003573    	0.002873    	0.004298    	1           
294         	10          	0.003531    	0.003241    	0.003831    	1           
295         	10          	0.00361     	0.003489    	0.003736    	1           
296         	10          	0.003464    	0.003398    	0.003533    	1           
297         	10          	0.002986    	0.002943    	0.003032    	1           
298         	10          	0.003258    	0.002786    	0.003746    	1           
299         	10          	0.003711    	0.003392    	0.004041    	1           
300         	10          	0.004022    	0.003689    	0.004368    	1           
301         	10          	0.003833    	0.003517    	0.004161    	1           
302         	10          	0.003701    	0.003371    	0.004041    	1           
303         	10          	0.003989    	0.004134    	0.003839    	1           
304         	10          	0.003866    	0.004184    	0.003537    	1           
305         	10          	0.003543    	0.003744    	0.003336    	1           
306         	10          	0.003719    	0.004154    	0.003273    	1           
307         	10          	0.003764    	0.004094    	0.003425    	1           
308         	10          	0.004193    	0.004712    	0.00366     	1           
309         	10          	0.00411     	0.004536    	0.003673    	1           
310         	10          	0.003691    	0.004045    	0.003329    	1           
311         	10          	0.003407    	0.003469    	0.003343    	1           
312         	10          	0.003313    	0.003315    	0.003312    	1           
313         	10          	0.002978    	0.003051    	0.002904    	1           
314         	10          	0.003101    	0.002736    	0.003475    	1           
315         	10          	0.003146    	0.003043    	0.003253    	1           
316         	10          	0.003104    	0.003364    	0.002837    	1           
317         	10          	0.003368    	0.00346     	0.003272    	1           
318         	10          	0.003452    	0.003447    	0.003457    	1           
319         	10          	0.004205    	0.003422    	0.00501     	1           
320         	10          	0.004404    	0.003184    	0.005662    	1           
321         	10          	0.004636    	0.003761    	0.005538    	1           
322         	10          	0.004611    	0.003632    	0.00562     	1           
323         	10          	0.004645    	0.003573    	0.005749    	1           
324         	10          	0.004253    	0.003562    	0.004965    	1           
325         	10          	0.004588    	0.004216    	0.004972    	1           
326         	10          	0.004528    	0.003811    	0.005267    	1           
327         	10          	0.0048      	0.004221    	0.005395    	1           
328         	10          	0.00484     	0.004065    	0.005637    	1           
329         	10          	0.004505    	0.003818    	0.005213    	1           
330         	10          	0.004312    	0.00394     	0.004695    	1           
331         	10          	0.004162    	0.003614    	0.004726    	1           
332         	10          	0.00409     	0.004202    	0.003975    	1           
333         	10          	0.003885    	0.004089    	0.003674    	1           
334         	10          	0.003977    	0.004149    	0.003799    	1           
335         	10          	0.00349     	0.003694    	0.00328     	1           
336         	10          	0.003599    	0.003716    	0.003477    	1           
337         	10          	0.003402    	0.00346     	0.003342    	1           
338         	10          	0.003097    	0.003054    	0.003142    	1           
339         	10          	0.003038    	0.002695    	0.003391    	1           
340         	10          	0.00318     	0.002976    	0.003391    	1           
341         	10          	0.003486    	0.003813    	0.003149    	1           
342         	10          	0.00335     	0.00364     	0.003051    	1           
343         	10          	0.003559    	0.003981    	0.003124    	1           
344         	10          	0.00363     	0.003922    	0.00333     	1           
345         	10          	0.003242    	0.003629    	0.002843    	1           
346         	10          	0.003498    	0.003697    	0.003292    	1           
347         	10          	0.003696    	0.003651    	0.003743    	1           
348         	10          	0.003813    	0.003737    	0.00389     	1           
349         	10          	0.003598    	0.003428    	0.003775    	1           
350         	10          	0.003982    	0.004112    	0.003847    	1           
351         	10          	0.003967    	0.004471    	0.003446    	1           
352         	10          	0.003837    	0.00443     	0.003226    	1           
353         	10          	0.003419    	0.003964    	0.002856    	1           
354         	10          	0.003567    	0.00411     	0.003008    	1           
355         	10          	0.003435    	0.003935    	0.002919    	1           
356         	10          	0.003427    	0.003723    	0.003122    	1           
357         	10          	0.003389    	0.00373     	0.003038    	1           
358         	10          	0.003077    	0.00368     	0.002456    	1           
359         	10          	0.003258    	0.003783    	0.002717    	1           
360         	10          	0.003317    	0.003699    	0.002925    	1           
361         	10          	0.003822    	0.004633    	0.002988    	1           
362         	10          	0.003295    	0.004071    	0.002496    	1           
363         	10          	0.003489    	0.004348    	0.002605    	1           
364         	10          	0.003556    	0.004636    	0.002445    	1           
365         	10          	0.003863    	0.004727    	0.002973    	1           
366         	10          	0.003767    	0.004163    	0.003361    	1           
367         	10          	0.003718    	0.004099    	0.003327    	1           
368         	10          	0.003633    	0.004376    	0.00287     	1           
369         	10          	0.003507    	0.004105    	0.002891    	1           
370         	10          	0.003649    	0.004213    	0.00307     	1           
371         	10          	0.004034    	0.004605    	0.003448    	1           
372         	10          	0.004439    	0.005203    	0.003655    	1           
373         	10          	0.004243    	0.004975    	0.003492    	1           
374         	10          	0.004047    	0.004552    	0.003527    	1           
375         	10          	0.004924    	0.005346    	0.00449     	1           
376         	10          	0.004982    	0.005368    	0.004586    	1           
377         	10          	0.004778    	0.005046    	0.004501    	1           
378         	10          	0.005002    	0.005328    	0.004665    	1           
379         	10          	0.005459    	0.006142    	0.004756    	1           
380         	10          	0.005322    	0.005889    	0.004738    	1           
381         	10          	0.0052      	0.005336    	0.005061    	1           
382         	10          	0.004673    	0.00447     	0.004882    	1           
383         	10          	0.004697    	0.004402    	0.005001    	1           
384         	10          	0.004747    	0.004648    	0.004848    	1           
385         	10          	0.004298    	0.004162    	0.004438    	1           
386         	10          	0.004146    	0.004325    	0.003963    	1           
387         	10          	0.003993    	0.004521    	0.00345     	1           
388         	10          	0.003936    	0.004262    	0.003601    	1           
389         	10          	0.003465    	0.003392    	0.00354     	1           
390         	10          	0.003792    	0.003629    	0.00396     	1           
391         	10          	0.003892    	0.003429    	0.004368    	1           
392         	10          	0.00406     	0.003541    	0.004595    	1           
393         	10          	0.004304    	0.003769    	0.004855    	1           
394         	10          	0.004041    	0.003263    	0.004841    	1           
395         	10          	0.003913    	0.003146    	0.004703    	1           
396         	10          	0.004051    	0.003253    	0.004874    	1           
397         	10          	0.003922    	0.002965    	0.004905    	1           
398         	10          	0.003619    	0.002748    	0.004517    	1           
399         	10          	0.003858    	0.003122    	0.004617    	1           
400         	10          	0.004117    	0.003379    	0.004879    	1           
401         	10          	0.004483    	0.003789    	0.0052      	1           
402         	10          	0.00461     	0.004036    	0.005204    	1           
403         	10          	0.004465    	0.004079    	0.004865    	1           
404         	10          	0.00445     	0.004013    	0.004903    	1           
405         	10          	0.004408    	0.00417     	0.004654    	1           
406         	10          	0.004127    	0.004239    	0.004011    	1           
407         	10          	0.004439    	0.004954    	0.003905    	1           
408         	10          	0.004815    	0.005539    	0.004066    	1           
409         	10          	0.00495     	0.005811    	0.00406     	1           
410         	10          	0.004829    	0.005175    	0.004472    	1           
411         	10          	0.004695    	0.005131    	0.004243    	1           
412         	10          	0.004187    	0.004875    	0.003475    	1           
413         	10          	0.004229    	0.004694    	0.003748    	1           
414         	10          	0.003816    	0.004532    	0.003074    	1           
415         	10          	0.003517    	0.003941    	0.003078    	1           
416         	10          	0.003534    	0.003493    	0.003576    	1           
417         	10          	0.004048    	0.004       	0.004099    	1           
418         	10          	0.004136    	0.003803    	0.004479    	1           
419         	10          	0.003967    	0.003795    	0.004145    	1           
420         	10          	0.004183    	0.004438    	0.00392     	1           
421         	10          	0.003678    	0.004309    	0.003027    	1           
422         	10          	0.003643    	0.003812    	0.003469    	1           
423         	10          	0.003558    	0.003813    	0.003296    	1           
424         	10          	0.003289    	0.003522    	0.003049    	1           
425         	10          	0.003817    	0.004057    	0.00357     	1           
426         	10          	0.003534    	0.003571    	0.003496    	1           
427         	10          	0.003718    	0.003802    	0.003632    	1           
428         	10          	0.003934    	0.003858    	0.004011    	1           
429         	10          	0.00378     	0.003572    	0.003995    	1           
430         	10          	0.003761    	0.003566    	0.003961    	1           
431         	10          	0.003791    	0.003884    	0.003695    	1           
432         	10          	0.003708    	0.003641    	0.003776    	1           
433         	10          	0.003607    	0.003396    	0.003823    	1           
434         	10          	0.003286    	0.003349    	0.003222    	1           
435         	10          	0.003158    	0.003194    	0.00312     	1           
436         	10          	0.003147    	0.002939    	0.00336     	1           
437         	10          	0.003337    	0.00341     	0.003262    	1           
438         	10          	0.003027    	0.002816    	0.003243    	1           
439         	10          	0.003125    	0.003061    	0.00319     	1           
440         	10          	0.003405    	0.003401    	0.00341     	1           
441         	10          	0.003685    	0.004056    	0.003305    	1           
442         	10          	0.003536    	0.003702    	0.003367    	1           
443         	10          	0.003418    	0.004054    	0.002769    	1           
444         	10          	0.003276    	0.003948    	0.002589    	1           
445         	10          	0.003005    	0.003652    	0.002344    	1           
446         	10          	0.002957    	0.003715    	0.00218     	1           
447         	10          	0.003181    	0.003857    	0.00249     	1           
448         	10          	0.003412    	0.00404     	0.002769    	1           
449         	10          	0.003664    	0.004512    	0.002796    	1           
450         	10          	0.003282    	0.003742    	0.002813    	1           
451         	10          	0.003188    	0.00351     	0.002859    	1           
452         	10          	0.003742    	0.003956    	0.003523    	1           
453         	10          	0.004211    	0.004475    	0.003941    	1           
454         	10          	0.004072    	0.004437    	0.0037      	1           
455         	10          	0.004393    	0.004359    	0.004428    	1           
456         	10          	0.003981    	0.00408     	0.003879    	1           
457         	10          	0.004028    	0.004086    	0.003968    	1           
458         	10          	0.004051    	0.003773    	0.004334    	1           
459         	10          	0.004215    	0.004161    	0.004269    	1           
460         	10          	0.004224    	0.003784    	0.004673    	1           
461         	10          	0.003879    	0.003467    	0.004299    	1           
462         	10          	0.004208    	0.004115    	0.004302    	1           
463         	10          	0.004367    	0.003564    	0.005188    	1           
464         	10          	0.004532    	0.003877    	0.005201    	1           
465         	10          	0.004564    	0.003639    	0.005509    	1           
466         	10          	0.004568    	0.003698    	0.005457    	1           
467         	10          	0.004563    	0.003563    	0.005587    	1           
468         	10          	0.004352    	0.003567    	0.005155    	1           
469         	10          	0.004582    	0.003395    	0.005798    	1           
470         	10          	0.004342    	0.002942    	0.005776    	1           
471         	10          	0.004352    	0.002975    	0.005764    	1           
472         	10          	0.004359    	0.003028    	0.005725    	1           
473         	10          	0.004169    	0.002816    	0.005557    	1           
474         	10          	0.004045    	0.002841    	0.005281    	1           
475         	10          	0.003742    	0.002748    	0.004764    	1           
476         	10          	0.003733    	0.003043    	0.004442    	1           
477         	10          	0.003478    	0.002743    	0.004234    	1           
478         	10          	0.003126    	0.002321    	0.003953    	1           
479         	10          	0.00342     	0.002752    	0.004108    	1           
480         	10          	0.003707    	0.003018    	0.004415    	1           
481         	10          	0.003965    	0.003149    	0.004803    	1           
482         	10          	0.003764    	0.002754    	0.004798    	1           
483         	10          	0.00353     	0.002494    	0.004591    	1           
484         	10          	0.003381    	0.002618    	0.004162    	1           
485         	10          	0.0032      	0.002645    	0.00377     	1           
486         	10          	0.003376    	0.002909    	0.003855    	1           
487         	10          	0.003267    	0.002781    	0.003765    	1           
488         	10          	0.003245    	0.002789    	0.003712    	1           
489         	10          	0.00344     	0.003028    	0.003864    	1           
490         	10          	0.003485    	0.003069    	0.003911    	1           
491         	10          	0.003567    	0.002963    	0.004185    	1           
492         	10          	0.003482    	0.002927    	0.004049    	1           
493         	10          	0.003699    	0.003041    	0.004371    	1           
494         	10          	0.00335     	0.0031      	0.003606    	1           
495         	10          	0.003836    	0.003333    	0.00435     	1           
496         	10          	0.003856    	0.0036      	0.004117    	1           
497         	10          	0.004085    	0.003724    	0.004453    	1           
498         	10          	0.003901    	0.003407    	0.004405    	1           
499         	10          	0.004179    	0.003841    	0.004523    	1           
500         	10          	0.004546    	0.004436    	0.004659    	1           
501         	10          	0.004732    	0.004653    	0.004812    	1           
502         	10          	0.005076    	0.005014    	0.005138    	1           
503         	10          	0.004624    	0.004232    	0.005024    	1           
504         	10          	0.004276    	0.004273    	0.00428     	1           
505         	10          	0.00379     	0.003853    	0.003725    	1           
506         	10          	0.003622    	0.003499    	0.003749    	1           
507         	10          	0.003424    	0.00303     	0.003827    	1           
508         	10          	0.003734    	0.003322    	0.004155    	1           
509         	10          	0.003745    	0.003276    	0.004224    	1           
510         	10          	0.003539    	0.003751    	0.003323    	1           
511         	10          	0.003921    	0.00432     	0.003515    	1           
512         	10          	0.004153    	0.004923    	0.003368    	1           
513         	10          	0.004099    	0.004272    	0.003923    	1           
514         	10          	0.004203    	0.004419    	0.003982    	1           
515         	10          	0.004056    	0.004495    	0.003607    	1           
516         	10          	0.003906    	0.004198    	0.003608    	1           
517         	10          	0.003423    	0.00342     	0.003427    	1           
518         	10          	0.003064    	0.002729    	0.003407    	1           
519         	10          	0.002941    	0.00273     	0.003157    	1           
520         	10          	0.002901    	0.00247     	0.003341    	1           
521         	10          	0.002903    	0.00256     	0.003253    	1           
522         	10          	0.002872    	0.002722    	0.003025    	1           
523         	10          	0.00321     	0.003034    	0.003388    	1           
524         	10          	0.003698    	0.003678    	0.003717    	1           
525         	10          	0.004195    	0.004528    	0.003856    	1           
526         	10          	0.004229    	0.004521    	0.003931    	1           
527         	10          	0.004167    	0.004414    	0.003915    	1           
528         	10          	0.00437     	0.004825    	0.003906    	1           
529         	10          	0.004787    	0.005661    	0.003897    	1           
530         	10          	0.004752    	0.005013    	0.004486    	1           
531         	10          	0.004287    	0.004477    	0.004093    	1           
532         	10          	0.004226    	0.004489    	0.003957    	1           
533         	10          	0.00418     	0.004235    	0.004124    	1           
534         	10          	0.004122    	0.003982    	0.004265    	1           
535         	10          	0.004461    	0.004109    	0.004819    	1           
536         	10          	0.004415    	0.003802    	0.00504     	1           
537         	10          	0.004134    	0.003734    	0.004542    	1           
538         	10          	0.003987    	0.003666    	0.004313    	1           
539         	10          	0.003764    	0.003359    	0.004178    	1           
540         	10          	0.00405     	0.003646    	0.004463    	1           
541         	10          	0.003996    	0.003828    	0.004167    	1           
542         	10          	0.003877    	0.003663    	0.004096    	1           
543         	10          	0.003871    	0.003772    	0.003971    	1           
544         	10          	0.003759    	0.003579    	0.003944    	1           
545         	10          	0.004162    	0.004334    	0.003986    	1           
546         	10          	0.003806    	0.004121    	0.003483    	1           
547         	10          	0.003471    	0.003558    	0.003383    	1           
548         	10          	0.003538    	0.003157    	0.003928    	1           
549         	10          	0.003667    	0.003494    	0.003844    	1           
550         	10          	0.003427    	0.003195    	0.003664    	1           
551         	10          	0.003458    	0.003038    	0.003887    	1           
552         	10          	0.003611    	0.002758    	0.004483    	1           
553         	10          	0.003491    	0.002588    	0.004415    	1           
554         	10          	0.003558    	0.003076    	0.004052    	1           
555         	10          	0.003667    	0.003186    	0.00416     	1           
556         	10          	0.003773    	0.003698    	0.00385     	1           
557         	10          	0.003783    	0.003717    	0.003851    	1           
558         	10          	0.003924    	0.00389     	0.003959    	1           
559         	10          	0.003962    	0.004074    	0.003848    	1           
560         	10          	0.003612    	0.003901    	0.003316    	1           
561         	10          	0.003529    	0.003724    	0.003329    	1           
562         	10          	0.003668    	0.003969    	0.00336     	1           
563         	10          	0.003836    	0.004219    	0.003444    	1           
564         	10          	0.003965    	0.00447     	0.003449    	1           
565         	10          	0.003645    	0.004172    	0.003105    	1           
566         	10          	0.004177    	0.005074    	0.003257    	1           
567         	10          	0.004039    	0.005261    	0.002788    	1           
568         	10          	0.003501    	0.004626    	0.002349    	1           
569         	10          	0.003429    	0.004372    	0.002462    	1           
570         	10          	0.003458    	0.004416    	0.002477    	1           
571         	10          	0.003261    	0.004359    	0.002133    	1           
572         	10          	0.003123    	0.004023    	0.0022      	1           
573         	10          	0.003439    	0.004481    	0.002371    	1           
574         	10          	0.003087    	0.003956    	0.002197    	1           
575         	10          	0.003266    	0.004513    	0.001989    	1           
576         	10          	0.003097    	0.004021    	0.002151    	1           
577         	10          	0.003139    	0.00381     	0.002451    	1           
578         	10          	0.003177    	0.00424     	0.002087    	1           
579         	10          	0.003498    	0.004498    	0.002475    	1           
580         	10          	0.003836    	0.004868    	0.002782    	1           
581         	10          	0.003639    	0.004591    	0.002667    	1           
582         	10          	0.003466    	0.004189    	0.002727    	1           
583         	10          	0.003495    	0.003768    	0.003216    	1           
584         	10          	0.00317     	0.003053    	0.003289    	1           
585         	10          	0.002855    	0.002926    	0.002782    	1           
586         	10          	0.003233    	0.00331     	0.003155    	1           
587         	10          	0.00323     	0.002753    	0.003718    	1           
588         	10          	0.003533    	0.003169    	0.003906    	1           
589         	10          	0.00377     	0.003434    	0.004114    	1           
590         	10          	0.003564    	0.003074    	0.004064    	1           
591         	10          	0.00358     	0.002996    	0.004177    	1           
592         	10          	0.003127    	0.002633    	0.003632    	1           
593         	10          	0.003468    	0.003153    	0.003793    	1           
594         	10          	0.003542    	0.003016    	0.004083    	1           
595         	10          	0.004006    	0.003378    	0.004651    	1           
596         	10          	0.004553    	0.00376     	0.005368    	1           
597         	10          	0.004152    	0.003552    	0.004768    	1           
598         	10          	0.004079    	0.003181    	0.005002    	1           
599         	10          	0.004365    	0.003628    	0.005124    	1           
600         	10          	0.004096    	0.003462    	0.00475     	1           
601         	10          	0.004084    	0.003467    	0.004721    	1           
602         	10          	0.004168    	0.003413    	0.004948    	1           
603         	10          	0.004497    	0.00366     	0.005362    	1           
604         	10          	0.004522    	0.003226    	0.005863    	1           
605         	10          	0.004608    	0.003967    	0.005269    	1           
606         	10          	0.0049      	0.004351    	0.005465    	1           
607         	10          	0.004471    	0.003792    	0.005169    	1           
608         	10          	0.004033    	0.003687    	0.00439     	1           
609         	10          	0.003952    	0.00403     	0.003872    	1           
610         	9.95        	0.003568    	0.003505    	0.003633    	1           
611         	10          	0.003365    	0.003734    	0.002985    	1           
612         	10          	0.003298    	0.003502    	0.003088    	1           
613         	10          	0.003223    	0.00333     	0.003113    	1           
614         	10          	0.003311    	0.003825    	0.002781    	1           
615         	10          	0.003514    	0.003781    	0.00324     	1           
616         	10          	0.003689    	0.00345     	0.003936    	1           
617         	10          	0.003687    	0.003887    	0.00348     	1           
618         	10          	0.004001    	0.004145    	0.003852    	1           
619         	10          	0.004137    	0.004454    	0.003808    	1           
620         	10          	0.004191    	0.004685    	0.00368     	1           
621         	10          	0.003647    	0.003952    	0.003332    	1           
622         	10          	0.00324     	0.003928    	0.002527    	1           
623         	10          	0.003584    	0.004183    	0.002965    	1           
624         	10          	0.003466    	0.004346    	0.002555    	1           
625         	10          	0.003648    	0.004206    	0.003071    	1           
626         	10          	0.003515    	0.004313    	0.002692    	1           
627         	10          	0.003692    	0.004304    	0.003061    	1           
628         	10          	0.003492    	0.003768    	0.003207    	1           
629         	10          	0.003797    	0.004258    	0.003319    	1           
630         	10          	0.003655    	0.004129    	0.003164    	1           
631         	10          	0.003886    	0.004451    	0.0033      	1           
632         	10          	0.003433    	0.003522    	0.00334     	1           
633         	10          	0.003585    	0.00345     	0.003725    	1           
634         	10          	0.00353     	0.00337     	0.003695    	1           
635         	10          	0.003429    	0.002849    	0.004032    	1           
636         	10          	0.003223    	0.002861    	0.003599    	1           
637         	10          	0.003455    	0.002833    	0.004102    	1           
638         	10          	0.00281     	0.00259     	0.003039    	1           
639         	10          	0.002885    	0.002724    	0.003054    	1           
640         	10          	0.003024    	0.003133    	0.002911    	1           
641         	10          	0.003091    	0.003083    	0.003099    	1           
642         	10          	0.003339    	0.003449    	0.003224    	1           
643         	10          	0.003061    	0.003193    	0.002924    	1           
644         	10          	0.002969    	0.002826    	0.003118    	1           
645         	10          	0.003394    	0.003402    	0.003386    	1           
646         	10          	0.003235    	0.003315    	0.003152    	1           
647         	10          	0.003235    	0.003362    	0.003103    	1           
648         	10          	0.003365    	0.003662    	0.003056    	1           
649         	10          	0.003494    	0.003794    	0.003181    	1           
650         	10          	0.003191    	0.003026    	0.003362    	1           
651         	10          	0.002871    	0.0023      	0.003466    	1           
652         	10          	0.00313     	0.002786    	0.003486    	1           
653         	10          	0.00343     	0.003102    	0.00377     	1           
654         	10          	0.003193    	0.002712    	0.003693    	1           
655         	10          	0.00323     	0.002789    	0.003686    	1           
656         	10          	0.003071    	0.002995    	0.003149    	1           
657         	10          	0.003169    	0.002923    	0.003423    	1           
658         	10          	0.002909    	0.002721    	0.003105    	1           
659         	10          	0.003163    	0.00314     	0.003187    	1           
660         	10          	0.003114    	0.003306    	0.002914    	1           
661         	10          	0.003717    	0.004376    	0.003034    	1           
662         	10          	0.003837    	0.004317    	0.003339    	1           
663         	10          	0.004176    	0.004172    	0.00418     	1           
664         	10          	0.004669    	0.004425    	0.004922    	1           
665         	10          	0.004602    	0.004128    	0.005093    	1           
666         	10          	0.004853    	0.004498    	0.00522     	1           
667         	10          	0.004542    	0.004215    	0.004881    	1           
668         	10          	0.004406    	0.004029    	0.004796    	1           
669         	10          	0.003849    	0.003692    	0.004012    	1           
670         	10          	0.003756    	0.003991    	0.003512    	1           
671         	10          	0.003905    	0.004298    	0.003499    	1           
672         	10          	0.003675    	0.004187    	0.003146    	1           
673         	10          	0.003581    	0.004415    	0.00272     	1           
674         	10          	0.004091    	0.00421     	0.003969    	1           
675         	10          	0.004267    	0.004167    	0.004371    	1           
676         	10          	0.003962    	0.003971    	0.003953    	1           
677         	10          	0.003657    	0.003744    	0.003568    	1           
678         	10          	0.003708    	0.003737    	0.003677    	1           
679         	10          	0.003786    	0.003841    	0.00373     	1           
680         	10          	0.003862    	0.00385     	0.003874    	1           
681         	10          	0.003849    	0.004164    	0.003525    	1           
682         	10          	0.00369     	0.004023    	0.003346    	1           
683         	10          	0.003919    	0.004254    	0.003574    	1           
684         	10          	0.003757    	0.004273    	0.003225    	1           
685         	10          	0.00345     	0.003893    	0.002992    	1           
686         	10          	0.003886    	0.004464    	0.00329     	1           
687         	10          	0.004404    	0.004711    	0.004087    	1           
688         	10          	0.004783    	0.00533     	0.004218    	1           
689         	10          	0.00471     	0.004864    	0.004552    	1           
690         	10          	0.004815    	0.004638    	0.004997    	1           
691         	10          	0.00438     	0.004264    	0.004499    	1           
692         	10          	0.003663    	0.003725    	0.003601    	1           
693         	10          	0.003872    	0.004389    	0.00334     	1           
694         	10          	0.003823    	0.004424    	0.003205    	1           
695         	10          	0.003542    	0.003789    	0.003289    	1           
696         	10          	0.003213    	0.003332    	0.00309     	1           
697         	10          	0.003708    	0.003697    	0.003719    	1           
698         	10          	0.003682    	0.003383    	0.00399     	1           
699         	10          	0.003798    	0.003385    	0.004223    	1           
700         	10          	0.003509    	0.003369    	0.003653    	1           
701         	10          	0.003202    	0.003083    	0.003324    	1           
702         	10          	0.003059    	0.003034    	0.003086    	1           
703         	10          	0.002906    	0.00293     	0.002882    	1           
704         	10          	0.002892    	0.003184    	0.002591    	1           
705         	10          	0.002733    	0.003029    	0.002427    	1           
706         	10          	0.003047    	0.003237    	0.002851    	1           
707         	10          	0.003085    	0.003274    	0.00289     	1           
708         	10          	0.003033    	0.002832    	0.003241    	1           
709         	10          	0.003198    	0.003134    	0.003263    	1           
710         	10          	0.003487    	0.003557    	0.003414    	1           
711         	10          	0.003677    	0.003822    	0.003527    	1           
712         	10          	0.003642    	0.00387     	0.003407    	1           
713         	10          	0.003387    	0.003215    	0.003564    	1           
714         	10          	0.00337     	0.00304     	0.003708    	1           
715         	10          	0.003346    	0.002991    	0.003712    	1           
716         	10          	0.003237    	0.002832    	0.003654    	1           
717         	10          	0.003616    	0.00324     	0.004002    	1           
718         	10          	0.003449    	0.003492    	0.003405    	1           
719         	10          	0.003122    	0.003003    	0.003246    	1           
720         	10          	0.003308    	0.003423    	0.00319     	1           
721         	10          	0.003314    	0.003176    	0.003456    	1           
722         	10          	0.003484    	0.003129    	0.00385     	1           
723         	10          	0.003647    	0.003496    	0.003802    	1           
724         	10          	0.003828    	0.00351     	0.004156    	1           
725         	10          	0.003979    	0.003753    	0.004211    	1           
726         	10          	0.004224    	0.003624    	0.004841    	1           
727         	10          	0.00445     	0.003975    	0.004939    	1           
728         	10          	0.004421    	0.003794    	0.005066    	1           
729         	10          	0.004498    	0.00362     	0.005402    	1           
730         	10          	0.004257    	0.003331    	0.005211    	1           
731         	10          	0.004817    	0.00401     	0.005648    	1           
732         	10          	0.004951    	0.004894    	0.00501     	1           
733         	10          	0.00508     	0.005012    	0.00515     	1           
734         	10          	0.00479     	0.00434     	0.005254    	1           
735         	10          	0.004295    	0.003484    	0.005131    	1           
736         	10          	0.003945    	0.003406    	0.0045      	1           
737         	10          	0.00363     	0.003482    	0.003784    	1           
738         	10          	0.004056    	0.003777    	0.004344    	1           
739         	10          	0.003737    	0.003317    	0.004171    	1           
740         	10          	0.003846    	0.003286    	0.004425    	1           
741         	10          	0.003848    	0.003466    	0.004243    	1           
742         	10          	0.003814    	0.003203    	0.004446    	1           
743         	10          	0.003756    	0.00333     	0.004198    	1           
744         	10          	0.003688    	0.003604    	0.003775    	1           
745         	10          	0.003463    	0.00328     	0.003653    	1           
746         	10          	0.003377    	0.003066    	0.003698    	1           
747         	10          	0.003298    	0.002916    	0.003694    	1           
748         	10          	0.003231    	0.003244    	0.003219    	1           
749         	10          	0.003202    	0.00344     	0.002954    	1           
750         	10          	0.003377    	0.003179    	0.003583    	1           
751         	10          	0.003456    	0.003081    	0.003847    	1           
752         	10          	0.003438    	0.003098    	0.003792    	1           
753         	10          	0.003445    	0.003298    	0.003599    	1           
754         	10          	0.003616    	0.003128    	0.004127    	1           
755         	10          	0.00349     	0.002791    	0.004224    	1           
756         	10          	0.003377    	0.00249     	0.00431     	1           
757         	10          	0.00311     	0.002197    	0.00407     	1           
758         	10          	0.003013    	0.002081    	0.003997    	1           
759         	10          	0.003217    	0.002482    	0.003992    	1           
760         	10          	0.00306     	0.002334    	0.003825    	1           
761         	10          	0.003014    	0.002525    	0.003529    	1           
762         	10          	0.003142    	0.002552    	0.003762    	1           
763         	10          	0.003308    	0.002719    	0.003925    	1           
764         	10          	0.003401    	0.003005    	0.003816    	1           
765         	10          	0.003263    	0.002753    	0.0038      	1           
766         	10          	0.003546    	0.003046    	0.004071    	1           
767         	10          	0.003167    	0.002456    	0.003914    	1           
768         	10          	0.003026    	0.002383    	0.003701    	1           
769         	10          	0.00325     	0.002848    	0.003673    	1           
770         	10          	0.003008    	0.00257     	0.003469    	1           
771         	10          	0.002999    	0.002441    	0.003585    	1           
772         	10          	0.002852    	0.002499    	0.003222    	1           
773         	10          	0.002761    	0.002108    	0.003445    	1           
774         	10          	0.002955    	0.002243    	0.0037      	1           
775         	10          	0.002674    	0.002319    	0.003044    	1           
776         	10          	0.003065    	0.00264     	0.003509    	1           
777         	10          	0.002841    	0.002526    	0.00317     	1           
778         	10          	0.002658    	0.002403    	0.002925    	1           
779         	10          	0.002569    	0.002458    	0.002685    	1           
780         	10          	0.002841    	0.00285     	0.002831    	1           
781         	10          	0.003039    	0.003071    	0.003006    	1           
782         	10          	0.003139    	0.003109    	0.00317     	1           
783         	10          	0.003138    	0.002899    	0.003388    	1           
784         	10          	0.003283    	0.003066    	0.00351     	1           
785         	10          	0.003297    	0.002998    	0.003608    	1           
786         	10          	0.002912    	0.002695    	0.003139    	1           
787         	10          	0.003073    	0.002884    	0.003271    	1           
788         	10          	0.003227    	0.003101    	0.003358    	1           
789         	10          	0.003341    	0.002853    	0.003849    	1           
790         	10          	0.00344     	0.00299     	0.003908    	1           
791         	10          	0.00379     	0.002889    	0.004729    	1           
792         	10          	0.003599    	0.003205    	0.004011    	1           
793         	10          	0.003634    	0.003251    	0.004034    	1           
794         	10          	0.003826    	0.003277    	0.004401    	1           
795         	10          	0.003487    	0.002848    	0.004155    	1           
796         	10          	0.003209    	0.002597    	0.003851    	1           
797         	9.95        	0.00289     	0.002564    	0.003231    	1           
798         	10          	0.00309     	0.002992    	0.003192    	1           
799         	10          	0.003399    	0.003232    	0.003574    	1           
800         	10          	0.003678    	0.00378     	0.003571    	1           
801         	10          	0.003557    	0.003505    	0.003613    	1           
802         	10          	0.003167    	0.00338     	0.002943    	1           
803         	10          	0.003163    	0.003494    	0.002816    	1           
804         	10          	0.003095    	0.00305     	0.003142    	1           
805         	10          	0.002955    	0.00269     	0.003232    	1           
806         	9.95        	0.00288     	0.002795    	0.00297     	1           
807         	10          	0.00338     	0.003724    	0.003019    	1           
808         	10          	0.003129    	0.003251    	0.003002    	1           
809         	10          	0.003201    	0.003536    	0.002849    	1           
810         	10          	0.002894    	0.003244    	0.002526    	1           
811         	10          	0.002658    	0.002842    	0.002465    	1           
812         	10          	0.002868    	0.002546    	0.003205    	1           
813         	10          	0.00284     	0.002891    	0.002786    	1           
814         	10          	0.002873    	0.003334    	0.002389    	1           
815         	10          	0.002754    	0.003108    	0.002383    	1           
816         	10          	0.003158    	0.003869    	0.002411    	1           
817         	10          	0.003475    	0.004098    	0.002821    	1           
818         	10          	0.00346     	0.004274    	0.002607    	1           
819         	10          	0.00368     	0.004306    	0.003027    	1           
820         	10          	0.003244    	0.003676    	0.002792    	1           
821         	10          	0.003048    	0.003474    	0.002602    	1           
822         	10          	0.003028    	0.003605    	0.002424    	1           
823         	10          	0.002979    	0.00308     	0.002873    	1           
824         	10          	0.003466    	0.003772    	0.003146    	1           
825         	10          	0.003676    	0.003921    	0.003419    	1           
826         	10          	0.003841    	0.004304    	0.003358    	1           
827         	10          	0.004162    	0.004538    	0.003769    	1           
828         	10          	0.00404     	0.004585    	0.003472    	1           
829         	10          	0.003866    	0.004607    	0.003095    	1           
830         	10          	0.004078    	0.004526    	0.003611    	1           
831         	10          	0.003937    	0.004559    	0.003288    	1           
832         	10          	0.003929    	0.004638    	0.00319     	1           
833         	10          	0.004089    	0.004613    	0.003542    	1           
834         	10          	0.004061    	0.004084    	0.004037    	1           
835         	10          	0.003904    	0.00389     	0.003918    	1           
836         	10          	0.003816    	0.003759    	0.003875    	1           
837         	10          	0.003778    	0.003723    	0.003835    	1           
838         	10          	0.003795    	0.003515    	0.004087    	1           
839         	10          	0.003523    	0.003517    	0.003529    	1           
840         	10          	0.003139    	0.00316     	0.003116    	1           
841         	10          	0.003018    	0.002916    	0.003126    	1           
842         	10          	0.002899    	0.002842    	0.002958    	1           
843         	10          	0.002759    	0.002479    	0.003051    	1           
844         	10          	0.002813    	0.002541    	0.0031      	1           
845         	10          	0.002976    	0.002733    	0.00323     	1           
846         	10          	0.003321    	0.003081    	0.003573    	1           
847         	10          	0.003098    	0.002954    	0.00325     	1           
848         	10          	0.003137    	0.003401    	0.00286     	1           
849         	10          	0.003288    	0.003282    	0.003295    	1           
850         	10          	0.003376    	0.003675    	0.003062    	1           
851         	10          	0.003372    	0.003839    	0.002879    	1           
852         	10          	0.003462    	0.003851    	0.00305     	1           
853         	10          	0.003176    	0.003422    	0.002916    	1           
854         	10          	0.003223    	0.003457    	0.002976    	1           
855         	10          	0.003178    	0.003427    	0.002915    	1           
856         	10          	0.002906    	0.002731    	0.003091    	1           
857         	10          	0.00297     	0.003018    	0.002919    	1           
858         	10          	0.002851    	0.002951    	0.002746    	1           
859         	10          	0.002842    	0.002736    	0.002954    	1           
860         	10          	0.003154    	0.003122    	0.003189    	1           
861         	10          	0.003028    	0.002753    	0.003318    	1           
862         	10          	0.003274    	0.003053    	0.003506    	1           
863         	10          	0.003025    	0.002944    	0.003111    	1           
864         	10          	0.003163    	0.002812    	0.003534    	1           
865         	10          	0.002812    	0.002424    	0.003223    	1           
866         	10          	0.003186    	0.00288     	0.003509    	1           
867         	10          	0.003618    	0.002987    	0.004284    	1           
868         	10          	0.003531    	0.002956    	0.004139    	1           
869         	10          	0.003211    	0.002845    	0.003599    	1           
870         	10          	0.003509    	0.003323    	0.003707    	1           
871         	10          	0.003466    	0.002987    	0.003975    	1           
872         	10          	0.003487    	0.00313     	0.003866    	1           
873         	10          	0.003538    	0.003336    	0.003752    	1           
874         	10          	0.003477    	0.003449    	0.003507    	1           
875         	10          	0.003396    	0.003341    	0.003455    	1           
876         	10          	0.002888    	0.002849    	0.00293     	1           
877         	10          	0.002475    	0.002506    	0.002441    	1           
878         	10          	0.00264     	0.002655    	0.002625    	1           
879         	10          	0.00248     	0.002936    	0.001997    	1           
880         	10          	0.002796    	0.003103    	0.00247     	1           
881         	10          	0.002913    	0.003269    	0.002535    	1           
882         	10          	0.002925    	0.003078    	0.002763    	1           
883         	10          	0.002922    	0.003292    	0.002529    	1           
884         	10          	0.002895    	0.003222    	0.002547    	1           
885         	10          	0.002978    	0.003279    	0.002657    	1           
886         	10          	0.00338     	0.003616    	0.003127    	1           
887         	10          	0.00301     	0.003314    	0.002686    	1           
888         	10          	0.003201    	0.003202    	0.003201    	1           
889         	10          	0.003097    	0.002803    	0.00341     	1           
890         	10          	0.002821    	0.002888    	0.00275     	1           
891         	10          	0.002891    	0.002617    	0.003184    	1           
892         	10          	0.002939    	0.002799    	0.003088    	1           
893         	10          	0.003011    	0.002816    	0.00322     	1           
894         	10          	0.003353    	0.002779    	0.003965    	1           
895         	10          	0.003604    	0.003128    	0.004114    	1           
896         	10          	0.003726    	0.002675    	0.004851    	1           
897         	10          	0.003692    	0.002795    	0.004652    	1           
898         	10          	0.003544    	0.002907    	0.004226    	1           
899         	10          	0.003433    	0.003002    	0.003894    	1           
900         	10          	0.003711    	0.003383    	0.004061    	1           
901         	10          	0.003548    	0.002972    	0.004165    	1           
902         	10          	0.003659    	0.003123    	0.004234    	1           
903         	10          	0.003556    	0.00322     	0.003916    	1           
904         	10          	0.004177    	0.003795    	0.004586    	1           
905         	10          	0.003983    	0.003593    	0.004398    	1           
906         	10          	0.003944    	0.003741    	0.004162    	1           
907         	10          	0.003793    	0.003667    	0.003927    	1           
908         	10          	0.003632    	0.003174    	0.004121    	1           
909         	10          	0.003885    	0.003472    	0.004326    	1           
910         	10          	0.003904    	0.003477    	0.00436     	1           
911         	10          	0.003732    	0.003149    	0.004355    	1           
912         	10          	0.004191    	0.003772    	0.004639    	1           
913         	10          	0.003974    	0.003496    	0.004484    	1           
914         	10          	0.004139    	0.003691    	0.004616    	1           
915         	10          	0.003859    	0.003453    	0.004293    	1           
916         	10          	0.003752    	0.003589    	0.003927    	1           
917         	10          	0.003539    	0.003491    	0.00359     	1           
918         	10          	0.003573    	0.00337     	0.003789    	1           
919         	10          	0.003384    	0.003443    	0.003321    	1           
920         	10          	0.003175    	0.003054    	0.003305    	1           
921         	10          	0.003122    	0.002659    	0.003617    	1           
922         	10          	0.003071    	0.002465    	0.003719    	1           
923         	10          	0.003032    	0.002143    	0.003983    	1           
924         	10          	0.003164    	0.002289    	0.0041      	1           
925         	10          	0.003498    	0.002759    	0.004288    	1           
926         	10          	0.003166    	0.002602    	0.00377     	1           
927         	10          	0.003289    	0.002701    	0.003919    	1           
928         	10          	0.003332    	0.002602    	0.004113    	1           
929         	10          	0.003174    	0.002975    	0.003386    	1           
930         	10          	0.00364     	0.003178    	0.004135    	1           
931         	10          	0.003554    	0.003549    	0.003559    	1           
932         	10          	0.003229    	0.003407    	0.00304     	1           
933         	10          	0.003589    	0.003846    	0.003316    	1           
934         	10          	0.003694    	0.003599    	0.003795    	1           
935         	10          	0.003664    	0.004009    	0.003297    	1           
936         	10          	0.003603    	0.004223    	0.002941    	1           
937         	10          	0.003723    	0.00465     	0.002734    	1           
938         	10          	0.003775    	0.004761    	0.002722    	1           
939         	10          	0.003307    	0.004091    	0.002469    	1           
940         	10          	0.003362    	0.003962    	0.00272     	1           
941         	10          	0.003641    	0.004241    	0.003       	1           
942         	10          	0.003852    	0.004041    	0.003651    	1           
943         	10          	0.003559    	0.003727    	0.003379    	1           
944         	10          	0.003607    	0.004117    	0.003063    	1           
945         	10          	0.004251    	0.005196    	0.003243    	1           
946         	10          	0.004221    	0.005372    	0.002991    	1           
947         	10          	0.004026    	0.004745    	0.003257    	1           
948         	10          	0.004292    	0.00527     	0.003244    	1           
949         	10          	0.004152    	0.004763    	0.0035      	1           
950         	10          	0.004008    	0.004915    	0.003042    	1           
951         	10          	0.00346     	0.003939    	0.002948    	1           
952         	10          	0.003268    	0.003876    	0.00262     	1           
953         	10          	0.003707    	0.004632    	0.00272     	1           
954         	10          	0.003862    	0.004633    	0.003041    	1           
955         	10          	0.003455    	0.004017    	0.002858    	1           
956         	10          	0.003263    	0.003854    	0.002635    	1           
957         	10          	0.003643    	0.004145    	0.003109    	1           
958         	10          	0.003887    	0.004557    	0.003174    	1           
959         	10          	0.004217    	0.005093    	0.003283    	1           
960         	10          	0.004204    	0.005066    	0.003285    	1           
961         	10          	0.00396     	0.004536    	0.003347    	1           
962         	10          	0.003719    	0.004073    	0.003341    	1           
963         	10          	0.003827    	0.004119    	0.003516    	1           
964         	10          	0.004053    	0.004054    	0.004052    	1           
965         	10          	0.004042    	0.004252    	0.003818    	1           
966         	10          	0.003843    	0.0042      	0.003464    	1           
967         	10          	0.003681    	0.003866    	0.003483    	1           
968         	10          	0.003616    	0.003861    	0.003357    	1           
969         	10          	0.003691    	0.00405     	0.003309    	1           
970         	10          	0.00349     	0.003735    	0.003229    	1           
971         	10          	0.003301    	0.003571    	0.003014    	1           
972         	10          	0.003476    	0.003551    	0.003398    	1           
973         	10          	0.003657    	0.003657    	0.003658    	1           
974         	10          	0.003615    	0.003216    	0.004039    	1           
975         	10          	0.00349     	0.003286    	0.003708    	1           
976         	10          	0.0037      	0.003481    	0.003934    	1           
977         	10          	0.003477    	0.003198    	0.003775    	1           
978         	10          	0.003853    	0.003833    	0.003875    	1           
979         	10          	0.003415    	0.003684    	0.003125    	1           
980         	10          	0.003371    	0.003728    	0.002987    	1           
981         	10          	0.0035      	0.003475    	0.003526    	1           
982         	10          	0.00335     	0.003366    	0.003332    	1           
983         	10          	0.0033      	0.003042    	0.003577    	1           
984         	10          	0.003407    	0.002899    	0.003951    	1           
985         	10          	0.00347     	0.003181    	0.003778    	1           
986         	10          	0.003057    	0.003236    	0.002866    	1           
987         	10          	0.003       	0.00336     	0.002615    	1           
988         	10          	0.003336    	0.003901    	0.002733    	1           
989         	10          	0.003466    	0.004187    	0.002697    	1           
990         	10          	0.003376    	0.00402     	0.002688    	1           
991         	10          	0.003275    	0.003885    	0.002626    	1           
992         	10          	0.003116    	0.003557    	0.002644    	1           
993         	10          	0.002905    	0.003613    	0.00215     	1           
994         	10          	0.003023    	0.0036      	0.002407    	1           
995         	10          	0.002877    	0.003314    	0.002411    	1           
996         	10          	0.002932    	0.003353    	0.002483    	1           
997         	10          	0.003055    	0.003119    	0.002987    	1           
998         	10          	0.003056    	0.003018    	0.003096    	1           
999         	10          	0.003235    	0.003316    	0.003147    	1           
1000        	10          	0.003227    	0.003433    	0.003007    	1           
