replicate   	generation  	q.adlt.nbAll	q.adlt.hs   	q.meanG     	q.varG      
1           	1           	153         	0.9867      	-0.02185    	8.011       
1           	100         	60          	0.9678      	0.06469     	1.729       
1           	200         	43          	0.947       	-0.001276   	0.8327      
1           	300         	37          	0.9376      	-0.05704    	0.5631      
1           	400         	24          	0.9226      	-0.09983    	0.3418      
1           	500         	27          	0.9112      	-0.09111    	0.3114      
1           	600         	24          	0.9073      	-0.04888    	0.3043      
1           	700         	27          	0.8958      	-0.04602    	0.2456      
1           	800         	27          	0.8649      	0.01798     	0.2243      
1           	900         	27          	0.8627      	-0.007323   	0.1865      
1           	1000        	29          	0.8707      	0.04518     	0.1497      
1           	1100        	22          	0.8536      	0.02102     	0.1052      
1           	1200        	21          	0.8565      	0.04417     	0.1117      
1           	1300        	20          	0.866       	-0.01474    	0.1269      
1           	1400        	20          	0.854       	-0.03697    	0.1111      
1           	1500        	25          	0.8586      	-0.04217    	0.1316      
1           	1600        	22          	0.8609      	0.01162     	0.1278      
1           	1700        	24          	0.8581      	-0.006765   	0.1402      
1           	1800        	24          	0.8586      	0.03678     	0.1186      
1           	1900        	20          	0.8566      	0.04712     	0.1213      
1           	2000        	20          	0.8319      	0.06393     	0.109       
1           	2100        	17          	0.8396      	0.07144     	0.08938     
1           	2200        	22          	0.832       	0.05889     	0.0925      
1           	2300        	18          	0.8309      	0.07093     	0.1138      
1           	2400        	15          	0.8375      	0.04433     	0.08082     
1           	2500        	14          	0.8499      	0.03747     	0.1112      
1           	2600        	19          	0.8419      	0.05775     	0.09171     
1           	2700        	20          	0.8335      	0.0668      	0.09657     
1           	2800        	24          	0.8216      	0.05398     	0.09891     
1           	2900        	25          	0.8228      	0.04856     	0.106       
1           	3000        	16          	0.8087      	0.02381     	0.1066      
1           	3100        	17          	0.8034      	0.002778    	0.1102      
1           	3200        	20          	0.8154      	0.007975    	0.1033      
1           	3300        	22          	0.815       	0.002816    	0.08821     
1           	3400        	20          	0.8219      	0.001937    	0.09122     
1           	3500        	24          	0.8278      	-0.02659    	0.1087      
1           	3600        	21          	0.8429      	-0.01429    	0.07784     
1           	3700        	18          	0.8315      	-0.01348    	0.09992     
1           	3800        	17          	0.8325      	-0.03521    	0.09892     
1           	3900        	17          	0.8304      	0.01592     	0.08603     
1           	4000        	19          	0.8377      	0.01171     	0.0803      
1           	4100        	21          	0.8356      	-0.008665   	0.1091      
1           	4200        	17          	0.8242      	-0.0215     	0.09864     
1           	4300        	20          	0.823       	-0.01412    	0.07683     
1           	4400        	19          	0.8343      	0.004602    	0.08015     
1           	4500        	22          	0.8253      	-0.03789    	0.09899     
1           	4600        	17          	0.8262      	0.0255      	0.06539     
1           	4700        	16          	0.8246      	0.07591     	0.07463     
1           	4800        	19          	0.8087      	0.05923     	0.07022     
1           	4900        	15          	0.7841      	0.05086     	0.05478     
1           	5000        	22          	0.8217      	0.0467      	0.1048      
2           	1           	153         	0.9867      	-0.02131    	8.13        
2           	100         	58          	0.9692      	-0.02478    	1.938       
2           	200         	42          	0.9558      	0.01689     	0.9621      
2           	300         	33          	0.9442      	0.03284     	0.6706      
2           	400         	32          	0.9374      	-0.1009     	0.5999      
2           	500         	36          	0.9328      	-0.03496    	0.4882      
2           	600         	32          	0.9239      	-0.06948    	0.4129      
2           	700         	29          	0.9205      	-0.06277    	0.3714      
2           	800         	24          	0.9163      	-0.03842    	0.3017      
2           	900         	22          	0.9126      	0.002117    	0.3212      
2           	1000        	27          	0.9023      	-0.0194     	0.284       
2           	1100        	23          	0.8809      	-0.02695    	0.2426      
2           	1200        	28          	0.8683      	-0.03101    	0.1865      
2           	1300        	30          	0.8459      	-0.02131    	0.1818      
2           	1400        	23          	0.8448      	0.0621      	0.1437      
2           	1500        	21          	0.8248      	0.03779     	0.125       
2           	1600        	24          	0.837       	0.06605     	0.1467      
2           	1700        	23          	0.8424      	0.09506     	0.1391      
2           	1800        	25          	0.837       	0.06529     	0.1351      
2           	1900        	16          	0.8201      	0.06953     	0.101       
2           	2000        	22          	0.8069      	0.0455      	0.1086      
2           	2100        	25          	0.7936      	0.08522     	0.1174      
2           	2200        	16          	0.791       	0.1312      	0.09044     
2           	2300        	18          	0.7867      	0.1336      	0.05373     
2           	2400        	15          	0.7605      	0.1023      	0.06097     
2           	2500        	22          	0.7763      	0.1495      	0.05517     
2           	2600        	19          	0.7794      	0.1398      	0.0511      
2           	2700        	20          	0.7662      	0.1556      	0.04831     
2           	2800        	15          	0.7842      	0.1729      	0.04934     
2           	2900        	19          	0.7652      	0.1485      	0.05172     
2           	3000        	21          	0.7657      	0.131       	0.05191     
2           	3100        	15          	0.7694      	0.1149      	0.05019     
2           	3200        	19          	0.7547      	0.1039      	0.05495     
2           	3300        	18          	0.7504      	0.1053      	0.0461      
2           	3400        	18          	0.7415      	0.1079      	0.09801     
2           	3500        	25          	0.7211      	0.1426      	0.1011      
2           	3600        	16          	0.6889      	0.1152      	0.05211     
2           	3700        	23          	0.6781      	0.1083      	0.07753     
2           	3800        	17          	0.6909      	0.08221     	0.06737     
2           	3900        	25          	0.6854      	0.07304     	0.1038      
2           	4000        	17          	0.6875      	0.0604      	0.07843     
2           	4100        	26          	0.6889      	0.1229      	0.07768     
2           	4200        	17          	0.6581      	0.08078     	0.07007     
2           	4300        	15          	0.6492      	0.07418     	0.04512     
2           	4400        	21          	0.6467      	0.06891     	0.04326     
2           	4500        	18          	0.6094      	0.05222     	0.041       
2           	4600        	17          	0.6153      	0.0167      	0.06282     
2           	4700        	19          	0.5937      	0.02562     	0.04332     
2           	4800        	19          	0.5954      	0.02407     	0.04057     
2           	4900        	16          	0.6121      	0.002117    	0.06961     
2           	5000        	19          	0.6236      	-0.02066    	0.06098     
3           	1           	150         	0.9866      	0.03391     	7.906       
3           	100         	61          	0.9635      	-0.04119    	1.522       
3           	200         	44          	0.9446      	-0.03231    	0.7693      
3           	300         	36          	0.9301      	-0.09015    	0.5328      
3           	400         	31          	0.9124      	-0.05094    	0.3185      
3           	500         	29          	0.894       	-0.02236    	0.205       
3           	600         	24          	0.8764      	-0.02192    	0.1792      
3           	700         	25          	0.8778      	-0.01103    	0.2087      
3           	800         	27          	0.8661      	-0.08905    	0.23        
3           	900         	22          	0.8432      	-0.1068     	0.2102      
3           	1000        	20          	0.8257      	-0.05361    	0.1873      
3           	1100        	25          	0.8171      	-0.1189     	0.1725      
3           	1200        	22          	0.7868      	-0.082      	0.1708      
3           	1300        	24          	0.7457      	-0.008825   	0.1661      
3           	1400        	22          	0.7464      	0.01228     	0.1489      
3           	1500        	23          	0.7655      	0.01316     	0.147       
3           	1600        	21          	0.7474      	0.003288    	0.124       
3           	1700        	24          	0.6995      	-0.007153   	0.09761     
3           	1800        	23          	0.6938      	0.03246     	0.0934      
3           	1900        	26          	0.6672      	0.09839     	0.08823     
3           	2000        	23          	0.6144      	0.06554     	0.1214      
3           	2100        	24          	0.5427      	0.07628     	0.05952     
3           	2200        	19          	0.5507      	0.09674     	0.05273     
3           	2300        	16          	0.5102      	0.1001      	0.07076     
3           	2400        	18          	0.4315      	0.07983     	0.0489      
3           	2500        	22          	0.453       	0.09031     	0.05126     
3           	2600        	21          	0.4322      	0.07838     	0.05608     
3           	2700        	20          	0.4062      	0.07747     	0.04137     
3           	2800        	17          	0.4102      	0.06974     	0.02853     
3           	2900        	20          	0.4531      	0.1011      	0.06553     
3           	3000        	21          	0.4633      	0.07943     	0.04966     
3           	3100        	20          	0.4205      	0.07895     	0.05016     
3           	3200        	19          	0.4059      	0.06079     	0.04439     
3           	3300        	15          	0.3619      	0.05232     	0.0392      
3           	3400        	18          	0.3726      	0.05589     	0.0516      
3           	3500        	17          	0.45        	0.08826     	0.06022     
3           	3600        	18          	0.4779      	0.1137      	0.07046     
3           	3700        	20          	0.4751      	0.1115      	0.06231     
3           	3800        	18          	0.5177      	0.09724     	0.05793     
3           	3900        	20          	0.554       	0.1076      	0.09996     
3           	4000        	14          	0.5434      	0.1114      	0.04266     
3           	4100        	19          	0.5545      	0.1293      	0.0564      
3           	4200        	14          	0.5201      	0.1188      	0.05892     
3           	4300        	20          	0.4782      	0.08988     	0.05609     
3           	4400        	24          	0.4804      	0.09838     	0.0755      
3           	4500        	18          	0.4882      	0.07773     	0.03875     
3           	4600        	20          	0.4382      	0.05066     	0.05633     
3           	4700        	15          	0.4465      	0.05765     	0.06063     
3           	4800        	15          	0.4273      	0.09749     	0.09154     
3           	4900        	13          	0.4368      	0.06472     	0.04651     
3           	5000        	21          	0.4824      	0.1021      	0.07738     
4           	1           	147         	0.9867      	0.03055     	8.014       
4           	100         	60          	0.9676      	-0.09569    	1.725       
4           	200         	44          	0.9552      	0.06576     	0.9561      
4           	300         	39          	0.94        	-0.0111     	0.6604      
4           	400         	32          	0.9276      	-0.05795    	0.5624      
4           	500         	33          	0.9176      	-0.04881    	0.4476      
4           	600         	33          	0.8966      	-0.04066    	0.3733      
4           	700         	35          	0.8809      	-0.06547    	0.3504      
4           	800         	25          	0.8876      	-0.08223    	0.2819      
4           	900         	28          	0.8619      	-0.1467     	0.2666      
4           	1000        	22          	0.8616      	-0.1063     	0.2925      
4           	1100        	30          	0.8744      	-0.03752    	0.3251      
4           	1200        	23          	0.8515      	-0.01671    	0.2768      
4           	1300        	24          	0.8443      	0.07166     	0.3153      
4           	1400        	26          	0.857       	0.04439     	0.3368      
4           	1500        	27          	0.8523      	0.01113     	0.2373      
4           	1600        	25          	0.8745      	0.002022    	0.2419      
4           	1700        	22          	0.8441      	0.05508     	0.2072      
4           	1800        	22          	0.8351      	-0.04489    	0.2138      
4           	1900        	24          	0.8426      	0.01824     	0.2214      
4           	2000        	29          	0.8537      	0.01313     	0.26        
4           	2100        	27          	0.8668      	0.05196     	0.2344      
4           	2200        	28          	0.8467      	0.06534     	0.2035      
4           	2300        	25          	0.8457      	0.01958     	0.1646      
4           	2400        	19          	0.8218      	0.0313      	0.1376      
4           	2500        	19          	0.8082      	0.01322     	0.1296      
4           	2600        	20          	0.8013      	0.01937     	0.1292      
4           	2700        	21          	0.7876      	0.01549     	0.118       
4           	2800        	20          	0.7916      	0.03225     	0.1214      
4           	2900        	19          	0.7914      	0.04701     	0.1017      
4           	3000        	18          	0.793       	0.06325     	0.0916      
4           	3100        	16          	0.7815      	0.04262     	0.09748     
4           	3200        	22          	0.7756      	0.0563      	0.1006      
4           	3300        	27          	0.7661      	0.06695     	0.1313      
4           	3400        	16          	0.779       	0.0363      	0.09387     
4           	3500        	20          	0.7803      	0.005225    	0.1036      
4           	3600        	15          	0.7756      	0.06523     	0.08827     
4           	3700        	17          	0.7649      	0.09726     	0.08376     
4           	3800        	20          	0.7683      	0.1058      	0.09036     
4           	3900        	20          	0.7868      	0.1024      	0.09198     
4           	4000        	22          	0.7901      	0.1246      	0.1097      
4           	4100        	24          	0.7709      	0.1658      	0.139       
4           	4200        	24          	0.7644      	0.1615      	0.147       
4           	4300        	11          	0.7527      	0.1418      	0.07718     
4           	4400        	22          	0.779       	0.1749      	0.1162      
4           	4500        	18          	0.7558      	0.2053      	0.07135     
4           	4600        	20          	0.7282      	0.2337      	0.06127     
4           	4700        	16          	0.7237      	0.1921      	0.07741     
4           	4800        	23          	0.7173      	0.1635      	0.09539     
4           	4900        	25          	0.7281      	0.1547      	0.1016      
4           	5000        	18          	0.729       	0.1936      	0.07657     
5           	1           	152         	0.9865      	-0.008466   	7.738       
5           	100         	58          	0.9665      	0.07132     	1.653       
5           	200         	44          	0.9482      	0.1093      	0.968       
5           	300         	34          	0.937       	0.05181     	0.6723      
5           	400         	33          	0.923       	0.04988     	0.5701      
5           	500         	32          	0.9135      	0.007663    	0.5172      
5           	600         	26          	0.9071      	-0.04449    	0.4181      
5           	700         	25          	0.895       	-0.01528    	0.4307      
5           	800         	31          	0.8858      	0.01855     	0.3467      
5           	900         	28          	0.8852      	-0.06118    	0.3124      
5           	1000        	21          	0.8696      	-0.01735    	0.2346      
5           	1100        	22          	0.8754      	0.02025     	0.2528      
5           	1200        	22          	0.8684      	-0.01082    	0.2583      
5           	1300        	24          	0.8648      	-0.06778    	0.2448      
5           	1400        	23          	0.8483      	-0.1108     	0.2282      
5           	1500        	24          	0.8359      	-0.0874     	0.2297      
5           	1600        	21          	0.8277      	-0.1714     	0.1966      
5           	1700        	24          	0.8397      	-0.0442     	0.2394      
5           	1800        	21          	0.8384      	-0.004857   	0.1926      
5           	1900        	19          	0.8466      	0.06045     	0.1857      
5           	2000        	20          	0.8311      	0.004885    	0.178       
5           	2100        	26          	0.8422      	-0.03062    	0.2122      
5           	2200        	20          	0.8522      	-0.03912    	0.1648      
5           	2300        	17          	0.87        	0.003997    	0.1777      
5           	2400        	22          	0.8705      	-0.0133     	0.198       
5           	2500        	19          	0.8553      	-0.01063    	0.1783      
5           	2600        	24          	0.8475      	0.0005764   	0.1793      
5           	2700        	22          	0.8292      	-0.01885    	0.1646      
5           	2800        	21          	0.8194      	-0.03386    	0.16        
5           	2900        	25          	0.8129      	-0.006321   	0.1685      
5           	3000        	24          	0.7929      	-0.01376    	0.1396      
5           	3100        	20          	0.7701      	-0.01444    	0.1341      
5           	3200        	23          	0.7571      	-0.03692    	0.1244      
5           	3300        	22          	0.7485      	-0.01309    	0.1398      
5           	3400        	24          	0.7677      	0.01222     	0.1355      
5           	3500        	24          	0.7739      	-0.1133     	0.1423      
5           	3600        	22          	0.741       	-0.1045     	0.1369      
5           	3700        	21          	0.7153      	-0.1238     	0.1178      
5           	3800        	14          	0.7021      	-0.105      	0.08507     
5           	3900        	24          	0.7035      	-0.08957    	0.1175      
5           	4000        	18          	0.704       	-0.09786    	0.1018      
5           	4100        	21          	0.6837      	-0.06287    	0.1109      
5           	4200        	19          	0.6833      	-0.02424    	0.109       
5           	4300        	21          	0.6971      	0.0006803   	0.119       
5           	4400        	17          	0.6548      	-0.03237    	0.07811     
5           	4500        	17          	0.6169      	-0.03723    	0.07534     
5           	4600        	16          	0.6105      	-0.02364    	0.07733     
5           	4700        	22          	0.5948      	-0.02712    	0.08695     
5           	4800        	21          	0.6087      	-0.05356    	0.08232     
5           	4900        	17          	0.6271      	-0.08427    	0.07258     
5           	5000        	14          	0.6268      	-0.111      	0.06881     
6           	1           	152         	0.9865      	0.03009     	8.001       
6           	100         	59          	0.9672      	-0.004016   	1.699       
6           	200         	42          	0.9502      	0.171       	0.9629      
6           	300         	39          	0.9252      	0.09557     	0.7049      
6           	400         	34          	0.9149      	0.04442     	0.5054      
6           	500         	30          	0.9019      	0.0774      	0.4849      
6           	600         	29          	0.8691      	0.06669     	0.4296      
6           	700         	28          	0.842       	0.06964     	0.384       
6           	800         	30          	0.7865      	0.04108     	0.3353      
6           	900         	27          	0.7691      	0.05403     	0.3183      
6           	1000        	26          	0.7748      	0.09943     	0.2984      
6           	1100        	25          	0.7359      	0.151       	0.2793      
6           	1200        	24          	0.7407      	0.131       	0.2849      
6           	1300        	25          	0.7151      	0.1383      	0.2924      
6           	1400        	25          	0.7279      	0.1127      	0.2713      
6           	1500        	19          	0.7349      	0.09125     	0.2273      
6           	1600        	21          	0.7375      	0.04898     	0.2256      
6           	1700        	24          	0.7761      	-0.02076    	0.2266      
6           	1800        	20          	0.7528      	0.02239     	0.2037      
6           	1900        	17          	0.7823      	-0.007228   	0.1993      
6           	2000        	21          	0.7845      	-0.008646   	0.2041      
6           	2100        	19          	0.7693      	-0.01347    	0.201       
6           	2200        	18          	0.7583      	-0.01613    	0.2022      
6           	2300        	22          	0.7825      	-0.01232    	0.2176      
6           	2400        	21          	0.758       	0.02556     	0.1913      
6           	2500        	19          	0.7654      	0.03719     	0.2099      
6           	2600        	19          	0.7766      	0.0175      	0.2066      
6           	2700        	19          	0.7908      	0.01862     	0.1961      
6           	2800        	23          	0.7511      	-0.0001795  	0.1879      
6           	2900        	16          	0.7485      	-0.0006709  	0.1879      
6           	3000        	20          	0.7464      	-0.01485    	0.1943      
6           	3100        	19          	0.774       	-0.02602    	0.1913      
6           	3200        	21          	0.7577      	0.009307    	0.1921      
6           	3300        	22          	0.7653      	0.01358     	0.2169      
6           	3400        	24          	0.7752      	0.05995     	0.1757      
6           	3500        	15          	0.7753      	0.007493    	0.2272      
6           	3600        	22          	0.7765      	0.03471     	0.1481      
6           	3700        	15          	0.7701      	0.02561     	0.1435      
6           	3800        	23          	0.7762      	0.01943     	0.1976      
6           	3900        	17          	0.7552      	0.01024     	0.1514      
6           	4000        	12          	0.7342      	-0.03334    	0.1381      
6           	4100        	16          	0.7131      	-0.07407    	0.1425      
6           	4200        	17          	0.7274      	-0.07331    	0.1599      
6           	4300        	11          	0.725       	-0.05907    	0.1287      
6           	4400        	15          	0.7371      	-0.0804     	0.1426      
6           	4500        	12          	0.7412      	-0.03739    	0.1224      
6           	4600        	16          	0.7492      	-0.04597    	0.1541      
6           	4700        	19          	0.7343      	-0.08773    	0.1638      
6           	4800        	20          	0.7258      	-0.1064     	0.1531      
6           	4900        	17          	0.7237      	-0.1653     	0.1337      
6           	5000        	18          	0.7259      	-0.1632     	0.1521      
7           	1           	152         	0.9866      	0.01753     	7.997       
7           	100         	59          	0.9652      	0.02877     	1.644       
7           	200         	42          	0.9526      	-0.05582    	0.939       
7           	300         	37          	0.9301      	-0.1136     	0.5976      
7           	400         	34          	0.9205      	-0.09123    	0.5255      
7           	500         	35          	0.9293      	-0.001654   	0.484       
7           	600         	32          	0.9271      	0.008031    	0.4713      
7           	700         	26          	0.9158      	0.01303     	0.4066      
7           	800         	27          	0.895       	-0.05983    	0.3288      
7           	900         	27          	0.8988      	-0.05108    	0.3009      
7           	1000        	24          	0.8911      	-0.08818    	0.2749      
7           	1100        	25          	0.8915      	-0.01292    	0.3007      
7           	1200        	20          	0.8923      	-0.04484    	0.3162      
7           	1300        	24          	0.8693      	0.04295     	0.3069      
7           	1400        	22          	0.8767      	0.05072     	0.2982      
7           	1500        	24          	0.8731      	-0.007323   	0.2481      
7           	1600        	23          	0.8698      	0.06447     	0.2569      
7           	1700        	22          	0.8518      	0.03664     	0.2577      
7           	1800        	25          	0.8274      	0.003883    	0.2013      
7           	1900        	24          	0.778       	0.05692     	0.1684      
7           	2000        	21          	0.7825      	0.1095      	0.1375      
7           	2100        	18          	0.816       	0.04118     	0.1553      
7           	2200        	21          	0.8009      	0.1009      	0.1559      
7           	2300        	22          	0.7991      	0.0745      	0.175       
7           	2400        	24          	0.7995      	0.0981      	0.1498      
7           	2500        	28          	0.7908      	0.03429     	0.1269      
7           	2600        	19          	0.8119      	0.03246     	0.1196      
7           	2700        	19          	0.8043      	0.04498     	0.1172      
7           	2800        	23          	0.7831      	0.07754     	0.1171      
7           	2900        	22          	0.7915      	0.03726     	0.08735     
7           	3000        	20          	0.7761      	0.08443     	0.0905      
7           	3100        	22          	0.7715      	0.07879     	0.07072     
7           	3200        	14          	0.7636      	0.09767     	0.06216     
7           	3300        	17          	0.7547      	0.1062      	0.05658     
7           	3400        	25          	0.7617      	0.07844     	0.07191     
7           	3500        	23          	0.7812      	0.01791     	0.09968     
7           	3600        	20          	0.7667      	0.03865     	0.09702     
7           	3700        	19          	0.78        	0.02438     	0.08791     
7           	3800        	18          	0.7901      	0.02693     	0.07343     
7           	3900        	18          	0.7909      	0.03847     	0.08884     
7           	4000        	21          	0.7711      	0.07727     	0.09098     
7           	4100        	21          	0.7736      	0.09023     	0.1058      
7           	4200        	15          	0.7656      	0.05722     	0.09928     
7           	4300        	16          	0.7565      	0.06836     	0.06197     
7           	4400        	15          	0.764       	0.06373     	0.05045     
7           	4500        	19          	0.7507      	0.06604     	0.05352     
7           	4600        	18          	0.7413      	0.04592     	0.05342     
7           	4700        	18          	0.7518      	0.05517     	0.0725      
7           	4800        	18          	0.7463      	0.06174     	0.06791     
7           	4900        	15          	0.7532      	0.008797    	0.05286     
7           	5000        	12          	0.7609      	0.01788     	0.06434     
8           	1           	152         	0.9867      	0.01397     	8.082       
8           	100         	57          	0.9663      	-0.06849    	1.856       
8           	200         	44          	0.9499      	-0.01012    	0.9368      
8           	300         	34          	0.9342      	-0.03883    	0.5257      
8           	400         	30          	0.9345      	-0.08071    	0.4638      
8           	500         	31          	0.9303      	-0.07027    	0.3959      
8           	600         	32          	0.9297      	-0.07274    	0.3506      
8           	700         	35          	0.9239      	-0.04285    	0.3093      
8           	800         	24          	0.916       	-0.0381     	0.2629      
8           	900         	29          	0.9035      	-0.08653    	0.2799      
8           	1000        	26          	0.8896      	-0.08141    	0.2509      
8           	1100        	20          	0.8931      	-0.1171     	0.2338      
8           	1200        	27          	0.8848      	-0.1088     	0.2543      
8           	1300        	27          	0.8903      	-0.05409    	0.2501      
8           	1400        	21          	0.8816      	-0.07387    	0.1725      
8           	1500        	23          	0.8605      	0.009156    	0.1705      
8           	1600        	21          	0.8498      	0.001663    	0.1553      
8           	1700        	23          	0.8772      	0.003458    	0.1868      
8           	1800        	24          	0.8767      	-0.04211    	0.1818      
8           	1900        	27          	0.866       	0.02204     	0.2224      
8           	2000        	21          	0.8707      	-0.008778   	0.187       
8           	2100        	19          	0.8692      	-0.02873    	0.1713      
8           	2200        	23          	0.8687      	-0.05767    	0.1706      
8           	2300        	25          	0.8736      	0.0144      	0.1454      
8           	2400        	22          	0.8684      	0.02781     	0.1352      
8           	2500        	21          	0.8596      	0.03849     	0.1352      
8           	2600        	20          	0.8429      	0.03015     	0.1434      
8           	2700        	25          	0.8446      	-0.01546    	0.1231      
8           	2800        	20          	0.8487      	-0.06833    	0.129       
8           	2900        	21          	0.8381      	-0.09931    	0.1153      
8           	3000        	26          	0.8424      	-0.0348     	0.121       
8           	3100        	16          	0.8181      	-0.06033    	0.1085      
8           	3200        	15          	0.7902      	-0.03779    	0.1252      
8           	3300        	15          	0.7988      	-0.009411   	0.1176      
8           	3400        	18          	0.7985      	0.01107     	0.1101      
8           	3500        	21          	0.7998      	0.04729     	0.1122      
8           	3600        	17          	0.7797      	0.02156     	0.117       
8           	3700        	15          	0.7653      	-0.009298   	0.0968      
8           	3800        	20          	0.7725      	-0.05011    	0.09198     
8           	3900        	22          	0.7874      	-0.001899   	0.1006      
8           	4000        	20          	0.7919      	-0.04315    	0.1141      
8           	4100        	21          	0.7872      	0.01118     	0.1248      
8           	4200        	23          	0.7477      	-0.006917   	0.1128      
8           	4300        	18          	0.7234      	-0.007143   	0.1202      
8           	4400        	22          	0.6937      	0.01144     	0.08137     
8           	4500        	20          	0.6997      	-0.0306     	0.09108     
8           	4600        	19          	0.6935      	-0.04852    	0.06929     
8           	4700        	19          	0.7031      	-0.05115    	0.08353     
8           	4800        	18          	0.6608      	-0.000463   	0.08272     
8           	4900        	22          	0.6515      	0.009959    	0.09861     
8           	5000        	17          	0.6517      	-0.01196    	0.08296     
9           	1           	158         	0.9867      	-0.0713     	8.089       
9           	100         	59          	0.9651      	-0.1203     	1.897       
9           	200         	43          	0.9416      	-0.05337    	0.791       
9           	300         	30          	0.9203      	0.09741     	0.5734      
9           	400         	32          	0.9139      	0.09683     	0.4279      
9           	500         	28          	0.9031      	0.1901      	0.382       
9           	600         	23          	0.8968      	0.129       	0.3133      
9           	700         	24          	0.8868      	0.09705     	0.2752      
9           	800         	25          	0.8716      	0.114       	0.2762      
9           	900         	25          	0.8634      	0.07414     	0.2639      
9           	1000        	27          	0.8622      	-0.02844    	0.2696      
9           	1100        	23          	0.8664      	-0.03564    	0.2483      
9           	1200        	23          	0.8507      	0.02048     	0.1907      
9           	1300        	25          	0.8397      	-0.03682    	0.2157      
9           	1400        	23          	0.8255      	0.01397     	0.1866      
9           	1500        	20          	0.8279      	0.006463    	0.205       
9           	1600        	23          	0.8215      	-0.0007181  	0.1905      
9           	1700        	21          	0.8102      	-0.03908    	0.1789      
9           	1800        	17          	0.8065      	-0.08127    	0.171       
9           	1900        	18          	0.7922      	-0.1398     	0.1459      
9           	2000        	14          	0.7745      	-0.1058     	0.1326      
9           	2100        	26          	0.7764      	-0.1067     	0.1521      
9           	2200        	17          	0.7414      	-0.0981     	0.1234      
9           	2300        	14          	0.7271      	-0.02848    	0.1728      
9           	2400        	18          	0.6955      	-0.06574    	0.1283      
9           	2500        	18          	0.7197      	-0.01993    	0.1384      
9           	2600        	21          	0.7171      	0.01116     	0.1307      
9           	2700        	23          	0.6875      	-0.0309     	0.1542      
9           	2800        	18          	0.6816      	-0.04106    	0.1201      
9           	2900        	16          	0.7017      	-0.04857    	0.1399      
9           	3000        	15          	0.6614      	-0.01277    	0.1126      
9           	3100        	18          	0.6709      	-0.01726    	0.09916     
9           	3200        	14          	0.6941      	0.01662     	0.1223      
9           	3300        	16          	0.6674      	0.02963     	0.09522     
9           	3400        	23          	0.6889      	0.02674     	0.115       
9           	3500        	18          	0.6674      	0.01403     	0.1112      
9           	3600        	21          	0.6654      	0.05058     	0.1114      
9           	3700        	17          	0.6514      	0.07444     	0.102       
9           	3800        	18          	0.628       	0.05276     	0.1167      
9           	3900        	17          	0.6053      	0.05397     	0.08917     
9           	4000        	16          	0.5906      	0.07253     	0.08129     
9           	4100        	18          	0.5786      	0.04711     	0.06328     
9           	4200        	18          	0.5848      	0.03937     	0.06948     
9           	4300        	15          	0.5858      	0.01473     	0.07679     
9           	4400        	13          	0.5768      	0.03677     	0.09821     
9           	4500        	14          	0.5639      	0.04831     	0.07998     
9           	4600        	17          	0.5832      	0.002438    	0.07963     
9           	4700        	17          	0.5764      	-0.01306    	0.09227     
9           	4800        	18          	0.5652      	-0.05745    	0.08576     
9           	4900        	16          	0.5645      	-0.03719    	0.06863     
9           	5000        	17          	0.5793      	-0.03986    	0.08149     
10          	1           	153         	0.9867      	-0.001597   	8.022       
10          	100         	54          	0.9634      	-0.005121   	1.516       
10          	200         	41          	0.9485      	-0.1092     	1.006       
10          	300         	38          	0.9268      	-0.0195     	0.6807      
10          	400         	31          	0.9097      	0.04234     	0.5083      
10          	500         	34          	0.9064      	0.06386     	0.4431      
10          	600         	24          	0.8921      	0.04562     	0.3683      
10          	700         	25          	0.873       	0.06977     	0.3189      
10          	800         	28          	0.868       	0.0402      	0.295       
10          	900         	24          	0.8529      	-0.05879    	0.2228      
10          	1000        	25          	0.856       	-0.06979    	0.1683      
10          	1100        	29          	0.861       	-0.07958    	0.1584      
10          	1200        	23          	0.8467      	-0.1131     	0.1604      
10          	1300        	20          	0.8383      	-0.1004     	0.1397      
10          	1400        	19          	0.8051      	-0.05642    	0.1139      
10          	1500        	24          	0.7797      	-0.08517    	0.1002      
10          	1600        	22          	0.78        	-0.06154    	0.09826     
10          	1700        	20          	0.7834      	-0.06082    	0.1175      
10          	1800        	18          	0.7662      	-0.1057     	0.06688     
10          	1900        	17          	0.7658      	-0.111      	0.04945     
10          	2000        	16          	0.7614      	-0.09662    	0.05842     
10          	2100        	23          	0.7448      	-0.1209     	0.08633     
10          	2200        	17          	0.7369      	-0.1242     	0.06343     
10          	2300        	17          	0.7447      	-0.1312     	0.0514      
10          	2400        	16          	0.7592      	-0.1418     	0.05918     
10          	2500        	20          	0.7573      	-0.1053     	0.09458     
10          	2600        	22          	0.7637      	-0.1401     	0.06999     
10          	2700        	20          	0.7511      	-0.08504    	0.08091     
10          	2800        	15          	0.7359      	-0.1097     	0.06217     
10          	2900        	18          	0.7141      	-0.07342    	0.07783     
10          	3000        	25          	0.6996      	-0.09436    	0.05855     
10          	3100        	19          	0.7005      	-0.07858    	0.06821     
10          	3200        	18          	0.7021      	-0.04566    	0.05483     
10          	3300        	18          	0.6852      	-0.04828    	0.03559     
10          	3400        	18          	0.6757      	-0.02943    	0.04421     
10          	3500        	16          	0.6799      	-0.02218    	0.03974     
10          	3600        	19          	0.6974      	0.01314     	0.0696      
10          	3700        	16          	0.7148      	0.01674     	0.08512     
10          	3800        	20          	0.7035      	0.02354     	0.1178      
10          	3900        	23          	0.6998      	0.008995    	0.06832     
10          	4000        	15          	0.6941      	0.02195     	0.07274     
10          	4100        	13          	0.6865      	7.559e-05   	0.06339     
10          	4200        	23          	0.7029      	0.02979     	0.1143      
10          	4300        	23          	0.6938      	0.003751    	0.08041     
10          	4400        	18          	0.6966      	-0.0284     	0.1084      
10          	4500        	21          	0.6994      	0.012       	0.07081     
10          	4600        	22          	0.7066      	-0.0003496  	0.08286     
10          	4700        	17          	0.7003      	-0.03071    	0.04134     
10          	4800        	19          	0.673       	-0.02696    	0.02386     
10          	4900        	15          	0.6822      	-0.02029    	0.0213      
10          	5000        	18          	0.683       	0.003685    	0.02654     
