replicate   	generation  	n.adlt.nbAll	n.adlt.fst  	n.adlt.fst_l1	n.adlt.fst_l2
1           	1           	5.5         	0.5055      	1           	1.984e-05   
1           	2           	7.15        	0.5008      	0.9905      	0.0004356   
1           	3           	8.5         	0.4944      	0.9772      	0.001121    
1           	4           	8.9         	0.4881      	0.9638      	0.001615    
1           	5           	9.3         	0.4843      	0.956       	0.002124    
1           	6           	9.75        	0.4781      	0.9438      	0.002478    
1           	7           	9.85        	0.4725      	0.9321      	0.002738    
1           	8           	9.85        	0.4668      	0.9199      	0.003574    
1           	9           	9.85        	0.4617      	0.9091      	0.003972    
1           	10          	9.95        	0.4534      	0.8929      	0.004276    
1           	11          	9.95        	0.4484      	0.8819      	0.004822    
1           	12          	9.95        	0.444       	0.8723      	0.005756    
1           	13          	9.9         	0.4424      	0.8686      	0.005975    
1           	14          	9.9         	0.4351      	0.8537      	0.006978    
1           	15          	9.85        	0.4333      	0.8499      	0.007365    
1           	16          	9.95        	0.4287      	0.8405      	0.007629    
1           	17          	10          	0.4224      	0.8272      	0.00815     
1           	18          	9.95        	0.417       	0.8155      	0.009255    
1           	19          	10          	0.4145      	0.8103      	0.00934     
1           	20          	9.9         	0.41        	0.8015      	0.009446    
1           	21          	9.9         	0.4069      	0.7953      	0.009279    
1           	22          	9.95        	0.4003      	0.7816      	0.009653    
1           	23          	10          	0.3944      	0.7686      	0.0105      
1           	24          	10          	0.39        	0.7593      	0.01099     
1           	25          	10          	0.3885      	0.7557      	0.01183     
1           	26          	9.95        	0.3806      	0.7391      	0.01269     
1           	27          	10          	0.3794      	0.7374      	0.01172     
1           	28          	10          	0.3769      	0.7322      	0.01192     
1           	29          	9.95        	0.3724      	0.7233      	0.01232     
1           	30          	9.95        	0.3709      	0.7193      	0.01322     
1           	31          	10          	0.3666      	0.7103      	0.01392     
1           	32          	10          	0.3644      	0.706       	0.0141      
1           	33          	10          	0.3626      	0.7031      	0.01368     
1           	34          	10          	0.3582      	0.6939      	0.01475     
1           	35          	10          	0.3513      	0.6798      	0.01533     
1           	36          	10          	0.3508      	0.6784      	0.0159      
1           	37          	10          	0.3456      	0.6684      	0.01586     
1           	38          	10          	0.3472      	0.6709      	0.01692     
1           	39          	10          	0.3417      	0.6596      	0.01721     
1           	40          	10          	0.3387      	0.6543      	0.01652     
1           	41          	10          	0.3405      	0.6576      	0.01664     
1           	42          	10          	0.3362      	0.6504      	0.01556     
1           	43          	10          	0.3305      	0.6379      	0.01661     
1           	44          	10          	0.3274      	0.6311      	0.01756     
1           	45          	10          	0.3185      	0.6146      	0.01626     
1           	46          	10          	0.3146      	0.6063      	0.01695     
1           	47          	10          	0.3118      	0.6019      	0.01625     
1           	48          	10          	0.309       	0.5966      	0.01572     
1           	49          	10          	0.3024      	0.5839      	0.01559     
1           	50          	10          	0.2967      	0.5729      	0.01513     
1           	51          	10          	0.2944      	0.5682      	0.01567     
1           	52          	10          	0.294       	0.567       	0.01566     
1           	53          	10          	0.2937      	0.5654      	0.01645     
1           	54          	10          	0.2877      	0.5536      	0.01657     
1           	55          	10          	0.2822      	0.5425      	0.01713     
1           	56          	10          	0.278       	0.5343      	0.01729     
1           	57          	10          	0.2754      	0.5284      	0.0181      
1           	58          	10          	0.2687      	0.5155      	0.01774     
1           	59          	10          	0.2655      	0.5093      	0.01759     
1           	60          	10          	0.2618      	0.502       	0.01785     
1           	61          	10          	0.2581      	0.4953      	0.01695     
1           	62          	10          	0.2542      	0.4868      	0.01776     
1           	63          	10          	0.2502      	0.4785      	0.01802     
1           	64          	10          	0.2459      	0.4705      	0.01761     
1           	65          	10          	0.2423      	0.4639      	0.0169      
1           	66          	10          	0.2402      	0.4593      	0.01733     
1           	67          	10          	0.2415      	0.4631      	0.01634     
1           	68          	10          	0.239       	0.4582      	0.01639     
1           	69          	10          	0.2344      	0.4484      	0.01712     
1           	70          	10          	0.2343      	0.4478      	0.01748     
1           	71          	10          	0.2296      	0.4382      	0.01796     
1           	72          	10          	0.2269      	0.4321      	0.01862     
1           	73          	10          	0.224       	0.4251      	0.01981     
1           	74          	10          	0.222       	0.4209      	0.02004     
1           	75          	10          	0.218       	0.4135      	0.01945     
1           	76          	10          	0.2159      	0.4099      	0.01868     
1           	77          	10          	0.2132      	0.4035      	0.01956     
1           	78          	10          	0.2139      	0.4049      	0.01983     
1           	79          	10          	0.2115      	0.3991      	0.02051     
1           	80          	10          	0.2098      	0.3952      	0.02102     
1           	81          	10          	0.2069      	0.3894      	0.02089     
1           	82          	10          	0.2011      	0.378       	0.02074     
1           	83          	10          	0.2022      	0.379       	0.0219      
1           	84          	10          	0.1965      	0.3679      	0.0218      
1           	85          	9.95        	0.196       	0.3678      	0.02106     
1           	86          	9.95        	0.192       	0.3599      	0.02114     
1           	87          	10          	0.1887      	0.353       	0.02143     
1           	88          	9.95        	0.188       	0.3506      	0.02275     
1           	89          	9.95        	0.1856      	0.3452      	0.02339     
1           	90          	9.95        	0.1853      	0.3456      	0.02235     
1           	91          	9.95        	0.1816      	0.3395      	0.0211      
1           	92          	10          	0.1773      	0.3306      	0.02138     
1           	93          	10          	0.1758      	0.3266      	0.02225     
1           	94          	10          	0.1723      	0.3196      	0.02231     
1           	95          	10          	0.1733      	0.3209      	0.0229      
1           	96          	10          	0.1736      	0.3221      	0.02254     
1           	97          	10          	0.1713      	0.3177      	0.02237     
1           	98          	10          	0.1655      	0.3056      	0.02285     
1           	99          	10          	0.166       	0.3061      	0.02344     
1           	100         	10          	0.1626      	0.2974      	0.02539     
1           	101         	10          	0.1586      	0.2905      	0.02439     
1           	102         	10          	0.1556      	0.2854      	0.02358     
1           	103         	9.95        	0.1512      	0.2768      	0.02338     
1           	104         	10          	0.1489      	0.2718      	0.02387     
1           	105         	10          	0.1509      	0.2759      	0.0238      
1           	106         	10          	0.1493      	0.2726      	0.02412     
1           	107         	10          	0.1505      	0.2747      	0.02435     
1           	108         	10          	0.15        	0.2729      	0.02526     
1           	109         	10          	0.1493      	0.2724      	0.02433     
1           	110         	10          	0.146       	0.2658      	0.02433     
1           	111         	10          	0.1455      	0.2648      	0.02423     
1           	112         	10          	0.1468      	0.2675      	0.02428     
1           	113         	10          	0.1467      	0.2679      	0.02374     
1           	114         	10          	0.1451      	0.2646      	0.02373     
1           	115         	10          	0.1477      	0.2682      	0.02533     
1           	116         	10          	0.1446      	0.2618      	0.02564     
1           	117         	10          	0.1402      	0.252       	0.02683     
1           	118         	10          	0.1365      	0.2447      	0.0269      
1           	119         	10          	0.1384      	0.2471      	0.02826     
1           	120         	10          	0.1375      	0.247       	0.02651     
1           	121         	10          	0.1342      	0.2419      	0.02498     
1           	122         	9.95        	0.1376      	0.249       	0.02462     
1           	123         	10          	0.1353      	0.245       	0.0242      
1           	124         	10          	0.133       	0.2398      	0.02473     
1           	125         	10          	0.1306      	0.2343      	0.02546     
1           	126         	10          	0.1276      	0.2295      	0.02439     
1           	127         	10          	0.1271      	0.2288      	0.02394     
1           	128         	10          	0.1255      	0.2249      	0.02457     
1           	129         	10          	0.122       	0.219       	0.02366     
1           	130         	10          	0.122       	0.2178      	0.02475     
1           	131         	10          	0.1213      	0.2152      	0.02594     
1           	132         	10          	0.1198      	0.2127      	0.02554     
1           	133         	10          	0.1202      	0.2134      	0.02548     
1           	134         	10          	0.1199      	0.2132      	0.02503     
1           	135         	10          	0.1186      	0.2104      	0.02539     
1           	136         	10          	0.116       	0.2051      	0.02537     
1           	137         	10          	0.1155      	0.2029      	0.02673     
1           	138         	10          	0.1155      	0.2024      	0.02715     
1           	139         	10          	0.1131      	0.1989      	0.02588     
1           	140         	10          	0.1109      	0.1928      	0.02764     
1           	141         	10          	0.1059      	0.1826      	0.02798     
1           	142         	10          	0.1058      	0.182       	0.0284      
1           	143         	10          	0.1056      	0.1815      	0.02854     
1           	144         	10          	0.1062      	0.1828      	0.02828     
1           	145         	10          	0.1061      	0.1827      	0.02816     
1           	146         	10          	0.1083      	0.1866      	0.02869     
1           	147         	10          	0.1086      	0.1874      	0.02847     
1           	148         	10          	0.1052      	0.1804      	0.02885     
1           	149         	10          	0.103       	0.1765      	0.0284      
1           	150         	10          	0.1027      	0.1759      	0.0284      
1           	151         	10          	0.09937     	0.1698      	0.02779     
1           	152         	10          	0.09827     	0.1678      	0.02761     
1           	153         	10          	0.09846     	0.1674      	0.0284      
1           	154         	9.95        	0.1004      	0.1703      	0.02936     
1           	155         	10          	0.09839     	0.1668      	0.02875     
1           	156         	10          	0.09926     	0.1686      	0.02862     
1           	157         	10          	0.09857     	0.1674      	0.02849     
1           	158         	9.95        	0.09646     	0.1625      	0.02923     
1           	159         	10          	0.09672     	0.1622      	0.0301      
1           	160         	10          	0.0975      	0.1644      	0.02936     
1           	161         	9.95        	0.09675     	0.1629      	0.02935     
1           	162         	9.95        	0.09934     	0.1671      	0.03028     
1           	163         	10          	0.09597     	0.161       	0.02981     
1           	164         	10          	0.09321     	0.1554      	0.02995     
1           	165         	10          	0.09566     	0.1608      	0.0294      
1           	166         	10          	0.09482     	0.1588      	0.02972     
1           	167         	10          	0.09323     	0.1554      	0.02997     
1           	168         	10          	0.09244     	0.1537      	0.03        
1           	169         	10          	0.08898     	0.1478      	0.029       
1           	170         	10          	0.08904     	0.1465      	0.0305      
1           	171         	10          	0.08653     	0.141       	0.03116     
1           	172         	10          	0.08611     	0.1405      	0.03083     
1           	173         	10          	0.08622     	0.1408      	0.03073     
1           	174         	10          	0.08535     	0.1398      	0.02995     
1           	175         	10          	0.08682     	0.1423      	0.03034     
1           	176         	9.95        	0.08791     	0.1439      	0.0309      
1           	177         	9.95        	0.08864     	0.1445      	0.03172     
1           	178         	9.95        	0.08979     	0.147       	0.03156     
1           	179         	10          	0.08835     	0.1453      	0.03043     
1           	180         	10          	0.08759     	0.1439      	0.03023     
1           	181         	10          	0.08465     	0.1389      	0.02946     
1           	182         	10          	0.08443     	0.1395      	0.02835     
1           	183         	10          	0.08485     	0.1393      	0.02937     
1           	184         	10          	0.08815     	0.1452      	0.03002     
1           	185         	10          	0.08738     	0.1432      	0.03052     
1           	186         	10          	0.08826     	0.1454      	0.03003     
1           	187         	10          	0.08951     	0.1483      	0.02961     
1           	188         	10          	0.08917     	0.1479      	0.02935     
1           	189         	10          	0.08885     	0.1482      	0.02845     
1           	190         	10          	0.08895     	0.1495      	0.02735     
1           	191         	10          	0.08588     	0.1448      	0.02596     
1           	192         	10          	0.08495     	0.1431      	0.02578     
1           	193         	9.95        	0.08638     	0.1458      	0.02592     
1           	194         	9.95        	0.08516     	0.144       	0.02532     
1           	195         	9.95        	0.08251     	0.1387      	0.02536     
1           	196         	9.95        	0.08034     	0.1356      	0.024       
1           	197         	9.95        	0.07944     	0.1335      	0.02424     
1           	198         	9.95        	0.07916     	0.1324      	0.02468     
1           	199         	10          	0.07799     	0.1309      	0.02393     
1           	200         	10          	0.07781     	0.1305      	0.02399     
1           	201         	10          	0.0767      	0.1286      	0.02377     
1           	202         	10          	0.07633     	0.1279      	0.02366     
1           	203         	10          	0.07593     	0.1269      	0.02387     
1           	204         	10          	0.07502     	0.1254      	0.02355     
1           	205         	10          	0.07622     	0.1281      	0.02324     
1           	206         	10          	0.07511     	0.1251      	0.02403     
1           	207         	10          	0.07455     	0.1246      	0.02337     
1           	208         	9.95        	0.07415     	0.1226      	0.02469     
1           	209         	10          	0.07241     	0.1198      	0.02408     
1           	210         	10          	0.07183     	0.1188      	0.0239      
1           	211         	10          	0.0721      	0.1184      	0.02485     
1           	212         	10          	0.07        	0.1146      	0.02449     
1           	213         	10          	0.069       	0.1127      	0.02436     
1           	214         	10          	0.06856     	0.1123      	0.02383     
1           	215         	10          	0.06861     	0.1126      	0.02374     
1           	216         	10          	0.06582     	0.1069      	0.02388     
1           	217         	10          	0.06596     	0.1067      	0.02439     
1           	218         	10          	0.06367     	0.1022      	0.02435     
1           	219         	10          	0.06567     	0.1066      	0.02385     
1           	220         	10          	0.06741     	0.1111      	0.02285     
1           	221         	10          	0.0641      	0.1041      	0.02326     
1           	222         	10          	0.06361     	0.1025      	0.02393     
1           	223         	10          	0.06442     	0.1038      	0.02423     
1           	224         	10          	0.06356     	0.1023      	0.02399     
1           	225         	10          	0.06305     	0.1022      	0.02308     
1           	226         	10          	0.06229     	0.1008      	0.02287     
1           	227         	10          	0.06163     	0.09889     	0.02356     
1           	228         	10          	0.06089     	0.09766     	0.02329     
1           	229         	10          	0.05981     	0.0951      	0.02375     
1           	230         	10          	0.06027     	0.09514     	0.02466     
1           	231         	10          	0.05846     	0.09137     	0.02486     
1           	232         	10          	0.05899     	0.09114     	0.0262      
1           	233         	10          	0.05806     	0.08961     	0.02588     
1           	234         	10          	0.05741     	0.08823     	0.02597     
1           	235         	10          	0.05657     	0.08659     	0.02596     
1           	236         	10          	0.05725     	0.08773     	0.02617     
1           	237         	10          	0.05493     	0.08286     	0.02645     
1           	238         	10          	0.05513     	0.08193     	0.02781     
1           	239         	10          	0.05365     	0.0789      	0.02793     
1           	240         	10          	0.05359     	0.07845     	0.02825     
1           	241         	10          	0.05379     	0.07976     	0.02729     
1           	242         	10          	0.05394     	0.07965     	0.0277      
1           	243         	10          	0.05345     	0.07866     	0.02774     
1           	244         	10          	0.05421     	0.07898     	0.02901     
1           	245         	10          	0.05367     	0.07918     	0.02775     
1           	246         	10          	0.05526     	0.08221     	0.0279      
1           	247         	10          	0.05615     	0.08375     	0.02811     
1           	248         	10          	0.05565     	0.08296     	0.02788     
1           	249         	9.95        	0.05646     	0.08498     	0.02748     
1           	250         	9.95        	0.0538      	0.08074     	0.0264      
1           	251         	9.95        	0.05305     	0.08035     	0.02531     
1           	252         	9.95        	0.05331     	0.0812      	0.02496     
1           	253         	10          	0.05304     	0.08111     	0.02455     
1           	254         	10          	0.05382     	0.08254     	0.02467     
1           	255         	10          	0.05311     	0.0804      	0.02544     
1           	256         	10          	0.05309     	0.07849     	0.02735     
1           	257         	10          	0.05215     	0.07817     	0.0258      
1           	258         	10          	0.05157     	0.0762      	0.02671     
1           	259         	10          	0.05205     	0.07722     	0.02663     
1           	260         	10          	0.05112     	0.07519     	0.02682     
1           	261         	10          	0.04951     	0.07182     	0.02697     
1           	262         	10          	0.04983     	0.07114     	0.02827     
1           	263         	10          	0.04945     	0.07022     	0.02844     
1           	264         	10          	0.04855     	0.06843     	0.02844     
1           	265         	10          	0.04806     	0.06711     	0.02881     
1           	266         	10          	0.04812     	0.0659      	0.03016     
1           	267         	10          	0.04762     	0.06515     	0.02994     
1           	268         	10          	0.04739     	0.06382     	0.03083     
1           	269         	10          	0.04856     	0.06623     	0.03071     
1           	270         	10          	0.04859     	0.06572     	0.03127     
1           	271         	10          	0.04724     	0.06418     	0.03014     
1           	272         	10          	0.04606     	0.06178     	0.03017     
1           	273         	10          	0.04538     	0.061       	0.02961     
1           	274         	10          	0.04593     	0.06193     	0.02977     
1           	275         	10          	0.0458      	0.06138     	0.03007     
1           	276         	10          	0.04644     	0.0624      	0.03032     
1           	277         	10          	0.046       	0.06128     	0.03056     
1           	278         	10          	0.04665     	0.06365     	0.02947     
1           	279         	10          	0.04762     	0.06439     	0.03071     
1           	280         	10          	0.04802     	0.06447     	0.03143     
1           	281         	10          	0.04826     	0.06549     	0.03089     
1           	282         	10          	0.04828     	0.06501     	0.0314      
1           	283         	10          	0.04761     	0.06273     	0.03235     
1           	284         	10          	0.04778     	0.06353     	0.03189     
1           	285         	10          	0.04705     	0.06193     	0.03204     
1           	286         	10          	0.04753     	0.06327     	0.03166     
1           	287         	10          	0.04696     	0.06169     	0.03209     
1           	288         	10          	0.04773     	0.063       	0.03233     
1           	289         	10          	0.04716     	0.06154     	0.03262     
1           	290         	10          	0.04717     	0.06043     	0.03378     
1           	291         	10          	0.04758     	0.0606      	0.03442     
1           	292         	10          	0.04779     	0.0606      	0.03486     
1           	293         	10          	0.04774     	0.06125     	0.03411     
1           	294         	10          	0.04948     	0.06379     	0.03503     
1           	295         	10          	0.05003     	0.06383     	0.03611     
1           	296         	10          	0.05122     	0.06512     	0.03719     
1           	297         	10          	0.05076     	0.06453     	0.03685     
1           	298         	10          	0.05036     	0.06439     	0.03618     
1           	299         	10          	0.04955     	0.06189     	0.03707     
1           	300         	10          	0.05039     	0.06284     	0.03778     
1           	301         	10          	0.04949     	0.06181     	0.03703     
1           	302         	10          	0.04992     	0.06186     	0.03783     
1           	303         	10          	0.04935     	0.06125     	0.03732     
1           	304         	10          	0.04825     	0.05986     	0.03654     
1           	305         	10          	0.04791     	0.05904     	0.03668     
1           	306         	10          	0.04711     	0.05897     	0.03512     
1           	307         	10          	0.04751     	0.06054     	0.03435     
1           	308         	10          	0.04664     	0.05826     	0.03489     
1           	309         	10          	0.04496     	0.05555     	0.03425     
1           	310         	10          	0.0449      	0.05574     	0.03392     
1           	311         	10          	0.04548     	0.05644     	0.03438     
1           	312         	10          	0.04433     	0.0547      	0.03384     
1           	313         	10          	0.0444      	0.05496     	0.03373     
1           	314         	10          	0.04567     	0.05507     	0.03617     
1           	315         	10          	0.04517     	0.05457     	0.03565     
1           	316         	10          	0.04399     	0.0535      	0.03436     
1           	317         	10          	0.04371     	0.0541      	0.03319     
1           	318         	10          	0.04226     	0.0504      	0.03403     
1           	319         	10          	0.04168     	0.05026     	0.03301     
1           	320         	10          	0.04105     	0.04837     	0.03365     
1           	321         	10          	0.0424      	0.04978     	0.03495     
1           	322         	10          	0.04274     	0.04944     	0.03597     
1           	323         	10          	0.04321     	0.04821     	0.03816     
1           	324         	10          	0.04279     	0.04724     	0.03831     
1           	325         	10          	0.0432      	0.04696     	0.03942     
1           	326         	10          	0.04497     	0.04986     	0.04003     
1           	327         	9.95        	0.04499     	0.04797     	0.04197     
1           	328         	9.95        	0.04506     	0.04791     	0.04218     
1           	329         	10          	0.0441      	0.04715     	0.04103     
1           	330         	10          	0.04378     	0.04747     	0.04006     
1           	331         	10          	0.04423     	0.04717     	0.04127     
1           	332         	10          	0.04345     	0.04635     	0.04054     
1           	333         	10          	0.04455     	0.04777     	0.04132     
1           	334         	10          	0.04495     	0.04881     	0.04107     
1           	335         	10          	0.04594     	0.05078     	0.04107     
1           	336         	10          	0.04502     	0.04939     	0.04064     
1           	337         	10          	0.04465     	0.04884     	0.04045     
1           	338         	10          	0.04473     	0.04919     	0.04025     
1           	339         	10          	0.04543     	0.04987     	0.04097     
1           	340         	10          	0.04489     	0.04918     	0.04058     
1           	341         	9.95        	0.04505     	0.04845     	0.04164     
1           	342         	9.95        	0.04619     	0.04987     	0.0425      
1           	343         	9.95        	0.04685     	0.04916     	0.04452     
1           	344         	10          	0.04728     	0.05076     	0.04377     
1           	345         	10          	0.0483      	0.05291     	0.04366     
1           	346         	10          	0.04767     	0.05268     	0.04263     
1           	347         	10          	0.04836     	0.05239     	0.04431     
1           	348         	10          	0.04827     	0.0521      	0.04441     
1           	349         	10          	0.04781     	0.05094     	0.04466     
1           	350         	10          	0.04745     	0.05135     	0.04352     
1           	351         	10          	0.04731     	0.05106     	0.04355     
1           	352         	10          	0.04671     	0.05127     	0.04212     
1           	353         	10          	0.04699     	0.0521      	0.04186     
1           	354         	10          	0.04735     	0.05163     	0.04306     
1           	355         	10          	0.04752     	0.05277     	0.04225     
1           	356         	10          	0.04637     	0.05059     	0.04213     
1           	357         	10          	0.04564     	0.0491      	0.04216     
1           	358         	10          	0.04521     	0.04781     	0.04259     
1           	359         	10          	0.04612     	0.04829     	0.04394     
1           	360         	10          	0.04493     	0.04613     	0.04371     
1           	361         	10          	0.04505     	0.04587     	0.04422     
1           	362         	10          	0.04557     	0.04595     	0.04518     
1           	363         	10          	0.04569     	0.04612     	0.04526     
1           	364         	10          	0.04602     	0.0457      	0.04633     
1           	365         	10          	0.04674     	0.0463      	0.04719     
1           	366         	10          	0.04641     	0.045       	0.04783     
1           	367         	9.95        	0.04788     	0.04688     	0.04889     
1           	368         	10          	0.04696     	0.04559     	0.04833     
1           	369         	10          	0.0463      	0.04579     	0.04682     
1           	370         	10          	0.04532     	0.0457      	0.04494     
1           	371         	9.95        	0.04511     	0.04589     	0.04432     
1           	372         	9.95        	0.04445     	0.04611     	0.04279     
1           	373         	9.95        	0.04402     	0.04751     	0.04051     
1           	374         	9.95        	0.04268     	0.04659     	0.03877     
1           	375         	9.95        	0.04431     	0.04889     	0.03973     
1           	376         	9.95        	0.04481     	0.04851     	0.0411      
1           	377         	9.95        	0.04434     	0.04686     	0.04182     
1           	378         	9.95        	0.04462     	0.04723     	0.04202     
1           	379         	9.9         	0.04456     	0.04714     	0.04198     
1           	380         	9.95        	0.0437      	0.04698     	0.04042     
1           	381         	10          	0.04395     	0.04661     	0.04128     
1           	382         	10          	0.04506     	0.04881     	0.04132     
1           	383         	10          	0.04348     	0.047       	0.03997     
1           	384         	10          	0.04387     	0.04675     	0.04098     
1           	385         	10          	0.04367     	0.0465      	0.04084     
1           	386         	9.95        	0.04428     	0.0483      	0.04026     
1           	387         	10          	0.04347     	0.04711     	0.03981     
1           	388         	10          	0.04447     	0.04939     	0.03954     
1           	389         	10          	0.04417     	0.04816     	0.04017     
1           	390         	10          	0.04458     	0.04857     	0.04059     
1           	391         	9.95        	0.04459     	0.04831     	0.04087     
1           	392         	10          	0.04299     	0.04693     	0.03903     
1           	393         	10          	0.04262     	0.04614     	0.03909     
1           	394         	9.95        	0.0433      	0.04597     	0.04062     
1           	395         	9.95        	0.04407     	0.04729     	0.04084     
1           	396         	9.95        	0.04335     	0.04676     	0.03993     
1           	397         	10          	0.04441     	0.04866     	0.04016     
1           	398         	10          	0.04407     	0.04907     	0.03906     
1           	399         	10          	0.04371     	0.04781     	0.03961     
1           	400         	10          	0.0423      	0.04635     	0.03824     
1           	401         	10          	0.04217     	0.0466      	0.03774     
1           	402         	10          	0.04178     	0.04495     	0.03861     
1           	403         	10          	0.04246     	0.04761     	0.03729     
1           	404         	10          	0.04215     	0.04679     	0.0375      
1           	405         	10          	0.04253     	0.04752     	0.03753     
1           	406         	10          	0.04283     	0.04761     	0.03804     
1           	407         	10          	0.04256     	0.04789     	0.03721     
1           	408         	9.9         	0.04355     	0.05048     	0.03662     
1           	409         	9.9         	0.04405     	0.05114     	0.03695     
1           	410         	9.9         	0.04436     	0.05079     	0.03792     
1           	411         	9.95        	0.04299     	0.04801     	0.03799     
1           	412         	9.95        	0.04441     	0.04967     	0.03915     
1           	413         	10          	0.04633     	0.05147     	0.04119     
1           	414         	10          	0.04738     	0.05211     	0.04265     
1           	415         	9.95        	0.04642     	0.05093     	0.0419      
1           	416         	10          	0.04763     	0.05217     	0.04308     
1           	417         	9.95        	0.04601     	0.04896     	0.04305     
1           	418         	9.95        	0.04505     	0.04769     	0.04239     
1           	419         	10          	0.0444      	0.04664     	0.04216     
1           	420         	10          	0.04471     	0.04661     	0.04281     
1           	421         	10          	0.04419     	0.04623     	0.04216     
1           	422         	10          	0.04255     	0.04452     	0.04059     
1           	423         	10          	0.04252     	0.04662     	0.03841     
1           	424         	10          	0.04159     	0.04681     	0.03636     
1           	425         	10          	0.04238     	0.04731     	0.03746     
1           	426         	10          	0.04242     	0.04722     	0.03762     
1           	427         	10          	0.04296     	0.04694     	0.03899     
1           	428         	10          	0.04202     	0.04473     	0.03931     
1           	429         	10          	0.04102     	0.04448     	0.03755     
1           	430         	10          	0.03951     	0.04306     	0.03595     
1           	431         	10          	0.03908     	0.04236     	0.0358      
1           	432         	10          	0.03957     	0.04276     	0.03638     
1           	433         	10          	0.0393      	0.04103     	0.03756     
1           	434         	10          	0.03978     	0.04092     	0.03864     
1           	435         	10          	0.0393      	0.03964     	0.03896     
1           	436         	10          	0.03907     	0.03853     	0.03962     
1           	437         	10          	0.03901     	0.04119     	0.03684     
1           	438         	10          	0.03991     	0.04168     	0.03813     
1           	439         	10          	0.04121     	0.04223     	0.0402      
1           	440         	10          	0.04002     	0.04138     	0.03866     
1           	441         	10          	0.03895     	0.04101     	0.03689     
1           	442         	10          	0.03968     	0.04155     	0.03782     
1           	443         	10          	0.04066     	0.04218     	0.03914     
1           	444         	10          	0.04025     	0.04159     	0.03891     
1           	445         	10          	0.04087     	0.04253     	0.0392      
1           	446         	10          	0.03997     	0.0418      	0.03815     
1           	447         	9.95        	0.03988     	0.04086     	0.0389      
1           	448         	10          	0.04061     	0.04213     	0.03909     
1           	449         	10          	0.04046     	0.04259     	0.03833     
1           	450         	9.95        	0.0398      	0.04206     	0.03754     
1           	451         	10          	0.03954     	0.04054     	0.03853     
1           	452         	10          	0.03856     	0.03934     	0.03777     
1           	453         	10          	0.03992     	0.0409      	0.03894     
1           	454         	10          	0.03991     	0.0405      	0.03933     
1           	455         	10          	0.03952     	0.04034     	0.0387      
1           	456         	10          	0.03934     	0.04041     	0.03826     
1           	457         	10          	0.03785     	0.0387      	0.037       
1           	458         	10          	0.03863     	0.03855     	0.0387      
1           	459         	10          	0.03835     	0.03785     	0.03885     
1           	460         	10          	0.03847     	0.03839     	0.03855     
1           	461         	10          	0.03819     	0.03752     	0.03886     
1           	462         	10          	0.03906     	0.03828     	0.03984     
1           	463         	10          	0.03841     	0.03689     	0.03993     
1           	464         	10          	0.03783     	0.03642     	0.03925     
1           	465         	10          	0.03667     	0.03557     	0.03778     
1           	466         	10          	0.03737     	0.03684     	0.03791     
1           	467         	10          	0.0371      	0.03625     	0.03796     
1           	468         	10          	0.0381      	0.03784     	0.03837     
1           	469         	10          	0.0376      	0.03841     	0.03677     
1           	470         	10          	0.03687     	0.03716     	0.03659     
1           	471         	9.95        	0.0379      	0.03664     	0.03917     
1           	472         	9.9         	0.03765     	0.03664     	0.03867     
1           	473         	9.9         	0.03905     	0.03805     	0.04006     
1           	474         	9.95        	0.03846     	0.03711     	0.03982     
1           	475         	9.95        	0.03869     	0.03649     	0.04089     
1           	476         	9.95        	0.03998     	0.03863     	0.04134     
1           	477         	9.95        	0.03968     	0.03895     	0.04041     
1           	478         	9.9         	0.0395      	0.03935     	0.03965     
1           	479         	9.9         	0.03998     	0.03998     	0.03999     
1           	480         	9.9         	0.03989     	0.04166     	0.03811     
1           	481         	9.95        	0.04032     	0.04209     	0.03854     
1           	482         	9.95        	0.03992     	0.04163     	0.0382      
1           	483         	9.95        	0.03902     	0.04045     	0.03758     
1           	484         	10          	0.0396      	0.04103     	0.03815     
1           	485         	10          	0.04071     	0.04242     	0.03899     
1           	486         	10          	0.04063     	0.04128     	0.03998     
1           	487         	10          	0.04099     	0.04225     	0.03971     
1           	488         	10          	0.04222     	0.04363     	0.04079     
1           	489         	10          	0.04216     	0.04385     	0.04046     
1           	490         	10          	0.04302     	0.04448     	0.04155     
1           	491         	10          	0.0421      	0.04294     	0.04125     
1           	492         	10          	0.04222     	0.04298     	0.04145     
1           	493         	10          	0.04125     	0.04177     	0.04072     
1           	494         	10          	0.04091     	0.04137     	0.04045     
1           	495         	9.9         	0.04178     	0.04302     	0.04053     
1           	496         	9.95        	0.04265     	0.04476     	0.04052     
1           	497         	10          	0.04169     	0.04383     	0.03954     
1           	498         	9.95        	0.04121     	0.04359     	0.03881     
1           	499         	10          	0.04013     	0.04193     	0.03831     
1           	500         	9.95        	0.04048     	0.04184     	0.0391      
1           	501         	10          	0.04043     	0.04128     	0.03957     
1           	502         	10          	0.03977     	0.04124     	0.03828     
1           	503         	10          	0.03972     	0.04214     	0.03727     
1           	504         	10          	0.04099     	0.04353     	0.03842     
1           	505         	10          	0.0409      	0.04353     	0.03824     
1           	506         	10          	0.04172     	0.0452      	0.03821     
1           	507         	10          	0.04205     	0.04582     	0.03824     
1           	508         	10          	0.04187     	0.04505     	0.03865     
1           	509         	10          	0.04012     	0.04332     	0.03689     
1           	510         	10          	0.03884     	0.04144     	0.03622     
1           	511         	9.95        	0.0391      	0.04155     	0.03662     
1           	512         	9.95        	0.03802     	0.04085     	0.03515     
1           	513         	9.95        	0.0378      	0.03948     	0.03609     
1           	514         	9.95        	0.03969     	0.04049     	0.03888     
1           	515         	9.95        	0.03928     	0.03969     	0.03886     
1           	516         	9.9         	0.03876     	0.0388      	0.03872     
1           	517         	10          	0.03925     	0.03863     	0.03987     
1           	518         	9.95        	0.0395      	0.0378      	0.04122     
1           	519         	9.95        	0.04007     	0.03993     	0.0402      
1           	520         	9.95        	0.04042     	0.0412      	0.03964     
1           	521         	9.9         	0.04088     	0.0413      	0.04046     
1           	522         	9.9         	0.04162     	0.04263     	0.04061     
1           	523         	9.9         	0.04147     	0.04353     	0.03938     
1           	524         	9.95        	0.04084     	0.04183     	0.03984     
1           	525         	9.95        	0.03983     	0.0407      	0.03897     
1           	526         	10          	0.03906     	0.03949     	0.03864     
1           	527         	10          	0.04019     	0.04267     	0.03768     
1           	528         	10          	0.03919     	0.04129     	0.03707     
1           	529         	9.95        	0.03974     	0.04183     	0.03764     
1           	530         	10          	0.03983     	0.04098     	0.03868     
1           	531         	10          	0.03921     	0.0405      	0.03791     
1           	532         	9.95        	0.03778     	0.03977     	0.03577     
1           	533         	9.9         	0.03697     	0.03814     	0.0358      
1           	534         	9.95        	0.0373      	0.0381      	0.0365      
1           	535         	9.9         	0.0368      	0.03842     	0.03516     
1           	536         	9.9         	0.03615     	0.03786     	0.03442     
1           	537         	9.95        	0.03601     	0.03764     	0.03438     
1           	538         	9.95        	0.03611     	0.03816     	0.03406     
1           	539         	9.9         	0.03574     	0.03832     	0.03314     
1           	540         	9.9         	0.0365      	0.04003     	0.03294     
1           	541         	9.9         	0.03644     	0.03957     	0.03329     
1           	542         	9.9         	0.03541     	0.03847     	0.03232     
1           	543         	9.85        	0.03488     	0.03857     	0.03116     
1           	544         	9.9         	0.03461     	0.03795     	0.03125     
1           	545         	9.95        	0.03518     	0.03743     	0.03293     
1           	546         	9.95        	0.03491     	0.0368      	0.03302     
1           	547         	9.95        	0.03506     	0.03649     	0.03363     
1           	548         	10          	0.03384     	0.03531     	0.03236     
1           	549         	9.85        	0.03321     	0.03484     	0.03156     
1           	550         	9.8         	0.03305     	0.03402     	0.03208     
1           	551         	9.85        	0.03193     	0.03249     	0.03136     
1           	552         	9.85        	0.03093     	0.03168     	0.03019     
1           	553         	9.75        	0.03054     	0.03177     	0.02931     
1           	554         	9.8         	0.03016     	0.03169     	0.02862     
1           	555         	9.9         	0.02973     	0.03173     	0.02771     
1           	556         	9.85        	0.03035     	0.03157     	0.02913     
1           	557         	9.95        	0.02953     	0.03114     	0.0279      
1           	558         	9.9         	0.02877     	0.03018     	0.02734     
1           	559         	9.85        	0.02862     	0.02949     	0.02774     
1           	560         	9.9         	0.02991     	0.03105     	0.02875     
1           	561         	9.85        	0.02944     	0.03013     	0.02874     
1           	562         	9.85        	0.0294      	0.03043     	0.02836     
1           	563         	9.9         	0.0295      	0.03037     	0.02863     
1           	564         	9.95        	0.03016     	0.0322      	0.02809     
1           	565         	9.85        	0.03165     	0.03351     	0.02978     
1           	566         	9.85        	0.03185     	0.0333      	0.03039     
1           	567         	9.85        	0.03138     	0.03203     	0.03071     
1           	568         	9.8         	0.03113     	0.03194     	0.0303      
1           	569         	9.85        	0.03236     	0.0327      	0.03201     
1           	570         	9.85        	0.03223     	0.0327      	0.03175     
1           	571         	9.8         	0.03176     	0.03298     	0.03053     
1           	572         	9.85        	0.031       	0.03149     	0.0305      
1           	573         	9.8         	0.03205     	0.03272     	0.03137     
1           	574         	9.8         	0.0321      	0.03293     	0.03125     
1           	575         	9.85        	0.03151     	0.03301     	0.02999     
1           	576         	9.85        	0.03044     	0.03212     	0.02875     
1           	577         	9.85        	0.02986     	0.03149     	0.0282      
1           	578         	9.9         	0.02986     	0.0317      	0.02801     
1           	579         	9.9         	0.03084     	0.03293     	0.02873     
1           	580         	9.9         	0.03047     	0.03228     	0.02864     
1           	581         	10          	0.03161     	0.03338     	0.02983     
1           	582         	10          	0.03154     	0.03331     	0.02976     
1           	583         	9.95        	0.03099     	0.03349     	0.02847     
1           	584         	9.85        	0.032       	0.03453     	0.02946     
1           	585         	9.85        	0.03193     	0.0335      	0.03035     
1           	586         	9.9         	0.03267     	0.03331     	0.03204     
1           	587         	9.9         	0.03325     	0.035       	0.03147     
1           	588         	9.9         	0.03212     	0.03381     	0.03042     
1           	589         	9.9         	0.03261     	0.03468     	0.03052     
1           	590         	9.95        	0.03285     	0.0347      	0.03098     
1           	591         	9.95        	0.03321     	0.03531     	0.03109     
1           	592         	9.95        	0.03446     	0.03593     	0.03297     
1           	593         	10          	0.03352     	0.03577     	0.03126     
1           	594         	9.9         	0.03409     	0.03637     	0.0318      
1           	595         	10          	0.03497     	0.03618     	0.03375     
1           	596         	10          	0.03511     	0.03718     	0.03303     
1           	597         	10          	0.03517     	0.03807     	0.03223     
1           	598         	9.9         	0.03462     	0.03713     	0.03208     
1           	599         	9.95        	0.03543     	0.03842     	0.03239     
1           	600         	9.95        	0.03489     	0.03866     	0.03107     
1           	601         	9.9         	0.03454     	0.03943     	0.02959     
1           	602         	9.8         	0.035       	0.04027     	0.02967     
1           	603         	9.9         	0.03634     	0.04199     	0.03062     
1           	604         	9.95        	0.03683     	0.04366     	0.0299      
1           	605         	9.95        	0.0371      	0.04429     	0.02982     
1           	606         	9.95        	0.03597     	0.04204     	0.02983     
1           	607         	9.95        	0.03543     	0.04136     	0.02943     
1           	608         	9.95        	0.03602     	0.04178     	0.03021     
1           	609         	9.95        	0.03574     	0.04204     	0.02937     
1           	610         	9.9         	0.03566     	0.04314     	0.0281      
1           	611         	9.9         	0.03472     	0.04169     	0.02767     
1           	612         	9.9         	0.03677     	0.04467     	0.0288      
1           	613         	9.9         	0.0365      	0.0452      	0.02771     
1           	614         	9.9         	0.03742     	0.04636     	0.02838     
1           	615         	9.9         	0.03778     	0.04601     	0.02948     
1           	616         	9.9         	0.03893     	0.04829     	0.02947     
1           	617         	10          	0.03979     	0.04918     	0.0303      
1           	618         	10          	0.03877     	0.04724     	0.03021     
1           	619         	10          	0.03806     	0.04667     	0.02936     
1           	620         	10          	0.03855     	0.04842     	0.02858     
1           	621         	10          	0.03933     	0.04867     	0.0299      
1           	622         	9.9         	0.03994     	0.04985     	0.02993     
1           	623         	9.9         	0.0394      	0.04855     	0.03017     
1           	624         	9.9         	0.03919     	0.04826     	0.03001     
1           	625         	9.85        	0.03996     	0.0494      	0.03042     
1           	626         	9.85        	0.04079     	0.0504      	0.0311      
1           	627         	9.9         	0.04035     	0.05026     	0.03034     
1           	628         	9.9         	0.04038     	0.04934     	0.03134     
1           	629         	9.95        	0.04042     	0.04893     	0.03184     
1           	630         	10          	0.04134     	0.05078     	0.03182     
1           	631         	10          	0.04237     	0.05241     	0.03225     
1           	632         	10          	0.04284     	0.05277     	0.03281     
1           	633         	9.95        	0.04268     	0.05171     	0.03357     
1           	634         	9.9         	0.04328     	0.05244     	0.03403     
1           	635         	9.95        	0.04364     	0.05291     	0.03427     
1           	636         	9.95        	0.04482     	0.05391     	0.03565     
1           	637         	9.95        	0.04601     	0.05582     	0.03613     
1           	638         	9.95        	0.04617     	0.05638     	0.03587     
1           	639         	9.95        	0.04528     	0.05459     	0.03587     
1           	640         	9.95        	0.04544     	0.05551     	0.03527     
1           	641         	9.95        	0.04721     	0.05771     	0.03661     
1           	642         	9.95        	0.04555     	0.05514     	0.03587     
1           	643         	9.95        	0.04401     	0.05218     	0.03577     
1           	644         	9.95        	0.04278     	0.05138     	0.03409     
1           	645         	10          	0.03988     	0.04785     	0.03182     
1           	646         	9.95        	0.04063     	0.04803     	0.03315     
1           	647         	10          	0.03937     	0.0468      	0.03185     
1           	648         	10          	0.03986     	0.04763     	0.03201     
1           	649         	10          	0.04102     	0.0497      	0.03224     
1           	650         	10          	0.04053     	0.05028     	0.03064     
1           	651         	10          	0.04039     	0.04879     	0.03189     
1           	652         	10          	0.04123     	0.04968     	0.03267     
1           	653         	10          	0.04001     	0.04794     	0.03198     
1           	654         	10          	0.0388      	0.04728     	0.03021     
1           	655         	10          	0.03715     	0.04551     	0.02868     
1           	656         	10          	0.03795     	0.04851     	0.02728     
1           	657         	10          	0.0375      	0.04706     	0.02784     
1           	658         	9.95        	0.03874     	0.0503      	0.02705     
1           	659         	10          	0.03843     	0.04933     	0.02741     
1           	660         	9.95        	0.03918     	0.04969     	0.02857     
1           	661         	10          	0.03841     	0.04912     	0.02759     
1           	662         	10          	0.03869     	0.04989     	0.02738     
1           	663         	10          	0.03843     	0.04985     	0.02691     
1           	664         	10          	0.03716     	0.04858     	0.02563     
1           	665         	10          	0.03749     	0.04805     	0.02684     
1           	666         	10          	0.03738     	0.04763     	0.02705     
1           	667         	10          	0.0371      	0.04765     	0.02648     
1           	668         	9.95        	0.03736     	0.04795     	0.02672     
1           	669         	9.95        	0.03701     	0.04649     	0.02747     
1           	670         	9.95        	0.0362      	0.04547     	0.02687     
1           	671         	9.95        	0.03658     	0.04635     	0.02677     
1           	672         	9.95        	0.03546     	0.04335     	0.02754     
1           	673         	9.95        	0.03455     	0.04128     	0.02779     
1           	674         	9.95        	0.03436     	0.04072     	0.02797     
1           	675         	10          	0.03441     	0.04052     	0.02828     
1           	676         	10          	0.0352      	0.04207     	0.02832     
1           	677         	9.95        	0.03447     	0.04001     	0.02893     
1           	678         	9.95        	0.03347     	0.03926     	0.02767     
1           	679         	10          	0.03334     	0.03928     	0.02739     
1           	680         	10          	0.03368     	0.04018     	0.02719     
1           	681         	10          	0.03524     	0.04244     	0.02803     
1           	682         	10          	0.03612     	0.04363     	0.02861     
1           	683         	9.95        	0.03579     	0.04318     	0.02838     
1           	684         	9.95        	0.0344      	0.04101     	0.02779     
1           	685         	9.95        	0.03475     	0.0425      	0.02699     
1           	686         	9.95        	0.03474     	0.04317     	0.02629     
1           	687         	10          	0.03471     	0.04374     	0.02563     
1           	688         	10          	0.03583     	0.04534     	0.02629     
1           	689         	10          	0.03483     	0.0434      	0.02625     
1           	690         	10          	0.03491     	0.045       	0.02481     
1           	691         	10          	0.03423     	0.04563     	0.02281     
1           	692         	10          	0.03515     	0.04644     	0.02384     
1           	693         	10          	0.03616     	0.04703     	0.02524     
1           	694         	10          	0.0353      	0.04541     	0.02516     
1           	695         	10          	0.03575     	0.04699     	0.02447     
1           	696         	10          	0.03617     	0.04578     	0.02653     
1           	697         	10          	0.03616     	0.04499     	0.02731     
1           	698         	10          	0.0369      	0.04643     	0.02733     
1           	699         	10          	0.0359      	0.0458      	0.02596     
1           	700         	10          	0.03638     	0.04523     	0.02748     
1           	701         	10          	0.03652     	0.04576     	0.02724     
1           	702         	10          	0.03673     	0.04727     	0.02616     
1           	703         	10          	0.03702     	0.04674     	0.02725     
1           	704         	10          	0.037       	0.04705     	0.02689     
1           	705         	10          	0.03839     	0.04927     	0.02747     
1           	706         	10          	0.03954     	0.05176     	0.02729     
1           	707         	10          	0.03942     	0.04981     	0.02899     
1           	708         	9.95        	0.03985     	0.0516      	0.02807     
1           	709         	9.9         	0.04105     	0.05343     	0.02863     
1           	710         	9.85        	0.04083     	0.05234     	0.02931     
1           	711         	9.8         	0.04125     	0.05191     	0.03057     
1           	712         	9.85        	0.04027     	0.04924     	0.03128     
1           	713         	9.95        	0.04029     	0.04926     	0.0313      
1           	714         	9.95        	0.0398      	0.04917     	0.03043     
1           	715         	9.95        	0.03923     	0.04763     	0.03083     
1           	716         	10          	0.03949     	0.04867     	0.0303      
1           	717         	9.95        	0.04102     	0.05345     	0.02861     
1           	718         	9.95        	0.04222     	0.05433     	0.03012     
1           	719         	9.95        	0.04229     	0.05451     	0.0301      
1           	720         	10          	0.04164     	0.05473     	0.02858     
1           	721         	10          	0.04285     	0.05691     	0.02879     
1           	722         	10          	0.0447      	0.0591      	0.03034     
1           	723         	10          	0.04493     	0.05919     	0.03074     
1           	724         	9.95        	0.04549     	0.05832     	0.03273     
1           	725         	10          	0.04591     	0.05938     	0.0325      
1           	726         	9.95        	0.04766     	0.06131     	0.0341      
1           	727         	9.95        	0.04707     	0.0596      	0.03462     
1           	728         	10          	0.04759     	0.05955     	0.03571     
1           	729         	10          	0.04693     	0.05836     	0.03556     
1           	730         	10          	0.0474      	0.05925     	0.03562     
1           	731         	9.95        	0.04725     	0.06005     	0.03449     
1           	732         	10          	0.04896     	0.06269     	0.03528     
1           	733         	9.95        	0.04807     	0.06223     	0.03398     
1           	734         	9.95        	0.04752     	0.06216     	0.03297     
1           	735         	9.95        	0.04803     	0.06255     	0.0336      
1           	736         	9.95        	0.04873     	0.06356     	0.03401     
1           	737         	9.95        	0.04946     	0.06323     	0.03579     
1           	738         	10          	0.05047     	0.06593     	0.03516     
1           	739         	10          	0.05112     	0.06654     	0.0359      
1           	740         	10          	0.0515      	0.06775     	0.03543     
1           	741         	10          	0.0491      	0.06377     	0.0346      
1           	742         	10          	0.04887     	0.06401     	0.0339      
1           	743         	9.95        	0.04747     	0.06154     	0.03354     
1           	744         	10          	0.04649     	0.06014     	0.03299     
1           	745         	9.95        	0.04498     	0.05755     	0.03255     
1           	746         	10          	0.04594     	0.05915     	0.03287     
1           	747         	9.95        	0.04489     	0.05777     	0.03215     
1           	748         	9.95        	0.04468     	0.05629     	0.03321     
1           	749         	9.95        	0.04446     	0.05613     	0.03289     
1           	750         	10          	0.04551     	0.05775     	0.03335     
1           	751         	10          	0.0464      	0.06001     	0.03291     
1           	752         	10          	0.04648     	0.05954     	0.03353     
1           	753         	10          	0.04553     	0.05794     	0.03322     
1           	754         	10          	0.04545     	0.05721     	0.03378     
1           	755         	10          	0.04331     	0.0528      	0.0339      
1           	756         	10          	0.04238     	0.05137     	0.03344     
1           	757         	10          	0.0432      	0.05208     	0.03438     
1           	758         	9.95        	0.04239     	0.05069     	0.03415     
1           	759         	9.95        	0.04211     	0.05025     	0.03402     
1           	760         	9.95        	0.04155     	0.04889     	0.03425     
1           	761         	10          	0.04199     	0.05062     	0.0334      
1           	762         	10          	0.04265     	0.05161     	0.03373     
1           	763         	10          	0.04148     	0.05067     	0.03233     
1           	764         	10          	0.04103     	0.05077     	0.03132     
1           	765         	10          	0.04254     	0.05228     	0.03282     
1           	766         	10          	0.0449      	0.0559      	0.03395     
1           	767         	10          	0.0451      	0.05654     	0.0337      
1           	768         	9.95        	0.04481     	0.05647     	0.03319     
1           	769         	9.95        	0.04396     	0.05487     	0.03307     
1           	770         	10          	0.04255     	0.05245     	0.03267     
1           	771         	9.95        	0.04271     	0.05392     	0.03153     
1           	772         	9.95        	0.04215     	0.05178     	0.03255     
1           	773         	9.95        	0.04248     	0.05259     	0.03237     
1           	774         	9.95        	0.04187     	0.05239     	0.03135     
1           	775         	9.9         	0.04283     	0.05294     	0.03272     
1           	776         	9.85        	0.04249     	0.05359     	0.03141     
1           	777         	9.8         	0.04305     	0.05402     	0.03211     
1           	778         	9.75        	0.04305     	0.05332     	0.03282     
1           	779         	9.8         	0.04305     	0.05223     	0.0339      
1           	780         	9.8         	0.04168     	0.05012     	0.03328     
1           	781         	9.8         	0.04167     	0.04918     	0.03419     
1           	782         	9.8         	0.04229     	0.05058     	0.03404     
1           	783         	9.9         	0.04268     	0.05045     	0.03496     
1           	784         	9.9         	0.04275     	0.05083     	0.03476     
1           	785         	10          	0.04166     	0.04892     	0.03446     
1           	786         	10          	0.04156     	0.04871     	0.03449     
1           	787         	9.95        	0.04175     	0.04907     	0.0345      
1           	788         	9.9         	0.04279     	0.05089     	0.03477     
1           	789         	9.85        	0.04272     	0.05165     	0.03389     
1           	790         	9.8         	0.04308     	0.04988     	0.03638     
1           	791         	9.85        	0.04331     	0.05111     	0.03561     
1           	792         	9.95        	0.04359     	0.05082     	0.03645     
1           	793         	9.9         	0.04346     	0.05088     	0.03613     
1           	794         	9.9         	0.04201     	0.04907     	0.03504     
1           	795         	9.9         	0.04091     	0.04754     	0.03436     
1           	796         	10          	0.04014     	0.04642     	0.03393     
1           	797         	10          	0.03924     	0.04485     	0.0337      
1           	798         	10          	0.0401      	0.04586     	0.0344      
1           	799         	9.9         	0.04098     	0.04571     	0.0363      
1           	800         	9.95        	0.04213     	0.0477      	0.03662     
1           	801         	10          	0.04299     	0.04805     	0.03799     
1           	802         	9.95        	0.04277     	0.04791     	0.0377      
1           	803         	9.95        	0.04312     	0.04861     	0.0377      
1           	804         	9.9         	0.0434      	0.04882     	0.03807     
1           	805         	9.9         	0.04331     	0.048       	0.03868     
1           	806         	9.9         	0.04464     	0.0485      	0.04083     
1           	807         	9.85        	0.04435     	0.04924     	0.03952     
1           	808         	9.95        	0.04385     	0.0471      	0.04064     
1           	809         	9.95        	0.04468     	0.0484      	0.04101     
1           	810         	9.9         	0.04455     	0.047       	0.04213     
1           	811         	9.9         	0.04316     	0.04715     	0.03924     
1           	812         	9.95        	0.04164     	0.04576     	0.03759     
1           	813         	9.95        	0.04167     	0.04596     	0.03746     
1           	814         	9.95        	0.04076     	0.04538     	0.03621     
1           	815         	9.95        	0.04033     	0.0457      	0.03504     
1           	816         	9.95        	0.04028     	0.0461      	0.03457     
1           	817         	9.9         	0.03966     	0.04572     	0.0337      
1           	818         	9.9         	0.03947     	0.04422     	0.03481     
1           	819         	10          	0.03897     	0.04335     	0.03468     
1           	820         	9.9         	0.03759     	0.04172     	0.03353     
1           	821         	9.9         	0.03775     	0.04141     	0.03416     
1           	822         	9.9         	0.03781     	0.04105     	0.03464     
1           	823         	9.9         	0.03773     	0.04115     	0.03438     
1           	824         	9.85        	0.03764     	0.04008     	0.03525     
1           	825         	9.9         	0.03771     	0.0395      	0.03595     
1           	826         	9.9         	0.03728     	0.03945     	0.03514     
1           	827         	9.85        	0.03737     	0.03972     	0.03506     
1           	828         	9.85        	0.03782     	0.03835     	0.03731     
1           	829         	9.85        	0.03818     	0.03783     	0.03852     
1           	830         	9.85        	0.03744     	0.03668     	0.03819     
1           	831         	9.9         	0.0372      	0.03534     	0.03902     
1           	832         	9.9         	0.03698     	0.03472     	0.03919     
1           	833         	9.9         	0.03676     	0.03309     	0.04037     
1           	834         	9.9         	0.03902     	0.03808     	0.03994     
1           	835         	10          	0.03811     	0.03694     	0.03924     
1           	836         	10          	0.03947     	0.03855     	0.04036     
1           	837         	10          	0.03978     	0.03979     	0.03977     
1           	838         	10          	0.04125     	0.04211     	0.04041     
1           	839         	10          	0.0406      	0.04085     	0.04035     
1           	840         	9.95        	0.04001     	0.04008     	0.03994     
1           	841         	9.95        	0.04029     	0.04054     	0.04005     
1           	842         	9.95        	0.03988     	0.04002     	0.03975     
1           	843         	9.95        	0.03843     	0.03895     	0.03791     
1           	844         	9.95        	0.03905     	0.04012     	0.038       
1           	845         	9.95        	0.04026     	0.04157     	0.03898     
1           	846         	9.9         	0.04134     	0.04244     	0.04025     
1           	847         	9.9         	0.03964     	0.03949     	0.03978     
1           	848         	9.95        	0.03919     	0.03931     	0.03907     
1           	849         	9.95        	0.03784     	0.03808     	0.03761     
1           	850         	9.9         	0.03893     	0.0395      	0.03837     
1           	851         	9.85        	0.03879     	0.03907     	0.03852     
1           	852         	9.95        	0.03943     	0.04029     	0.03859     
1           	853         	10          	0.03984     	0.04092     	0.03879     
1           	854         	9.9         	0.03941     	0.0414      	0.03745     
1           	855         	9.9         	0.03839     	0.04045     	0.03637     
1           	856         	9.8         	0.03806     	0.03973     	0.03642     
1           	857         	9.85        	0.0374      	0.03888     	0.03594     
1           	858         	9.9         	0.03785     	0.04049     	0.03526     
1           	859         	9.85        	0.03776     	0.04055     	0.03502     
1           	860         	9.85        	0.03699     	0.03986     	0.03418     
1           	861         	9.8         	0.03664     	0.03997     	0.03336     
1           	862         	9.8         	0.03724     	0.04231     	0.03227     
1           	863         	9.8         	0.03816     	0.04349     	0.03294     
1           	864         	9.85        	0.03826     	0.04341     	0.03319     
1           	865         	9.9         	0.03877     	0.04354     	0.03407     
1           	866         	9.85        	0.03899     	0.04505     	0.03304     
1           	867         	9.85        	0.04096     	0.04699     	0.03504     
1           	868         	9.8         	0.04053     	0.04697     	0.03421     
1           	869         	9.85        	0.03913     	0.04598     	0.0324      
1           	870         	9.8         	0.03983     	0.04796     	0.03182     
1           	871         	9.95        	0.04002     	0.0483      	0.03183     
1           	872         	9.9         	0.03968     	0.04738     	0.03208     
1           	873         	9.9         	0.03947     	0.04848     	0.03058     
1           	874         	9.9         	0.03852     	0.04727     	0.02989     
1           	875         	9.9         	0.03865     	0.04814     	0.0293      
1           	876         	9.9         	0.03887     	0.04782     	0.03007     
1           	877         	9.9         	0.03956     	0.04803     	0.03124     
1           	878         	9.95        	0.03924     	0.04681     	0.03182     
1           	879         	9.9         	0.03782     	0.04542     	0.03036     
1           	880         	9.9         	0.03825     	0.04494     	0.03166     
1           	881         	9.85        	0.0377      	0.04375     	0.03174     
1           	882         	9.85        	0.03786     	0.04312     	0.03268     
1           	883         	9.95        	0.03788     	0.04075     	0.03505     
1           	884         	9.95        	0.03688     	0.04006     	0.03375     
1           	885         	9.95        	0.03747     	0.04029     	0.03468     
1           	886         	9.85        	0.03661     	0.03947     	0.0338      
1           	887         	9.85        	0.0371      	0.03898     	0.03524     
1           	888         	9.95        	0.03785     	0.04004     	0.03567     
1           	889         	9.85        	0.03692     	0.03947     	0.0344      
1           	890         	9.85        	0.03601     	0.03802     	0.03403     
1           	891         	9.85        	0.03539     	0.03725     	0.03354     
1           	892         	9.85        	0.03777     	0.03967     	0.03591     
1           	893         	9.85        	0.03783     	0.03918     	0.0365      
1           	894         	9.85        	0.03598     	0.03681     	0.03515     
1           	895         	9.85        	0.03664     	0.03726     	0.03604     
1           	896         	9.85        	0.03803     	0.03793     	0.03813     
1           	897         	9.9         	0.038       	0.03806     	0.03795     
1           	898         	9.9         	0.03819     	0.03818     	0.0382      
1           	899         	9.9         	0.03856     	0.03824     	0.03888     
1           	900         	9.9         	0.03922     	0.03903     	0.03941     
1           	901         	9.8         	0.03968     	0.04011     	0.03925     
1           	902         	9.85        	0.04054     	0.03993     	0.04114     
1           	903         	9.75        	0.04097     	0.03951     	0.04243     
1           	904         	9.85        	0.04056     	0.03854     	0.04257     
1           	905         	9.8         	0.04174     	0.0384      	0.04504     
1           	906         	9.85        	0.04128     	0.03882     	0.04371     
1           	907         	9.75        	0.04148     	0.03765     	0.04527     
1           	908         	9.75        	0.04133     	0.03755     	0.04509     
1           	909         	9.85        	0.03958     	0.03481     	0.04431     
1           	910         	9.9         	0.03951     	0.03441     	0.04459     
1           	911         	9.9         	0.03916     	0.03243     	0.04584     
1           	912         	9.9         	0.04013     	0.03401     	0.0462      
1           	913         	9.85        	0.03964     	0.03405     	0.04517     
1           	914         	9.85        	0.04003     	0.03438     	0.04563     
1           	915         	9.85        	0.03944     	0.03424     	0.0446      
1           	916         	9.8         	0.03842     	0.03508     	0.04172     
1           	917         	9.9         	0.03845     	0.03526     	0.04162     
1           	918         	9.75        	0.03891     	0.03625     	0.04155     
1           	919         	9.7         	0.04015     	0.03787     	0.04241     
1           	920         	9.85        	0.04003     	0.03819     	0.04184     
1           	921         	9.85        	0.03932     	0.03904     	0.0396      
1           	922         	9.9         	0.03963     	0.03913     	0.04012     
1           	923         	9.9         	0.03825     	0.03907     	0.03743     
1           	924         	9.9         	0.03899     	0.03881     	0.03916     
1           	925         	9.9         	0.03908     	0.03841     	0.03974     
1           	926         	9.9         	0.03991     	0.04047     	0.03936     
1           	927         	9.9         	0.03952     	0.04074     	0.0383      
1           	928         	9.95        	0.03906     	0.04028     	0.03784     
1           	929         	9.95        	0.03858     	0.03986     	0.03731     
1           	930         	10          	0.03929     	0.03919     	0.0394      
1           	931         	10          	0.03928     	0.03918     	0.03938     
1           	932         	10          	0.03906     	0.04032     	0.0378      
1           	933         	10          	0.03815     	0.03991     	0.03639     
1           	934         	9.9         	0.03784     	0.03912     	0.03655     
1           	935         	9.95        	0.03823     	0.03877     	0.03769     
1           	936         	9.95        	0.03846     	0.03769     	0.03923     
1           	937         	9.95        	0.03757     	0.03699     	0.03814     
1           	938         	9.95        	0.0381      	0.0388      	0.03739     
1           	939         	9.95        	0.03852     	0.03878     	0.03827     
1           	940         	9.95        	0.03842     	0.03878     	0.03806     
1           	941         	9.95        	0.03819     	0.03923     	0.03714     
1           	942         	9.95        	0.03828     	0.04038     	0.03615     
1           	943         	9.95        	0.03747     	0.04003     	0.03486     
1           	944         	10          	0.03693     	0.0384      	0.03544     
1           	945         	10          	0.03823     	0.03942     	0.03703     
1           	946         	10          	0.03751     	0.03798     	0.03704     
1           	947         	9.95        	0.03778     	0.03834     	0.03721     
1           	948         	9.9         	0.03832     	0.04008     	0.03653     
1           	949         	9.9         	0.03894     	0.04098     	0.03687     
1           	950         	9.9         	0.03828     	0.04013     	0.03641     
1           	951         	10          	0.03678     	0.03841     	0.03512     
1           	952         	10          	0.03753     	0.0386      	0.03645     
1           	953         	9.95        	0.03734     	0.03884     	0.03581     
1           	954         	9.95        	0.03807     	0.03934     	0.03679     
1           	955         	9.95        	0.03713     	0.03795     	0.03631     
1           	956         	9.95        	0.03863     	0.03935     	0.03791     
1           	957         	9.9         	0.03741     	0.03752     	0.03729     
1           	958         	9.9         	0.03926     	0.03692     	0.04163     
1           	959         	9.9         	0.04094     	0.03769     	0.04421     
1           	960         	9.85        	0.0404      	0.03734     	0.0435      
1           	961         	9.8         	0.04045     	0.03742     	0.04351     
1           	962         	9.95        	0.04008     	0.03736     	0.04283     
1           	963         	9.85        	0.04063     	0.03768     	0.04362     
1           	964         	9.9         	0.04089     	0.03741     	0.0444      
1           	965         	10          	0.03981     	0.03711     	0.04255     
1           	966         	9.9         	0.04095     	0.03836     	0.04357     
1           	967         	9.9         	0.04224     	0.04012     	0.04439     
1           	968         	9.95        	0.04143     	0.0406      	0.04228     
1           	969         	9.85        	0.04096     	0.03995     	0.04197     
1           	970         	9.85        	0.04144     	0.03989     	0.04301     
1           	971         	9.85        	0.04099     	0.04125     	0.04073     
1           	972         	9.85        	0.04109     	0.04123     	0.04094     
1           	973         	9.85        	0.03999     	0.04046     	0.03952     
1           	974         	9.9         	0.04016     	0.03836     	0.04199     
1           	975         	9.9         	0.03997     	0.03964     	0.04031     
1           	976         	9.95        	0.04045     	0.03932     	0.0416      
1           	977         	9.9         	0.04204     	0.04004     	0.04407     
1           	978         	9.85        	0.04279     	0.04055     	0.04507     
1           	979         	9.85        	0.04268     	0.04011     	0.04529     
1           	980         	9.85        	0.04304     	0.04041     	0.04572     
1           	981         	9.8         	0.04209     	0.04012     	0.0441      
1           	982         	9.8         	0.0416      	0.03969     	0.04354     
1           	983         	9.85        	0.04252     	0.04155     	0.04349     
1           	984         	9.85        	0.04087     	0.04009     	0.04165     
1           	985         	9.9         	0.04159     	0.04081     	0.04239     
1           	986         	9.9         	0.04105     	0.04068     	0.04142     
1           	987         	9.9         	0.04065     	0.0391      	0.04222     
1           	988         	9.95        	0.04015     	0.03711     	0.04326     
1           	989         	9.95        	0.0401      	0.03848     	0.04175     
1           	990         	10          	0.03968     	0.03857     	0.04081     
1           	991         	10          	0.03975     	0.03888     	0.04063     
1           	992         	10          	0.04019     	0.03905     	0.04134     
1           	993         	10          	0.03993     	0.03964     	0.04023     
1           	994         	9.95        	0.04061     	0.03951     	0.04173     
1           	995         	9.95        	0.03973     	0.03672     	0.04278     
1           	996         	9.95        	0.03923     	0.03623     	0.04226     
1           	997         	9.95        	0.03816     	0.03405     	0.04232     
1           	998         	9.95        	0.03881     	0.035       	0.04266     
1           	999         	9.95        	0.03925     	0.0357      	0.04284     
1           	1000        	9.85        	0.03829     	0.03384     	0.0428      
