replicate   	generation  	q.adlt.nbAll	q.adlt.hs   	q.meanG     	q.varG      
1           	1           	255         	0.9961      	0.09212     	95.88       
1           	100         	202         	0.9916      	0.2096      	89.69       
1           	200         	144         	0.9868      	0.1987      	90.07       
1           	300         	110         	0.9819      	-0.2818     	101.8       
1           	400         	98          	0.9774      	-0.9095     	107.8       
1           	500         	75          	0.9701      	-1.959      	101.9       
1           	600         	69          	0.9705      	-1.764      	96.95       
1           	700         	69          	0.9651      	-1.904      	97.52       
1           	800         	62          	0.9622      	-2.429      	101.7       
1           	900         	60          	0.9607      	-4.336      	93.35       
1           	1000        	55          	0.9602      	-4.031      	90.67       
1           	1100        	56          	0.9604      	-3.621      	90.82       
1           	1200        	48          	0.9611      	-3.223      	89.18       
1           	1300        	55          	0.9526      	-2.672      	76.61       
1           	1400        	51          	0.9474      	-3.253      	79.52       
1           	1500        	45          	0.9365      	-3.349      	64.91       
1           	1600        	45          	0.9226      	-3.899      	53.4        
1           	1700        	37          	0.9198      	-3.473      	48.02       
1           	1800        	43          	0.9255      	-2.598      	54.37       
1           	1900        	44          	0.9188      	-2.477      	51.87       
1           	2000        	38          	0.9178      	-1.563      	44.35       
1           	2100        	44          	0.9224      	-0.9533     	52.23       
1           	2200        	42          	0.9212      	0.1622      	67.41       
1           	2300        	36          	0.9246      	1.049       	59.96       
1           	2400        	32          	0.9268      	0.4683      	53.76       
1           	2500        	34          	0.9253      	0.9056      	61.55       
1           	2600        	38          	0.9223      	1.471       	53.82       
1           	2700        	41          	0.9334      	1.764       	49.12       
1           	2800        	37          	0.9287      	2.277       	49.12       
1           	2900        	31          	0.9192      	2.988       	56.06       
1           	3000        	36          	0.9251      	2.184       	51.44       
1           	3100        	36          	0.9262      	1.075       	51.15       
1           	3200        	44          	0.9305      	0.5281      	57.36       
1           	3300        	32          	0.9265      	0.9143      	47.07       
1           	3400        	34          	0.918       	0.9185      	40.55       
1           	3500        	35          	0.9128      	-0.3365     	35.38       
1           	3600        	33          	0.9102      	-0.06954    	35.21       
1           	3700        	30          	0.8992      	-0.1828     	35.12       
1           	3800        	28          	0.9072      	-0.7243     	38.97       
1           	3900        	33          	0.8984      	-0.1659     	33.03       
1           	4000        	33          	0.9047      	-0.6306     	32.37       
1           	4100        	35          	0.8871      	-0.6011     	29.17       
1           	4200        	38          	0.8852      	-0.1203     	28.76       
1           	4300        	28          	0.8709      	-0.6122     	31.3        
1           	4400        	28          	0.8594      	-0.6769     	28.39       
1           	4500        	32          	0.85        	-1.545      	25.35       
1           	4600        	29          	0.8229      	-1.205      	20.81       
1           	4700        	26          	0.8188      	-1.252      	23.93       
1           	4800        	28          	0.8337      	-1.792      	27.82       
1           	4900        	26          	0.8339      	-1.805      	23.25       
1           	5000        	27          	0.8271      	-1.659      	19.22       
2           	1           	255         	0.9961      	-0.04626    	96.42       
2           	100         	190         	0.9901      	-0.4723     	89.7        
2           	200         	130         	0.9841      	-0.2325     	92.78       
2           	300         	100         	0.9791      	-1.184      	84.46       
2           	400         	86          	0.9769      	-2.6        	76.99       
2           	500         	72          	0.9736      	-4.331      	68.98       
2           	600         	69          	0.9698      	-4.45       	63.11       
2           	700         	58          	0.9642      	-5.918      	58.64       
2           	800         	52          	0.9601      	-4.65       	59.73       
2           	900         	43          	0.9578      	-3.944      	68.11       
2           	1000        	49          	0.956       	-3.228      	63.53       
2           	1100        	44          	0.9507      	-2.608      	67.74       
2           	1200        	41          	0.9443      	-2.472      	63.57       
2           	1300        	45          	0.9401      	-3.769      	55.67       
2           	1400        	36          	0.9296      	-5.302      	45.79       
2           	1500        	39          	0.9348      	-6.024      	37.52       
2           	1600        	37          	0.9344      	-5.409      	36.54       
2           	1700        	39          	0.937       	-6.194      	36.39       
2           	1800        	40          	0.9326      	-7.227      	35.3        
2           	1900        	44          	0.9284      	-6.938      	35.21       
2           	2000        	42          	0.9338      	-7.298      	37.31       
2           	2100        	41          	0.9269      	-8.025      	36.7        
2           	2200        	38          	0.9303      	-7.819      	37.32       
2           	2300        	41          	0.9333      	-8.204      	41.51       
2           	2400        	42          	0.9357      	-7.49       	43.93       
2           	2500        	36          	0.9349      	-7.909      	44.48       
2           	2600        	34          	0.93        	-8.353      	38.51       
2           	2700        	35          	0.9292      	-8.883      	36.74       
2           	2800        	35          	0.9241      	-9.048      	42.91       
2           	2900        	38          	0.9179      	-9.44       	36.54       
2           	3000        	35          	0.9162      	-9.536      	37.27       
2           	3100        	35          	0.9296      	-8.976      	39.27       
2           	3200        	39          	0.9245      	-9.341      	38.86       
2           	3300        	34          	0.9109      	-9.217      	40.12       
2           	3400        	32          	0.9152      	-8.951      	37.91       
2           	3500        	30          	0.9159      	-8.387      	35.26       
2           	3600        	35          	0.9206      	-7.995      	37.81       
2           	3700        	38          	0.9149      	-7.456      	35.45       
2           	3800        	31          	0.9087      	-7.269      	30.41       
2           	3900        	29          	0.8979      	-7.233      	25.34       
2           	4000        	32          	0.8932      	-7.342      	28.48       
2           	4100        	30          	0.8852      	-6.741      	25.05       
2           	4200        	23          	0.8642      	-7.326      	24.73       
2           	4300        	28          	0.8466      	-7.126      	23.5        
2           	4400        	34          	0.7824      	-6.592      	20.44       
2           	4500        	29          	0.8319      	-6.479      	22.43       
2           	4600        	31          	0.7936      	-6.452      	22.05       
2           	4700        	35          	0.8262      	-7.198      	24.26       
2           	4800        	27          	0.8081      	-6.658      	21.32       
2           	4900        	31          	0.8264      	-7.014      	26.95       
2           	5000        	35          	0.817       	-7.121      	28.19       
3           	1           	255         	0.9961      	0.003458    	95.67       
3           	100         	200         	0.9921      	0.094       	90.45       
3           	200         	156         	0.986       	0.1655      	97.75       
3           	300         	114         	0.9824      	-0.7626     	95.39       
3           	400         	103         	0.9782      	-0.6282     	90.79       
3           	500         	92          	0.9722      	-0.1979     	95.97       
3           	600         	70          	0.9638      	-0.189      	87.9        
3           	700         	62          	0.9635      	-0.3201     	90.64       
3           	800         	59          	0.9624      	-0.2403     	93.7        
3           	900         	55          	0.9594      	-0.3086     	101.8       
3           	1000        	57          	0.9524      	-0.0264     	92.45       
3           	1100        	51          	0.9499      	0.1218      	77.07       
3           	1200        	51          	0.9444      	0.7762      	71.25       
3           	1300        	48          	0.9492      	0.8211      	76.38       
3           	1400        	48          	0.9487      	0.1535      	81.9        
3           	1500        	43          	0.9447      	2.256       	80.55       
3           	1600        	41          	0.9426      	1.064       	80.19       
3           	1700        	38          	0.9431      	0.9491      	71.31       
3           	1800        	42          	0.9372      	1.36        	74.26       
3           	1900        	43          	0.9276      	-0.07979    	71.44       
3           	2000        	34          	0.9362      	-2.082      	74.18       
3           	2100        	37          	0.9315      	-3.813      	71.26       
3           	2200        	48          	0.9297      	-2.977      	60.7        
3           	2300        	38          	0.923       	-2.413      	66.1        
3           	2400        	39          	0.9202      	-2.638      	65.79       
3           	2500        	34          	0.9087      	-3.368      	75.29       
3           	2600        	42          	0.9055      	-4.937      	69.88       
3           	2700        	46          	0.9044      	-5.263      	68.1        
3           	2800        	38          	0.8902      	-6.825      	67.72       
3           	2900        	36          	0.8992      	-5.925      	72.63       
3           	3000        	28          	0.9063      	-5.561      	63.98       
3           	3100        	36          	0.8914      	-6.897      	66.29       
3           	3200        	37          	0.8967      	-6.422      	71.81       
3           	3300        	34          	0.8675      	-7.908      	76.19       
3           	3400        	43          	0.8585      	-8.582      	80.39       
3           	3500        	37          	0.8611      	-8.015      	84.92       
3           	3600        	33          	0.8371      	-8.857      	84.76       
3           	3700        	39          	0.829       	-9.26       	80.4        
3           	3800        	31          	0.8509      	-8.686      	78.75       
3           	3900        	29          	0.8635      	-8.157      	73.95       
3           	4000        	38          	0.8658      	-6.984      	87.52       
3           	4100        	34          	0.8674      	-6.716      	87.06       
3           	4200        	38          	0.8565      	-8.014      	79.55       
3           	4300        	36          	0.8634      	-7.445      	79.68       
3           	4400        	35          	0.8841      	-5.522      	87.42       
3           	4500        	35          	0.8994      	-5.433      	77.64       
3           	4600        	38          	0.9099      	-4.804      	73.12       
3           	4700        	31          	0.9138      	-4.412      	68.17       
3           	4800        	39          	0.9138      	-2.84       	67.02       
3           	4900        	34          	0.9166      	-2.74       	65          
3           	5000        	37          	0.9058      	-2.843      	72.11       
4           	1           	255         	0.9961      	0.0598      	97.73       
4           	100         	200         	0.9912      	-0.791      	96.49       
4           	200         	144         	0.9862      	-1.186      	96.11       
4           	300         	117         	0.9818      	-1.577      	95.2        
4           	400         	93          	0.978       	-1.686      	93.6        
4           	500         	72          	0.9742      	-1.538      	90.98       
4           	600         	65          	0.9676      	-2.205      	85.36       
4           	700         	72          	0.9676      	-2.295      	85.64       
4           	800         	60          	0.9677      	-2.587      	84.59       
4           	900         	59          	0.9668      	-3.285      	78.79       
4           	1000        	59          	0.9623      	-3.054      	71.42       
4           	1100        	65          	0.9587      	-3.583      	64.54       
4           	1200        	54          	0.9474      	-3.986      	63.89       
4           	1300        	51          	0.9416      	-3.673      	64.97       
4           	1400        	45          	0.9391      	-2.833      	65.93       
4           	1500        	47          	0.9346      	-4.565      	61.51       
4           	1600        	38          	0.9376      	-4.428      	67.15       
4           	1700        	40          	0.9332      	-4.223      	60.73       
4           	1800        	36          	0.9375      	-5.039      	55.97       
4           	1900        	39          	0.9372      	-5.069      	61.07       
4           	2000        	33          	0.9328      	-4.699      	60.79       
4           	2100        	34          	0.9258      	-4.418      	58.34       
4           	2200        	39          	0.9262      	-6.063      	43.31       
4           	2300        	36          	0.9199      	-5.079      	49.88       
4           	2400        	29          	0.9131      	-3.115      	60.22       
4           	2500        	30          	0.9107      	-3.776      	55.23       
4           	2600        	37          	0.915       	-3.161      	57.42       
4           	2700        	35          	0.9036      	-2.477      	64.86       
4           	2800        	43          	0.9118      	-2.259      	56.2        
4           	2900        	36          	0.9157      	-1.361      	59.64       
4           	3000        	33          	0.9157      	-0.7689     	63.26       
4           	3100        	36          	0.9122      	-0.3978     	61          
4           	3200        	32          	0.9078      	0.1765      	61.17       
4           	3300        	27          	0.8993      	-0.2026     	59.08       
4           	3400        	30          	0.8785      	-0.9939     	59.38       
4           	3500        	28          	0.8773      	0.7709      	69.15       
4           	3600        	36          	0.8643      	0.06132     	68.89       
4           	3700        	30          	0.8732      	0.3913      	67.27       
4           	3800        	30          	0.8746      	-0.8453     	63.99       
4           	3900        	32          	0.8788      	-1.025      	64          
4           	4000        	33          	0.8753      	-2.384      	53.71       
4           	4100        	34          	0.8552      	-2.621      	53.01       
4           	4200        	30          	0.8612      	-3.281      	47.34       
4           	4300        	29          	0.8318      	-3.245      	46.13       
4           	4400        	26          	0.8207      	-2.934      	50.19       
4           	4500        	30          	0.8236      	-2.984      	50.05       
4           	4600        	28          	0.8122      	-3.636      	40.62       
4           	4700        	28          	0.8179      	-3.182      	39.32       
4           	4800        	30          	0.8365      	-2.997      	41.84       
4           	4900        	27          	0.8512      	-3.024      	42.52       
4           	5000        	33          	0.8487      	-2.47       	40.36       
5           	1           	255         	0.9961      	0.1519      	97.31       
5           	100         	199         	0.9915      	1.249       	88.41       
5           	200         	145         	0.9879      	1.163       	93.53       
5           	300         	108         	0.9812      	1.161       	92.13       
5           	400         	95          	0.9774      	1.073       	90.03       
5           	500         	78          	0.9745      	-0.3333     	87.25       
5           	600         	72          	0.9721      	-1.44       	90.95       
5           	700         	66          	0.9677      	-2.424      	86.79       
5           	800         	58          	0.961       	-1.572      	94.88       
5           	900         	51          	0.9625      	-1.215      	94.13       
5           	1000        	56          	0.9559      	-0.07226    	86.17       
5           	1100        	49          	0.9526      	-0.3818     	80.46       
5           	1200        	50          	0.9382      	-0.2341     	88.55       
5           	1300        	51          	0.9343      	-0.2684     	98.49       
5           	1400        	38          	0.9416      	-1.275      	94.95       
5           	1500        	41          	0.9439      	-0.8669     	93.02       
5           	1600        	37          	0.943       	-0.2229     	84.19       
5           	1700        	36          	0.9374      	-1.258      	88.67       
5           	1800        	36          	0.9259      	-0.4777     	80.89       
5           	1900        	34          	0.926       	-0.6812     	74.13       
5           	2000        	40          	0.9226      	0.08213     	70.38       
5           	2100        	39          	0.9176      	-0.1078     	79.42       
5           	2200        	43          	0.9205      	0.1109      	83.58       
5           	2300        	39          	0.9135      	-0.7863     	66.38       
5           	2400        	42          	0.9171      	-1.38       	63.82       
5           	2500        	39          	0.9136      	-1.216      	60.63       
5           	2600        	33          	0.9035      	-0.7072     	67.25       
5           	2700        	33          	0.9177      	-0.4866     	84.72       
5           	2800        	35          	0.9195      	-0.2598     	84.28       
5           	2900        	36          	0.9162      	-0.265      	90.24       
5           	3000        	31          	0.9256      	-1.679      	72.7        
5           	3100        	37          	0.9206      	-0.4559     	71.39       
5           	3200        	34          	0.9122      	-0.3482     	78.39       
5           	3300        	39          	0.9077      	-1.233      	71.24       
5           	3400        	34          	0.8803      	-1.044      	67.72       
5           	3500        	40          	0.8645      	-1.086      	57.92       
5           	3600        	35          	0.8492      	-1.403      	50.67       
5           	3700        	32          	0.8765      	-1.83       	60.8        
5           	3800        	29          	0.8992      	-2.673      	55.03       
5           	3900        	30          	0.8867      	-3.508      	56.61       
5           	4000        	36          	0.896       	-3.231      	59.6        
5           	4100        	37          	0.888       	-3.429      	74.55       
5           	4200        	31          	0.8601      	-2.814      	57.82       
5           	4300        	35          	0.8701      	-2.284      	62.25       
5           	4400        	37          	0.8843      	-2.604      	54.58       
5           	4500        	33          	0.8821      	-1.638      	52.51       
5           	4600        	28          	0.8894      	-2.461      	50.49       
5           	4700        	34          	0.8876      	-2.705      	42.32       
5           	4800        	33          	0.8901      	-1.845      	33.79       
5           	4900        	28          	0.8752      	-0.8035     	28.97       
5           	5000        	29          	0.8822      	-0.7477     	29.55       
6           	1           	255         	0.9961      	-0.1015     	97.28       
6           	100         	204         	0.9911      	-0.2805     	96.96       
6           	200         	144         	0.9855      	-1.031      	97.44       
6           	300         	116         	0.9824      	-1.87       	94.65       
6           	400         	94          	0.9776      	-1.993      	95.39       
6           	500         	79          	0.9759      	-2.993      	91.09       
6           	600         	72          	0.9718      	-2.715      	93.23       
6           	700         	66          	0.9686      	-1.65       	80.21       
6           	800         	61          	0.9638      	-1.838      	82.51       
6           	900         	59          	0.9597      	-2.975      	75.58       
6           	1000        	59          	0.962       	-1.725      	84.2        
6           	1100        	50          	0.9588      	-2.041      	78.82       
6           	1200        	54          	0.9509      	-1.72       	74.51       
6           	1300        	54          	0.9513      	0.1735      	73.13       
6           	1400        	51          	0.9482      	0.3272      	74.35       
6           	1500        	47          	0.9476      	0.9608      	72.07       
6           	1600        	46          	0.9466      	1.411       	68.92       
6           	1700        	47          	0.9447      	1.059       	68.99       
6           	1800        	49          	0.9489      	0.3835      	73.17       
6           	1900        	47          	0.9458      	0.03973     	59.7        
6           	2000        	45          	0.9447      	1.535       	59.54       
6           	2100        	43          	0.9459      	1.328       	60.38       
6           	2200        	39          	0.9256      	3.187       	57.54       
6           	2300        	37          	0.9142      	4.067       	61.33       
6           	2400        	35          	0.9034      	4.222       	60.64       
6           	2500        	29          	0.8916      	4.208       	55.92       
6           	2600        	34          	0.8915      	4.453       	58.45       
6           	2700        	29          	0.8891      	4.511       	53.93       
6           	2800        	32          	0.8868      	4.847       	54.66       
6           	2900        	29          	0.8706      	5.297       	60.06       
6           	3000        	38          	0.878       	5.96        	57.84       
6           	3100        	29          	0.8684      	5.468       	63.16       
6           	3200        	32          	0.8504      	6.131       	74.09       
6           	3300        	29          	0.8456      	6.374       	73.45       
6           	3400        	34          	0.8443      	6.527       	73.31       
6           	3500        	27          	0.8484      	5.468       	77.86       
6           	3600        	28          	0.8404      	4.969       	78.78       
6           	3700        	29          	0.8357      	6.157       	68.14       
6           	3800        	36          	0.8169      	7.163       	63.73       
6           	3900        	32          	0.8299      	7.923       	57.45       
6           	4000        	29          	0.8256      	7.469       	58.89       
6           	4100        	32          	0.8258      	7.48        	58.86       
6           	4200        	34          	0.8044      	8.283       	54.42       
6           	4300        	32          	0.8347      	6.576       	66.75       
6           	4400        	36          	0.8391      	6.933       	58.22       
6           	4500        	34          	0.8469      	6.284       	54.38       
6           	4600        	33          	0.839       	7.381       	57.25       
6           	4700        	28          	0.845       	6.549       	55.28       
6           	4800        	27          	0.8404      	6.141       	59.4        
6           	4900        	28          	0.8496      	6.569       	62.13       
6           	5000        	40          	0.8269      	6.483       	60.81       
7           	1           	255         	0.9961      	-0.167      	95.12       
7           	100         	201         	0.9908      	-0.2661     	107         
7           	200         	143         	0.986       	0.21        	99.29       
7           	300         	110         	0.9805      	0.7135      	108.3       
7           	400         	96          	0.9762      	0.1326      	101.7       
7           	500         	83          	0.9733      	-0.5461     	103.4       
7           	600         	78          	0.9696      	-1.236      	100.6       
7           	700         	71          	0.9665      	-1.363      	102.8       
7           	800         	69          	0.9646      	-1.409      	91.54       
7           	900         	54          	0.9647      	-1.462      	90.7        
7           	1000        	57          	0.9614      	-1.474      	79.58       
7           	1100        	54          	0.9566      	-1.284      	80.21       
7           	1200        	53          	0.9527      	-1.894      	72.63       
7           	1300        	51          	0.9509      	-0.8205     	77.74       
7           	1400        	48          	0.9471      	-1.46       	74.01       
7           	1500        	47          	0.9466      	-1.803      	75.73       
7           	1600        	42          	0.9379      	0.02104     	67.91       
7           	1700        	46          	0.9401      	0.738       	60.89       
7           	1800        	39          	0.9397      	1.432       	63.94       
7           	1900        	38          	0.9379      	1.818       	71.72       
7           	2000        	42          	0.9382      	3.121       	58.82       
7           	2100        	38          	0.9322      	3.655       	54.58       
7           	2200        	38          	0.9339      	3.723       	56.13       
7           	2300        	40          	0.9395      	3.79        	49.54       
7           	2400        	34          	0.9304      	4.406       	48.51       
7           	2500        	33          	0.9249      	4.474       	42.81       
7           	2600        	34          	0.9221      	4.366       	43.06       
7           	2700        	36          	0.9292      	3.354       	48.88       
7           	2800        	38          	0.9304      	2.882       	48.98       
7           	2900        	39          	0.9324      	3.165       	40.98       
7           	3000        	33          	0.9376      	1.604       	44.91       
7           	3100        	33          	0.9363      	1.642       	40.59       
7           	3200        	32          	0.9314      	1.781       	34.35       
7           	3300        	26          	0.9299      	2.596       	35.67       
7           	3400        	32          	0.9241      	3.054       	43.49       
7           	3500        	30          	0.9124      	4.054       	49.91       
7           	3600        	32          	0.9145      	3.534       	50          
7           	3700        	34          	0.9185      	2.751       	57.63       
7           	3800        	31          	0.9094      	3.657       	57.1        
7           	3900        	33          	0.9067      	4.076       	57.88       
7           	4000        	31          	0.9061      	4.093       	53.92       
7           	4100        	35          	0.9189      	3.03        	51.42       
7           	4200        	41          	0.907       	3.626       	51.12       
7           	4300        	37          	0.9057      	3.518       	57.77       
7           	4400        	29          	0.8976      	3.617       	74.51       
7           	4500        	30          	0.8919      	2.597       	80.75       
7           	4600        	31          	0.8947      	2.818       	76.36       
7           	4700        	31          	0.8965      	2.867       	74.7        
7           	4800        	24          	0.8922      	1.751       	76.93       
7           	4900        	33          	0.8976      	0.2933      	80.23       
7           	5000        	33          	0.8897      	0.1933      	85.99       
8           	1           	255         	0.9961      	-0.06705    	97.53       
8           	100         	198         	0.9908      	-0.3158     	95.26       
8           	200         	146         	0.986       	-0.6328     	98.06       
8           	300         	109         	0.9804      	0.09848     	110.8       
8           	400         	91          	0.9731      	0.8651      	106.9       
8           	500         	71          	0.964       	1.977       	105         
8           	600         	62          	0.9551      	2.112       	107.2       
8           	700         	57          	0.946       	2.149       	97.94       
8           	800         	50          	0.945       	2.405       	101.7       
8           	900         	46          	0.9326      	1.418       	114.8       
8           	1000        	45          	0.92        	0.5435      	122.7       
8           	1100        	46          	0.916       	1.165       	124.6       
8           	1200        	47          	0.9064      	1.961       	121.1       
8           	1300        	42          	0.901       	1.901       	114.4       
8           	1400        	38          	0.9048      	2.637       	99.13       
8           	1500        	32          	0.9041      	2.601       	98.99       
8           	1600        	34          	0.915       	1.7         	92.83       
8           	1700        	38          	0.916       	0.2871      	96.86       
8           	1800        	34          	0.902       	0.1965      	106.8       
8           	1900        	34          	0.8947      	-1.234      	103.7       
8           	2000        	32          	0.8941      	-0.1819     	101.9       
8           	2100        	35          	0.8723      	-2.315      	112.1       
8           	2200        	34          	0.8701      	-1.872      	104.7       
8           	2300        	27          	0.8568      	-3.257      	112.7       
8           	2400        	29          	0.8537      	-3.614      	105.1       
8           	2500        	27          	0.8539      	-3.17       	102.2       
8           	2600        	34          	0.8521      	-3.58       	95.57       
8           	2700        	33          	0.8499      	-2.458      	93.58       
8           	2800        	27          	0.8369      	-4.054      	94.84       
8           	2900        	33          	0.8668      	-2.215      	84.66       
8           	3000        	28          	0.8732      	-2.302      	79.2        
8           	3100        	31          	0.8644      	-1.597      	93.33       
8           	3200        	34          	0.8435      	-3.884      	90.82       
8           	3300        	38          	0.8531      	-3.544      	84.35       
8           	3400        	29          	0.855       	-3.348      	84.93       
8           	3500        	27          	0.8582      	-2.265      	71.14       
8           	3600        	31          	0.84        	-3.321      	71.83       
8           	3700        	24          	0.8271      	-3.707      	65.96       
8           	3800        	27          	0.8273      	-3.545      	68.7        
8           	3900        	34          	0.8453      	-3.124      	66.78       
8           	4000        	27          	0.8369      	-2.752      	63.45       
8           	4100        	35          	0.8298      	-2.372      	64.84       
8           	4200        	31          	0.8419      	-2.334      	53.94       
8           	4300        	35          	0.8265      	-2.05       	52.07       
8           	4400        	33          	0.8331      	-2.558      	46.05       
8           	4500        	34          	0.8486      	-2.486      	43.52       
8           	4600        	31          	0.8459      	-2.095      	38.64       
8           	4700        	35          	0.8648      	-2.37       	46.51       
8           	4800        	33          	0.8463      	-1.756      	41.43       
8           	4900        	30          	0.8558      	-1.24       	41.97       
8           	5000        	26          	0.8472      	-0.5487     	38.58       
9           	1           	255         	0.9961      	-0.0188     	98.51       
9           	100         	207         	0.9906      	0.4389      	107.3       
9           	200         	150         	0.9877      	1.16        	100.3       
9           	300         	117         	0.9829      	0.6376      	107.5       
9           	400         	92          	0.979       	0.6377      	106.4       
9           	500         	85          	0.9745      	0.8936      	96.82       
9           	600         	78          	0.9715      	1.179       	85.97       
9           	700         	66          	0.9683      	-1.022      	85.15       
9           	800         	63          	0.9659      	0.5133      	83.97       
9           	900         	57          	0.9627      	1.198       	86.84       
9           	1000        	56          	0.9552      	1.63        	92.77       
9           	1100        	53          	0.9522      	2.598       	87.98       
9           	1200        	51          	0.9491      	3.19        	76.76       
9           	1300        	54          	0.9465      	3.914       	76.52       
9           	1400        	45          	0.9262      	3.334       	68.04       
9           	1500        	43          	0.925       	1.828       	65.55       
9           	1600        	41          	0.9124      	3.129       	57.76       
9           	1700        	43          	0.8988      	3.485       	51.04       
9           	1800        	38          	0.9004      	4.831       	46.85       
9           	1900        	30          	0.9103      	5.194       	48.78       
9           	2000        	38          	0.9002      	4.734       	53.03       
9           	2100        	37          	0.9077      	4.162       	46.9        
9           	2200        	36          	0.9039      	3.941       	43.84       
9           	2300        	36          	0.9124      	2.901       	43.94       
9           	2400        	31          	0.9139      	4.257       	45.3        
9           	2500        	32          	0.9093      	3.067       	39.91       
9           	2600        	30          	0.9154      	2.341       	48.15       
9           	2700        	38          	0.9235      	2.343       	45.28       
9           	2800        	38          	0.9266      	1.692       	48.28       
9           	2900        	35          	0.9224      	0.6041      	45.95       
9           	3000        	34          	0.913       	0.2035      	48.94       
9           	3100        	37          	0.9152      	-0.2213     	48.13       
9           	3200        	35          	0.9202      	-0.8161     	50.82       
9           	3300        	35          	0.9191      	-1.909      	42.65       
9           	3400        	36          	0.9115      	-2.403      	41.74       
9           	3500        	30          	0.9112      	-2.679      	40.14       
9           	3600        	33          	0.8926      	-3.441      	39.93       
9           	3700        	39          	0.8959      	-2.773      	37.36       
9           	3800        	34          	0.9035      	-2.11       	37.51       
9           	3900        	34          	0.9046      	-1.984      	35.95       
9           	4000        	35          	0.9008      	-1.875      	42.48       
9           	4100        	31          	0.8902      	-2.004      	42.84       
9           	4200        	41          	0.9007      	-2.429      	44.4        
9           	4300        	33          	0.9127      	-0.9757     	47.59       
9           	4400        	28          	0.8995      	-1.533      	49.56       
9           	4500        	32          	0.9041      	-1.027      	56.75       
9           	4600        	33          	0.9006      	-0.8334     	51.28       
9           	4700        	37          	0.896       	-0.6545     	56.92       
9           	4800        	31          	0.8981      	-2.143      	56.05       
9           	4900        	28          	0.898       	-1.296      	55.51       
9           	5000        	30          	0.8932      	-1.597      	49.52       
10          	1           	255         	0.9961      	-0.2006     	95.52       
10          	100         	193         	0.9904      	0.4198      	96.84       
10          	200         	132         	0.9868      	1.393       	94.85       
10          	300         	110         	0.9818      	0.4542      	93.85       
10          	400         	85          	0.9743      	-1.655      	90.37       
10          	500         	75          	0.9658      	-2.508      	90.4        
10          	600         	64          	0.962       	-3.471      	84.01       
10          	700         	68          	0.9518      	-4.034      	85.4        
10          	800         	53          	0.9454      	-3.963      	82.31       
10          	900         	45          	0.9412      	-4.924      	85.12       
10          	1000        	49          	0.941       	-4.08       	89.15       
10          	1100        	55          	0.934       	-5.385      	78.81       
10          	1200        	47          	0.9376      	-5.07       	77.22       
10          	1300        	44          	0.9342      	-5.119      	75.25       
10          	1400        	44          	0.9196      	-6.55       	71.48       
10          	1500        	45          	0.9143      	-6.679      	70.07       
10          	1600        	41          	0.9263      	-4.797      	67.64       
10          	1700        	46          	0.9082      	-6.766      	64.12       
10          	1800        	51          	0.9046      	-5.87       	60.75       
10          	1900        	44          	0.8956      	-5.29       	55.46       
10          	2000        	39          	0.8919      	-5.683      	50.76       
10          	2100        	40          	0.8885      	-5.648      	44.54       
10          	2200        	36          	0.9071      	-5.848      	43.61       
10          	2300        	39          	0.905       	-6.089      	41.07       
10          	2400        	41          	0.9042      	-6.271      	36.85       
10          	2500        	39          	0.9053      	-5.731      	38.66       
10          	2600        	36          	0.916       	-4.882      	42.23       
10          	2700        	40          	0.9229      	-5.004      	42.19       
10          	2800        	35          	0.9187      	-6.079      	45.4        
10          	2900        	35          	0.9094      	-7.058      	44.99       
10          	3000        	36          	0.9035      	-6.721      	46.92       
10          	3100        	34          	0.901       	-5.992      	46.29       
10          	3200        	34          	0.8971      	-5.377      	49.73       
10          	3300        	33          	0.8944      	-4.496      	51          
10          	3400        	36          	0.9004      	-5.552      	51.89       
10          	3500        	34          	0.8856      	-6.235      	52.96       
10          	3600        	26          	0.8775      	-6.761      	53.61       
10          	3700        	22          	0.8724      	-6.43       	50.01       
10          	3800        	27          	0.8713      	-6.4        	49.32       
10          	3900        	25          	0.8798      	-6.459      	54.01       
10          	4000        	27          	0.8795      	-6.31       	52.66       
10          	4100        	35          	0.8705      	-6.705      	45.22       
10          	4200        	29          	0.8674      	-5.6        	45.61       
10          	4300        	33          	0.8665      	-5.546      	38.5        
10          	4400        	32          	0.8565      	-5.748      	37.81       
10          	4500        	30          	0.8772      	-4.431      	36.25       
10          	4600        	26          	0.879       	-5.038      	32.1        
10          	4700        	24          	0.8764      	-5.149      	33.26       
10          	4800        	30          	0.8808      	-5.121      	30.82       
10          	4900        	31          	0.8763      	-4.885      	30.33       
10          	5000        	27          	0.8579      	-5.276      	34.18       
