generation  	alive.rpl   	n.adlt.nbAll	n.adlt.fst  	n.adlt.fst_l1	n.adlt.fst_l2
1           	1           	5.5         	0.5056      	1           	-7.094e-05  
2           	1           	8.45        	0.4963      	0.9805      	0.0004676   
3           	1           	9.35        	0.4872      	0.962       	0.001123    
4           	1           	9.8         	0.4775      	0.9427      	0.001241    
5           	1           	9.8         	0.4663      	0.9205      	0.001475    
6           	1           	9.95        	0.4542      	0.8962      	0.001993    
7           	1           	10          	0.4448      	0.877       	0.002345    
8           	1           	10          	0.4356      	0.8589      	0.002542    
9           	1           	10          	0.4248      	0.8376      	0.00312     
10          	1           	10          	0.4174      	0.8226      	0.003591    
11          	1           	10          	0.4114      	0.8096      	0.004513    
12          	1           	10          	0.3997      	0.787       	0.004281    
13          	1           	10          	0.3897      	0.7673      	0.004263    
14          	1           	10          	0.3811      	0.7503      	0.004415    
15          	1           	10          	0.3718      	0.7312      	0.004872    
16          	1           	10          	0.3626      	0.7131      	0.004536    
17          	1           	10          	0.3539      	0.6948      	0.005211    
18          	1           	10          	0.3468      	0.6805      	0.005016    
19          	1           	10          	0.3412      	0.6698      	0.004883    
20          	1           	10          	0.3353      	0.6581      	0.005293    
21          	1           	10          	0.3295      	0.6463      	0.005509    
22          	1           	10          	0.3257      	0.6383      	0.006218    
23          	1           	10          	0.315       	0.6169      	0.006752    
24          	1           	10          	0.3095      	0.6062      	0.006805    
25          	1           	10          	0.3049      	0.5969      	0.007064    
26          	1           	10          	0.2952      	0.5776      	0.007185    
27          	1           	10          	0.2911      	0.5696      	0.007396    
28          	1           	10          	0.2874      	0.5617      	0.007555    
29          	1           	10          	0.278       	0.5432      	0.007937    
30          	1           	10          	0.2777      	0.5421      	0.008218    
31          	1           	10          	0.2707      	0.5271      	0.009292    
32          	1           	10          	0.2646      	0.5155      	0.008829    
33          	1           	10          	0.2591      	0.5037      	0.009558    
34          	1           	10          	0.2552      	0.4961      	0.0096      
35          	1           	10          	0.2497      	0.4836      	0.01079     
36          	1           	10          	0.2446      	0.4733      	0.01094     
37          	1           	10          	0.2361      	0.4551      	0.01232     
38          	1           	10          	0.2328      	0.4481      	0.01256     
39          	1           	10          	0.2317      	0.4447      	0.01357     
40          	1           	10          	0.2285      	0.4387      	0.01377     
41          	1           	10          	0.224       	0.4286      	0.01491     
42          	1           	10          	0.2227      	0.4234      	0.01729     
43          	1           	10          	0.2208      	0.4199      	0.01734     
44          	1           	10          	0.2139      	0.4062      	0.01719     
45          	1           	10          	0.2133      	0.4052      	0.0167      
46          	1           	10          	0.2116      	0.402       	0.0165      
47          	1           	10          	0.2061      	0.3915      	0.01625     
48          	1           	10          	0.1995      	0.3774      	0.01704     
49          	1           	10          	0.1916      	0.3626      	0.01644     
50          	1           	10          	0.1894      	0.3577      	0.01687     
51          	1           	10          	0.1847      	0.3485      	0.01687     
52          	1           	10          	0.1829      	0.3448      	0.01733     
53          	1           	10          	0.1768      	0.3319      	0.01818     
54          	1           	10          	0.1788      	0.3362      	0.01813     
55          	1           	10          	0.1747      	0.3283      	0.01781     
56          	1           	10          	0.1712      	0.3213      	0.01769     
57          	1           	10          	0.1626      	0.3045      	0.01741     
58          	1           	10          	0.1608      	0.3017      	0.01665     
59          	1           	10          	0.1557      	0.2913      	0.01679     
60          	1           	10          	0.1539      	0.2876      	0.01712     
61          	1           	10          	0.1499      	0.2787      	0.01817     
62          	1           	10          	0.1486      	0.2756      	0.01864     
63          	1           	10          	0.1457      	0.2692      	0.01932     
64          	1           	10          	0.1403      	0.2596      	0.01818     
65          	1           	10          	0.1372      	0.2528      	0.01872     
66          	1           	10          	0.1339      	0.2475      	0.01734     
67          	1           	10          	0.1301      	0.2399      	0.01777     
68          	1           	10          	0.1263      	0.2335      	0.01634     
69          	1           	10          	0.1249      	0.2308      	0.01641     
70          	1           	10          	0.1205      	0.223       	0.01547     
71          	1           	10          	0.1235      	0.2283      	0.01604     
72          	1           	10          	0.1204      	0.2222      	0.01596     
73          	1           	10          	0.1171      	0.2171      	0.01482     
74          	1           	10          	0.1152      	0.214       	0.01415     
75          	1           	10          	0.1108      	0.2061      	0.01321     
76          	1           	10          	0.1061      	0.1973      	0.0127      
77          	1           	10          	0.103       	0.1904      	0.01358     
78          	1           	10          	0.1004      	0.1845      	0.01434     
79          	1           	10          	0.09657     	0.1768      	0.01452     
80          	1           	10          	0.09541     	0.1739      	0.01513     
81          	1           	10          	0.09408     	0.171       	0.01548     
82          	1           	10          	0.08766     	0.1588      	0.01492     
83          	1           	10          	0.08831     	0.1594      	0.01562     
84          	1           	10          	0.0846      	0.1523      	0.01544     
85          	1           	10          	0.08533     	0.153       	0.01629     
86          	1           	10          	0.0829      	0.1478      	0.01668     
87          	1           	10          	0.08061     	0.1439      	0.01597     
88          	1           	10          	0.08146     	0.1448      	0.01677     
89          	1           	10          	0.08243     	0.1457      	0.01773     
90          	1           	10          	0.08238     	0.1449      	0.01842     
91          	1           	10          	0.08056     	0.1415      	0.01816     
92          	1           	10          	0.0805      	0.1412      	0.0183      
93          	1           	10          	0.07943     	0.1398      	0.01762     
94          	1           	9.95        	0.08049     	0.1415      	0.01808     
95          	1           	10          	0.07799     	0.1362      	0.0184      
96          	1           	10          	0.07701     	0.1342      	0.01855     
97          	1           	10          	0.07594     	0.1319      	0.0187      
98          	1           	10          	0.07704     	0.1338      	0.01901     
99          	1           	10          	0.07685     	0.133       	0.01943     
100         	1           	10          	0.07535     	0.1293      	0.02019     
101         	1           	10          	0.07293     	0.125       	0.01962     
102         	1           	10          	0.07196     	0.1232      	0.01953     
103         	1           	10          	0.0707      	0.12        	0.02026     
104         	1           	10          	0.06849     	0.1153      	0.02052     
105         	1           	10          	0.06829     	0.1141      	0.02133     
106         	1           	10          	0.06492     	0.1072      	0.02154     
107         	1           	10          	0.06364     	0.1057      	0.02048     
108         	1           	10          	0.06346     	0.1047      	0.02122     
109         	1           	10          	0.06343     	0.1057      	0.02005     
110         	1           	10          	0.06322     	0.1044      	0.021       
111         	1           	10          	0.06098     	0.0991      	0.02186     
112         	1           	10          	0.06        	0.09793     	0.02109     
113         	1           	10          	0.05948     	0.09777     	0.02015     
114         	1           	10          	0.05786     	0.09461     	0.02006     
115         	1           	10          	0.05581     	0.0913      	0.0193      
116         	1           	10          	0.05461     	0.08855     	0.01965     
117         	1           	10          	0.05489     	0.08776     	0.02103     
118         	1           	10          	0.05465     	0.08823     	0.02007     
119         	1           	10          	0.05397     	0.08791     	0.01898     
120         	1           	10          	0.05385     	0.08646     	0.02025     
121         	1           	10          	0.05289     	0.08468     	0.02013     
122         	1           	10          	0.05289     	0.08461     	0.02015     
123         	1           	10          	0.05009     	0.0797      	0.01954     
124         	1           	10          	0.04816     	0.07712     	0.01829     
125         	1           	10          	0.04739     	0.07499     	0.01891     
126         	1           	10          	0.04757     	0.07593     	0.01834     
127         	1           	10          	0.04694     	0.07476     	0.01826     
128         	1           	10          	0.04838     	0.0769      	0.01893     
129         	1           	10          	0.04776     	0.07562     	0.01904     
130         	1           	10          	0.04726     	0.07381     	0.01988     
131         	1           	10          	0.04647     	0.0716      	0.02053     
132         	1           	10          	0.04557     	0.0694      	0.02097     
133         	1           	10          	0.04502     	0.06828     	0.02101     
134         	1           	10          	0.0446      	0.06788     	0.02057     
135         	1           	10          	0.0444      	0.06706     	0.02098     
136         	1           	10          	0.04266     	0.06343     	0.02119     
137         	1           	10          	0.04329     	0.06376     	0.02211     
138         	1           	10          	0.04254     	0.06065     	0.02379     
139         	1           	10          	0.04262     	0.06115     	0.02344     
140         	1           	10          	0.04341     	0.06279     	0.02335     
141         	1           	10          	0.04495     	0.06476     	0.02443     
142         	1           	10          	0.04272     	0.06126     	0.02347     
143         	1           	10          	0.04079     	0.05873     	0.02219     
144         	1           	10          	0.04156     	0.05974     	0.02269     
145         	1           	10          	0.04109     	0.05971     	0.0218      
146         	1           	10          	0.04118     	0.05996     	0.02172     
147         	1           	10          	0.04117     	0.05976     	0.02188     
148         	1           	10          	0.04144     	0.05978     	0.02242     
149         	1           	10          	0.03912     	0.05605     	0.02162     
150         	1           	10          	0.03733     	0.05301     	0.02113     
151         	1           	10          	0.03663     	0.0522      	0.02051     
152         	1           	9.95        	0.03724     	0.05294     	0.02104     
153         	1           	10          	0.03773     	0.05444     	0.02047     
154         	1           	9.95        	0.03618     	0.05155     	0.0203      
155         	1           	9.95        	0.03589     	0.05018     	0.02112     
156         	1           	10          	0.03579     	0.05176     	0.01925     
157         	1           	10          	0.03643     	0.05341     	0.01884     
158         	1           	10          	0.03531     	0.05133     	0.01871     
159         	1           	10          	0.03559     	0.05122     	0.01941     
160         	1           	10          	0.03548     	0.05148     	0.01892     
161         	1           	10          	0.03533     	0.05036     	0.01976     
162         	1           	10          	0.03455     	0.04908     	0.0195      
163         	1           	10          	0.03423     	0.04783     	0.02015     
164         	1           	10          	0.03431     	0.04743     	0.02073     
165         	1           	10          	0.03358     	0.04657     	0.02013     
166         	1           	10          	0.0338      	0.04744     	0.01969     
167         	1           	10          	0.03294     	0.046       	0.01943     
168         	1           	10          	0.03283     	0.04635     	0.01886     
169         	1           	10          	0.03266     	0.04617     	0.01874     
170         	1           	10          	0.03359     	0.0468      	0.01996     
171         	1           	10          	0.03362     	0.04754     	0.01928     
172         	1           	10          	0.03291     	0.0459      	0.01952     
173         	1           	10          	0.03248     	0.04558     	0.01897     
174         	1           	10          	0.03219     	0.04441     	0.01959     
175         	1           	10          	0.03179     	0.04267     	0.02054     
176         	1           	10          	0.03148     	0.04263     	0.01995     
177         	1           	10          	0.03052     	0.04266     	0.01795     
178         	1           	10          	0.03043     	0.04286     	0.01756     
179         	1           	10          	0.02996     	0.04191     	0.0176      
180         	1           	10          	0.02941     	0.04202     	0.01634     
181         	1           	10          	0.0292      	0.04167     	0.01628     
182         	1           	10          	0.02952     	0.04167     	0.01693     
183         	1           	10          	0.02849     	0.04013     	0.01645     
184         	1           	10          	0.02713     	0.03779     	0.0161      
185         	1           	10          	0.02748     	0.03888     	0.01569     
186         	1           	9.95        	0.02707     	0.03804     	0.01573     
187         	1           	9.95        	0.02682     	0.03769     	0.01559     
188         	1           	10          	0.02611     	0.03621     	0.01568     
189         	1           	9.95        	0.02648     	0.03656     	0.01604     
190         	1           	10          	0.02702     	0.03645     	0.01724     
191         	1           	10          	0.02692     	0.03707     	0.01637     
192         	1           	9.95        	0.02613     	0.03532     	0.01658     
193         	1           	9.95        	0.02548     	0.03343     	0.01723     
194         	1           	9.95        	0.02531     	0.03362     	0.01667     
195         	1           	10          	0.02587     	0.03415     	0.01727     
196         	1           	9.95        	0.02516     	0.03317     	0.01684     
197         	1           	10          	0.02412     	0.03174     	0.0162      
198         	1           	10          	0.02412     	0.03148     	0.01648     
199         	1           	9.95        	0.0231      	0.03001     	0.01593     
200         	1           	10          	0.02294     	0.03043     	0.01518     
201         	1           	10          	0.02357     	0.0312      	0.01564     
202         	1           	10          	0.02334     	0.03096     	0.01543     
203         	1           	10          	0.02283     	0.03048     	0.01488     
204         	1           	10          	0.02413     	0.03221     	0.01573     
205         	1           	10          	0.02461     	0.03155     	0.0174      
206         	1           	10          	0.02353     	0.03117     	0.01557     
207         	1           	10          	0.0233      	0.03081     	0.0155      
208         	1           	10          	0.02405     	0.03087     	0.01694     
209         	1           	10          	0.02354     	0.03037     	0.01642     
210         	1           	10          	0.0229      	0.03014     	0.01535     
211         	1           	10          	0.02204     	0.02867     	0.01512     
212         	1           	10          	0.02253     	0.02971     	0.01504     
213         	1           	10          	0.02309     	0.02929     	0.01663     
214         	1           	10          	0.02341     	0.02997     	0.01655     
215         	1           	10          	0.02393     	0.03128     	0.01625     
216         	1           	10          	0.02435     	0.0321      	0.01626     
217         	1           	10          	0.02436     	0.03175     	0.01662     
218         	1           	10          	0.02414     	0.03134     	0.0166      
219         	1           	10          	0.0245      	0.03125     	0.01745     
220         	1           	9.95        	0.02425     	0.02993     	0.01832     
221         	1           	10          	0.02413     	0.03021     	0.01777     
222         	1           	10          	0.02416     	0.02932     	0.01878     
223         	1           	10          	0.02361     	0.02978     	0.01719     
224         	1           	10          	0.02265     	0.02811     	0.01696     
225         	1           	10          	0.02279     	0.02718     	0.0182      
226         	1           	10          	0.02256     	0.02653     	0.01843     
227         	1           	10          	0.02182     	0.02554     	0.01792     
228         	1           	10          	0.02195     	0.0254      	0.01836     
229         	1           	10          	0.02298     	0.02658     	0.01922     
230         	1           	10          	0.0229      	0.02722     	0.01839     
231         	1           	10          	0.02249     	0.02631     	0.0185      
232         	1           	10          	0.02201     	0.02538     	0.01849     
233         	1           	10          	0.02191     	0.02592     	0.01774     
234         	1           	10          	0.02253     	0.02628     	0.01861     
235         	1           	10          	0.02266     	0.02574     	0.01944     
236         	1           	10          	0.02238     	0.02543     	0.01919     
237         	1           	10          	0.02241     	0.02591     	0.01875     
238         	1           	10          	0.02245     	0.02646     	0.01825     
239         	1           	10          	0.02325     	0.02715     	0.01918     
240         	1           	10          	0.02397     	0.02884     	0.01888     
241         	1           	10          	0.02379     	0.02852     	0.01886     
242         	1           	10          	0.02449     	0.02948     	0.01928     
243         	1           	10          	0.02405     	0.02914     	0.01874     
244         	1           	10          	0.02361     	0.02811     	0.01893     
245         	1           	10          	0.02303     	0.02664     	0.01926     
246         	1           	10          	0.02197     	0.02564     	0.01815     
247         	1           	10          	0.02184     	0.02552     	0.01799     
248         	1           	10          	0.02176     	0.02496     	0.01843     
249         	1           	10          	0.0214      	0.02392     	0.01877     
250         	1           	10          	0.02273     	0.02455     	0.02084     
251         	1           	10          	0.02234     	0.02368     	0.02095     
252         	1           	10          	0.02091     	0.02267     	0.01908     
253         	1           	10          	0.02132     	0.02322     	0.01934     
254         	1           	10          	0.02137     	0.02321     	0.01946     
255         	1           	10          	0.02087     	0.02286     	0.01879     
256         	1           	10          	0.02179     	0.02338     	0.02012     
257         	1           	10          	0.02162     	0.02377     	0.01938     
258         	1           	10          	0.02174     	0.0227      	0.02074     
259         	1           	10          	0.02143     	0.02229     	0.02053     
260         	1           	10          	0.0214      	0.02139     	0.0214      
261         	1           	10          	0.02159     	0.02172     	0.02147     
262         	1           	10          	0.0222      	0.02203     	0.02239     
263         	1           	10          	0.02177     	0.02309     	0.0204      
264         	1           	10          	0.02164     	0.02278     	0.02044     
265         	1           	10          	0.02134     	0.02177     	0.02089     
266         	1           	10          	0.02248     	0.02243     	0.02252     
267         	1           	10          	0.02245     	0.02177     	0.02317     
268         	1           	10          	0.02276     	0.02243     	0.0231      
269         	1           	10          	0.02258     	0.02238     	0.02279     
270         	1           	10          	0.0212      	0.02175     	0.02063     
271         	1           	10          	0.02118     	0.0217      	0.02063     
272         	1           	10          	0.02109     	0.02171     	0.02045     
273         	1           	10          	0.02095     	0.02052     	0.0214      
274         	1           	10          	0.02142     	0.02081     	0.02207     
275         	1           	10          	0.02209     	0.02142     	0.02278     
276         	1           	10          	0.02204     	0.02141     	0.02271     
277         	1           	10          	0.02189     	0.02103     	0.02279     
278         	1           	10          	0.02104     	0.02099     	0.02108     
279         	1           	10          	0.02099     	0.02124     	0.02072     
280         	1           	10          	0.02105     	0.02044     	0.0217      
281         	1           	10          	0.02079     	0.02036     	0.02123     
282         	1           	10          	0.02119     	0.02127     	0.0211      
283         	1           	10          	0.02122     	0.02179     	0.02063     
284         	1           	10          	0.02056     	0.02081     	0.02031     
285         	1           	10          	0.02073     	0.02097     	0.02047     
286         	1           	9.95        	0.02111     	0.02105     	0.02117     
287         	1           	9.95        	0.02081     	0.02033     	0.02132     
288         	1           	9.95        	0.02146     	0.02053     	0.02244     
289         	1           	9.95        	0.02111     	0.02097     	0.02126     
290         	1           	9.95        	0.0215      	0.02026     	0.0228      
291         	1           	9.95        	0.02083     	0.0202      	0.02149     
292         	1           	10          	0.02042     	0.02043     	0.0204      
293         	1           	9.95        	0.02137     	0.02086     	0.02191     
294         	1           	9.95        	0.02103     	0.02006     	0.02205     
295         	1           	9.95        	0.02148     	0.02144     	0.02152     
296         	1           	10          	0.0216      	0.02196     	0.02122     
297         	1           	10          	0.02119     	0.0215      	0.02087     
298         	1           	9.95        	0.0214      	0.02174     	0.02105     
299         	1           	9.95        	0.02191     	0.02226     	0.02154     
300         	1           	9.95        	0.02277     	0.02238     	0.02318     
301         	1           	9.95        	0.02236     	0.02091     	0.02388     
302         	1           	9.95        	0.02128     	0.0196      	0.02303     
303         	1           	9.95        	0.02221     	0.02022     	0.02428     
304         	1           	9.9         	0.02224     	0.02054     	0.02402     
305         	1           	9.95        	0.02316     	0.02133     	0.02509     
306         	1           	9.95        	0.02331     	0.02058     	0.02616     
307         	1           	9.95        	0.02315     	0.02066     	0.02576     
308         	1           	9.95        	0.02285     	0.02033     	0.02549     
309         	1           	9.95        	0.02313     	0.02152     	0.02482     
310         	1           	9.95        	0.02265     	0.02182     	0.02352     
311         	1           	9.95        	0.02294     	0.0213      	0.02467     
312         	1           	9.95        	0.0227      	0.02032     	0.0252      
313         	1           	9.95        	0.02325     	0.02004     	0.02663     
314         	1           	9.95        	0.02287     	0.01883     	0.0271      
315         	1           	9.95        	0.02248     	0.01819     	0.02697     
316         	1           	9.95        	0.0226      	0.01746     	0.02797     
317         	1           	9.95        	0.02279     	0.01681     	0.02904     
318         	1           	9.95        	0.02197     	0.01613     	0.02808     
319         	1           	10          	0.02184     	0.0161      	0.02786     
320         	1           	10          	0.02105     	0.01637     	0.02595     
321         	1           	10          	0.02127     	0.01634     	0.02643     
322         	1           	10          	0.02205     	0.01697     	0.02735     
323         	1           	10          	0.02341     	0.01764     	0.02943     
324         	1           	10          	0.02342     	0.0173      	0.02979     
325         	1           	10          	0.02353     	0.01698     	0.03036     
326         	1           	10          	0.02337     	0.01704     	0.02996     
327         	1           	10          	0.02314     	0.01782     	0.02868     
328         	1           	10          	0.02222     	0.01795     	0.02667     
329         	1           	10          	0.02171     	0.01714     	0.02648     
330         	1           	10          	0.02118     	0.01564     	0.02696     
331         	1           	10          	0.02131     	0.01589     	0.02697     
332         	1           	10          	0.0202      	0.01497     	0.02567     
333         	1           	9.95        	0.0198      	0.01454     	0.0253      
334         	1           	9.95        	0.01991     	0.01425     	0.02583     
335         	1           	10          	0.0209      	0.0141      	0.02801     
336         	1           	9.95        	0.02119     	0.0141      	0.02862     
337         	1           	9.95        	0.02027     	0.01308     	0.02781     
338         	1           	10          	0.02039     	0.01265     	0.02846     
339         	1           	10          	0.02099     	0.0123      	0.03007     
340         	1           	10          	0.02099     	0.01301     	0.02932     
341         	1           	9.95        	0.02087     	0.01294     	0.02916     
342         	1           	9.95        	0.02028     	0.01271     	0.02819     
343         	1           	9.95        	0.02151     	0.01302     	0.03038     
344         	1           	9.95        	0.0218      	0.01361     	0.03036     
345         	1           	9.95        	0.0206      	0.01343     	0.0281      
346         	1           	9.95        	0.02049     	0.01295     	0.02838     
347         	1           	9.95        	0.01907     	0.01213     	0.02632     
348         	1           	9.95        	0.01902     	0.01202     	0.02634     
349         	1           	9.95        	0.01906     	0.0126      	0.02581     
350         	1           	9.95        	0.0179      	0.01218     	0.02389     
351         	1           	9.95        	0.01775     	0.01191     	0.02384     
352         	1           	9.95        	0.01704     	0.01227     	0.02202     
353         	1           	10          	0.01583     	0.0118      	0.02003     
354         	1           	10          	0.01591     	0.01202     	0.01997     
355         	1           	10          	0.01612     	0.01344     	0.01892     
356         	1           	10          	0.0157      	0.01297     	0.01854     
357         	1           	10          	0.01598     	0.01277     	0.01932     
358         	1           	10          	0.01612     	0.01332     	0.01904     
359         	1           	10          	0.01621     	0.01346     	0.01908     
360         	1           	10          	0.01661     	0.01364     	0.01971     
361         	1           	10          	0.01645     	0.01356     	0.01947     
362         	1           	10          	0.01666     	0.01445     	0.01898     
363         	1           	10          	0.01688     	0.01492     	0.01892     
364         	1           	10          	0.01698     	0.01436     	0.01972     
365         	1           	9.95        	0.01755     	0.01457     	0.02067     
366         	1           	9.95        	0.01799     	0.01505     	0.02106     
367         	1           	10          	0.01719     	0.01498     	0.01949     
368         	1           	9.95        	0.01749     	0.01609     	0.01895     
369         	1           	9.95        	0.01772     	0.01702     	0.01845     
370         	1           	10          	0.01771     	0.0166      	0.01886     
371         	1           	9.95        	0.01759     	0.01701     	0.01819     
372         	1           	10          	0.01767     	0.01811     	0.01721     
373         	1           	9.95        	0.01796     	0.01839     	0.01751     
374         	1           	9.95        	0.01848     	0.01868     	0.01828     
375         	1           	10          	0.01864     	0.0189      	0.01837     
376         	1           	10          	0.01858     	0.01858     	0.01858     
377         	1           	10          	0.01909     	0.01914     	0.01903     
378         	1           	9.9         	0.01817     	0.01826     	0.01808     
379         	1           	9.9         	0.01847     	0.01864     	0.0183      
380         	1           	9.95        	0.01878     	0.01954     	0.01798     
381         	1           	9.95        	0.01904     	0.02021     	0.01782     
382         	1           	9.95        	0.01945     	0.0208      	0.01804     
383         	1           	9.95        	0.02015     	0.02103     	0.01921     
384         	1           	9.95        	0.02058     	0.02219     	0.01889     
385         	1           	9.95        	0.02161     	0.02213     	0.02107     
386         	1           	9.95        	0.02239     	0.02203     	0.02277     
387         	1           	10          	0.02213     	0.02186     	0.02242     
388         	1           	10          	0.02171     	0.02179     	0.02162     
389         	1           	10          	0.0215      	0.0217      	0.02129     
390         	1           	10          	0.02148     	0.02144     	0.02151     
391         	1           	10          	0.02054     	0.02        	0.02112     
392         	1           	10          	0.02126     	0.02053     	0.02202     
393         	1           	10          	0.02126     	0.02136     	0.02114     
394         	1           	10          	0.02032     	0.02078     	0.01984     
395         	1           	10          	0.02009     	0.02027     	0.0199      
396         	1           	10          	0.01971     	0.01956     	0.01987     
397         	1           	10          	0.01871     	0.01957     	0.01781     
398         	1           	10          	0.01859     	0.01918     	0.01797     
399         	1           	10          	0.01846     	0.01919     	0.0177      
400         	1           	10          	0.01881     	0.01975     	0.01781     
401         	1           	10          	0.01992     	0.02025     	0.01956     
402         	1           	10          	0.01896     	0.01961     	0.01829     
403         	1           	10          	0.01894     	0.0194      	0.01846     
404         	1           	10          	0.01859     	0.01896     	0.0182      
405         	1           	10          	0.01812     	0.01883     	0.01737     
406         	1           	10          	0.01763     	0.01931     	0.01585     
407         	1           	10          	0.01706     	0.01887     	0.01514     
408         	1           	10          	0.01697     	0.01893     	0.01489     
409         	1           	10          	0.01712     	0.01908     	0.01504     
410         	1           	10          	0.01771     	0.01936     	0.01596     
411         	1           	10          	0.01721     	0.01827     	0.01609     
412         	1           	10          	0.01745     	0.01901     	0.01579     
413         	1           	9.95        	0.01841     	0.01883     	0.01796     
414         	1           	9.95        	0.01833     	0.01876     	0.01788     
415         	1           	10          	0.018       	0.01821     	0.01778     
416         	1           	10          	0.01764     	0.01746     	0.01784     
417         	1           	10          	0.01813     	0.01863     	0.01761     
418         	1           	10          	0.01829     	0.01881     	0.01774     
419         	1           	10          	0.01842     	0.01858     	0.01826     
420         	1           	9.95        	0.01849     	0.01846     	0.01852     
421         	1           	9.95        	0.01809     	0.01812     	0.01805     
422         	1           	9.95        	0.01769     	0.0188      	0.01651     
423         	1           	9.9         	0.01678     	0.01814     	0.01534     
424         	1           	9.9         	0.01677     	0.0181      	0.01535     
425         	1           	9.9         	0.01695     	0.01823     	0.01561     
426         	1           	9.95        	0.01684     	0.01784     	0.01579     
427         	1           	9.9         	0.01672     	0.01849     	0.01486     
428         	1           	9.85        	0.01666     	0.01802     	0.01523     
429         	1           	9.9         	0.01726     	0.0188      	0.01563     
430         	1           	9.9         	0.01715     	0.0198      	0.01435     
431         	1           	9.9         	0.01729     	0.02095     	0.01341     
432         	1           	9.9         	0.01764     	0.02107     	0.01401     
433         	1           	9.95        	0.01786     	0.02075     	0.01479     
434         	1           	9.95        	0.0169      	0.01896     	0.01472     
435         	1           	9.95        	0.01677     	0.01941     	0.01398     
436         	1           	9.9         	0.01738     	0.01915     	0.01551     
437         	1           	9.95        	0.01731     	0.01858     	0.01597     
438         	1           	9.9         	0.01756     	0.01837     	0.01671     
439         	1           	9.85        	0.01783     	0.0188      	0.0168      
440         	1           	10          	0.01804     	0.01904     	0.01699     
441         	1           	10          	0.01687     	0.01833     	0.01532     
442         	1           	10          	0.01743     	0.01979     	0.01493     
443         	1           	9.9         	0.0173      	0.02004     	0.01439     
444         	1           	9.9         	0.01776     	0.01959     	0.01581     
445         	1           	9.9         	0.0171      	0.01851     	0.01562     
446         	1           	9.9         	0.01727     	0.01868     	0.01578     
447         	1           	9.95        	0.01704     	0.0181      	0.01592     
448         	1           	9.95        	0.01625     	0.01766     	0.01475     
449         	1           	9.95        	0.01657     	0.01675     	0.01639     
450         	1           	9.9         	0.01637     	0.01654     	0.0162      
451         	1           	9.9         	0.01537     	0.01507     	0.01569     
452         	1           	9.95        	0.01551     	0.01507     	0.01597     
453         	1           	10          	0.01531     	0.01449     	0.01618     
454         	1           	10          	0.01566     	0.01516     	0.01618     
455         	1           	9.95        	0.01534     	0.01382     	0.01695     
456         	1           	10          	0.01567     	0.01462     	0.01677     
457         	1           	9.95        	0.01607     	0.01618     	0.01596     
458         	1           	10          	0.01552     	0.01614     	0.01486     
459         	1           	10          	0.0146      	0.01523     	0.01393     
460         	1           	9.95        	0.01513     	0.01546     	0.01478     
461         	1           	9.9         	0.0154      	0.01589     	0.01489     
462         	1           	9.95        	0.01494     	0.01517     	0.0147      
463         	1           	9.95        	0.0144      	0.01439     	0.0144      
464         	1           	10          	0.01441     	0.01483     	0.01397     
465         	1           	10          	0.01393     	0.01455     	0.01327     
466         	1           	9.95        	0.01396     	0.01505     	0.01282     
467         	1           	10          	0.0142      	0.01525     	0.0131      
468         	1           	10          	0.01412     	0.01506     	0.01313     
469         	1           	9.95        	0.01491     	0.01558     	0.01421     
470         	1           	10          	0.01465     	0.01544     	0.01382     
471         	1           	10          	0.01458     	0.01566     	0.01345     
472         	1           	10          	0.01478     	0.01509     	0.01446     
473         	1           	10          	0.01488     	0.01468     	0.01509     
474         	1           	10          	0.01544     	0.01523     	0.01565     
475         	1           	9.95        	0.01531     	0.01534     	0.01529     
476         	1           	9.95        	0.0152      	0.01492     	0.01549     
477         	1           	9.95        	0.01508     	0.01458     	0.01561     
478         	1           	9.95        	0.01497     	0.01408     	0.01591     
479         	1           	9.95        	0.01489     	0.01379     	0.01604     
480         	1           	10          	0.01497     	0.01454     	0.01541     
481         	1           	10          	0.01429     	0.01367     	0.01493     
482         	1           	10          	0.01392     	0.01318     	0.01469     
483         	1           	9.8         	0.01409     	0.01374     	0.01445     
484         	1           	9.85        	0.01407     	0.01337     	0.0148      
485         	1           	9.95        	0.01366     	0.01347     	0.01386     
486         	1           	10          	0.01317     	0.01313     	0.01321     
487         	1           	9.95        	0.01368     	0.01339     	0.01398     
488         	1           	9.95        	0.01354     	0.01378     	0.01329     
489         	1           	9.95        	0.01427     	0.01517     	0.01334     
490         	1           	10          	0.01469     	0.01573     	0.01361     
491         	1           	10          	0.0151      	0.01676     	0.01339     
492         	1           	9.95        	0.01512     	0.01764     	0.01249     
493         	1           	10          	0.01534     	0.01789     	0.01269     
494         	1           	10          	0.01618     	0.01912     	0.01313     
495         	1           	10          	0.01619     	0.01996     	0.01225     
496         	1           	9.95        	0.01615     	0.01855     	0.01364     
497         	1           	9.9         	0.01609     	0.01878     	0.01328     
498         	1           	9.95        	0.01599     	0.01825     	0.01364     
499         	1           	9.95        	0.01642     	0.01868     	0.01406     
500         	1           	9.9         	0.01619     	0.01838     	0.01392     
501         	1           	9.95        	0.01603     	0.01762     	0.01438     
502         	1           	9.9         	0.01596     	0.01779     	0.01406     
503         	1           	9.9         	0.01671     	0.01894     	0.01438     
504         	1           	9.85        	0.01656     	0.01878     	0.01425     
505         	1           	9.95        	0.01556     	0.0181      	0.01292     
506         	1           	10          	0.01608     	0.0189      	0.01315     
507         	1           	9.95        	0.01601     	0.01807     	0.01386     
508         	1           	9.95        	0.01657     	0.01822     	0.01485     
509         	1           	9.95        	0.01791     	0.01998     	0.01574     
510         	1           	9.95        	0.01801     	0.0194      	0.01657     
511         	1           	9.95        	0.01751     	0.01939     	0.01555     
512         	1           	9.95        	0.01766     	0.01991     	0.01533     
513         	1           	9.95        	0.01805     	0.01957     	0.01646     
514         	1           	9.95        	0.01797     	0.01929     	0.01661     
515         	1           	10          	0.01817     	0.01879     	0.01752     
516         	1           	10          	0.01844     	0.01966     	0.01718     
517         	1           	10          	0.01797     	0.0191      	0.01679     
518         	1           	10          	0.01795     	0.01879     	0.01709     
519         	1           	9.95        	0.01743     	0.01848     	0.01634     
520         	1           	9.95        	0.01703     	0.01807     	0.01596     
521         	1           	10          	0.0174      	0.01874     	0.01601     
522         	1           	10          	0.01726     	0.01802     	0.01647     
523         	1           	10          	0.01768     	0.01857     	0.01675     
524         	1           	9.95        	0.01775     	0.01895     	0.01651     
525         	1           	9.9         	0.01778     	0.01948     	0.01603     
526         	1           	9.95        	0.01844     	0.01951     	0.01734     
527         	1           	9.95        	0.01862     	0.01957     	0.01764     
528         	1           	9.95        	0.0188      	0.0207      	0.01683     
529         	1           	10          	0.01902     	0.02055     	0.01743     
530         	1           	10          	0.01897     	0.01974     	0.01818     
531         	1           	10          	0.01902     	0.02005     	0.01796     
532         	1           	10          	0.01839     	0.01928     	0.01747     
533         	1           	10          	0.01844     	0.02002     	0.01681     
534         	1           	10          	0.01937     	0.02102     	0.01768     
535         	1           	10          	0.01966     	0.02107     	0.0182      
536         	1           	10          	0.01905     	0.02034     	0.01771     
537         	1           	10          	0.01875     	0.01976     	0.0177      
538         	1           	10          	0.01873     	0.01905     	0.01841     
539         	1           	10          	0.01863     	0.01973     	0.0175      
540         	1           	10          	0.01928     	0.01951     	0.01903     
541         	1           	10          	0.01889     	0.01941     	0.01835     
542         	1           	10          	0.01899     	0.01848     	0.01953     
543         	1           	10          	0.01862     	0.01755     	0.01972     
544         	1           	10          	0.01922     	0.01844     	0.02002     
545         	1           	10          	0.01812     	0.01834     	0.0179      
546         	1           	10          	0.01813     	0.01799     	0.01827     
547         	1           	10          	0.01873     	0.01913     	0.01832     
548         	1           	10          	0.01808     	0.01899     	0.01714     
549         	1           	10          	0.01731     	0.01784     	0.01677     
550         	1           	10          	0.01674     	0.01743     	0.01603     
551         	1           	10          	0.01711     	0.01839     	0.01579     
552         	1           	10          	0.01687     	0.01818     	0.01551     
553         	1           	10          	0.0173      	0.01915     	0.01539     
554         	1           	10          	0.01635     	0.0179      	0.01474     
555         	1           	10          	0.01646     	0.01774     	0.01515     
556         	1           	10          	0.01632     	0.01721     	0.0154      
557         	1           	10          	0.01632     	0.01752     	0.01509     
558         	1           	10          	0.01706     	0.01801     	0.01607     
559         	1           	10          	0.01674     	0.01888     	0.01453     
560         	1           	10          	0.01673     	0.01965     	0.01372     
561         	1           	10          	0.01638     	0.02021     	0.01242     
562         	1           	10          	0.01658     	0.01957     	0.01348     
563         	1           	10          	0.01605     	0.01867     	0.01334     
564         	1           	10          	0.0157      	0.01773     	0.0136      
565         	1           	10          	0.01575     	0.01793     	0.0135      
566         	1           	10          	0.01521     	0.01809     	0.01222     
567         	1           	10          	0.01544     	0.01827     	0.01251     
568         	1           	10          	0.01567     	0.01862     	0.01261     
569         	1           	10          	0.01548     	0.01903     	0.01181     
570         	1           	10          	0.01473     	0.01776     	0.01159     
571         	1           	10          	0.01525     	0.01789     	0.01253     
572         	1           	10          	0.01545     	0.01818     	0.01261     
573         	1           	10          	0.01538     	0.01776     	0.01292     
574         	1           	10          	0.01534     	0.01734     	0.01327     
575         	1           	10          	0.01451     	0.01659     	0.01236     
576         	1           	10          	0.0151      	0.01716     	0.01297     
577         	1           	10          	0.01422     	0.01588     	0.01251     
578         	1           	10          	0.01462     	0.01698     	0.01216     
579         	1           	10          	0.01499     	0.01646     	0.01347     
580         	1           	10          	0.01455     	0.01587     	0.01318     
581         	1           	10          	0.01445     	0.01641     	0.01242     
582         	1           	10          	0.01499     	0.0174      	0.01248     
583         	1           	10          	0.01462     	0.017       	0.01214     
584         	1           	10          	0.01517     	0.01773     	0.0125      
585         	1           	10          	0.01493     	0.01707     	0.0127      
586         	1           	10          	0.0149      	0.01763     	0.01206     
587         	1           	10          	0.01426     	0.01643     	0.012       
588         	1           	10          	0.01457     	0.0163      	0.01277     
589         	1           	10          	0.01452     	0.01663     	0.01233     
590         	1           	10          	0.0148      	0.01746     	0.01203     
591         	1           	9.95        	0.01518     	0.01735     	0.01293     
592         	1           	9.95        	0.01626     	0.01763     	0.01483     
593         	1           	9.9         	0.01613     	0.01791     	0.01428     
594         	1           	9.95        	0.0166      	0.01912     	0.01398     
595         	1           	10          	0.01681     	0.01949     	0.01402     
596         	1           	10          	0.01687     	0.01999     	0.01362     
597         	1           	10          	0.01728     	0.02046     	0.01397     
598         	1           	10          	0.01667     	0.01972     	0.01351     
599         	1           	10          	0.01667     	0.01912     	0.01412     
600         	1           	10          	0.01777     	0.02004     	0.0154      
601         	1           	10          	0.01741     	0.01985     	0.01488     
602         	1           	10          	0.01698     	0.0191      	0.01479     
603         	1           	10          	0.01784     	0.01992     	0.01569     
604         	1           	10          	0.01811     	0.01982     	0.01634     
605         	1           	10          	0.01803     	0.02107     	0.01488     
606         	1           	10          	0.01724     	0.02002     	0.01435     
607         	1           	10          	0.01669     	0.01887     	0.01444     
608         	1           	10          	0.017       	0.02017     	0.01374     
609         	1           	10          	0.01692     	0.02052     	0.0132      
610         	1           	10          	0.01622     	0.02058     	0.01172     
611         	1           	10          	0.01649     	0.02119     	0.01164     
612         	1           	10          	0.01598     	0.02005     	0.01177     
613         	1           	10          	0.01621     	0.02021     	0.01207     
614         	1           	10          	0.01663     	0.02028     	0.01285     
615         	1           	10          	0.01582     	0.01898     	0.01255     
616         	1           	10          	0.01597     	0.01903     	0.01279     
617         	1           	10          	0.01551     	0.01898     	0.01192     
618         	1           	10          	0.01495     	0.01803     	0.01178     
619         	1           	10          	0.01576     	0.0195      	0.01191     
620         	1           	10          	0.01663     	0.02032     	0.01283     
621         	1           	10          	0.01702     	0.01988     	0.01406     
622         	1           	10          	0.01684     	0.01913     	0.01448     
623         	1           	10          	0.01632     	0.01868     	0.0139      
624         	1           	10          	0.01689     	0.0185      	0.01524     
625         	1           	10          	0.0173      	0.01959     	0.01495     
626         	1           	10          	0.01753     	0.01939     	0.01563     
627         	1           	9.95        	0.01801     	0.01874     	0.01727     
628         	1           	9.95        	0.01881     	0.01865     	0.01897     
629         	1           	10          	0.01857     	0.01889     	0.01824     
630         	1           	10          	0.01847     	0.01862     	0.01832     
631         	1           	10          	0.01794     	0.01857     	0.0173      
632         	1           	10          	0.01918     	0.01929     	0.01906     
633         	1           	10          	0.01916     	0.01838     	0.01996     
634         	1           	10          	0.01852     	0.0186      	0.01845     
635         	1           	10          	0.0189      	0.01826     	0.01956     
636         	1           	10          	0.01795     	0.01852     	0.01737     
637         	1           	10          	0.01825     	0.01956     	0.01692     
638         	1           	10          	0.01875     	0.01964     	0.01784     
639         	1           	10          	0.01928     	0.01971     	0.01885     
640         	1           	10          	0.0202      	0.02036     	0.02004     
641         	1           	10          	0.01922     	0.01906     	0.01938     
642         	1           	10          	0.01868     	0.01858     	0.01879     
643         	1           	9.95        	0.01846     	0.01792     	0.01901     
644         	1           	9.95        	0.01833     	0.01892     	0.01772     
645         	1           	9.95        	0.01786     	0.01905     	0.01663     
646         	1           	9.95        	0.01814     	0.01776     	0.01852     
647         	1           	9.95        	0.01813     	0.01793     	0.01834     
648         	1           	9.95        	0.01851     	0.01679     	0.02027     
649         	1           	10          	0.01881     	0.01664     	0.02103     
650         	1           	10          	0.01807     	0.01557     	0.02062     
651         	1           	10          	0.01816     	0.01591     	0.02048     
652         	1           	10          	0.01785     	0.01543     	0.02033     
653         	1           	10          	0.01807     	0.01572     	0.02049     
654         	1           	10          	0.01798     	0.01647     	0.01953     
655         	1           	10          	0.01835     	0.01779     	0.01893     
656         	1           	10          	0.01758     	0.01649     	0.0187      
657         	1           	10          	0.01613     	0.01575     	0.01651     
658         	1           	10          	0.01572     	0.01522     	0.01623     
659         	1           	10          	0.01592     	0.01538     	0.01648     
660         	1           	10          	0.01522     	0.01475     	0.0157      
661         	1           	10          	0.01574     	0.0154      	0.01609     
662         	1           	10          	0.01526     	0.0155      	0.01502     
663         	1           	10          	0.01603     	0.01618     	0.01588     
664         	1           	9.95        	0.01622     	0.01617     	0.01627     
665         	1           	10          	0.01656     	0.01682     	0.01629     
666         	1           	10          	0.0171      	0.01832     	0.01583     
667         	1           	10          	0.01699     	0.01833     	0.01561     
668         	1           	10          	0.01716     	0.01678     	0.01756     
669         	1           	10          	0.01714     	0.01771     	0.01655     
670         	1           	10          	0.01722     	0.01854     	0.01585     
671         	1           	9.95        	0.01694     	0.01842     	0.01543     
672         	1           	9.95        	0.01706     	0.0175      	0.0166      
673         	1           	9.95        	0.01736     	0.01817     	0.01652     
674         	1           	9.95        	0.01814     	0.01884     	0.01741     
675         	1           	9.95        	0.01899     	0.01982     	0.01812     
676         	1           	10          	0.0192      	0.01961     	0.01878     
677         	1           	9.95        	0.01899     	0.01865     	0.01934     
678         	1           	10          	0.01843     	0.01866     	0.01819     
679         	1           	9.9         	0.01855     	0.02024     	0.01679     
680         	1           	10          	0.01841     	0.01983     	0.01694     
681         	1           	10          	0.01823     	0.0192      	0.01722     
682         	1           	10          	0.01818     	0.01929     	0.01704     
683         	1           	10          	0.01869     	0.02015     	0.01718     
684         	1           	10          	0.01934     	0.02095     	0.01768     
685         	1           	10          	0.01892     	0.02126     	0.01649     
686         	1           	10          	0.01952     	0.02152     	0.01746     
687         	1           	10          	0.02015     	0.02221     	0.01804     
688         	1           	10          	0.02081     	0.02389     	0.01764     
689         	1           	10          	0.02011     	0.02289     	0.01724     
690         	1           	9.95        	0.01937     	0.0223      	0.01635     
691         	1           	9.95        	0.01955     	0.02252     	0.01648     
692         	1           	9.95        	0.01936     	0.02192     	0.01672     
693         	1           	10          	0.01964     	0.02159     	0.01763     
694         	1           	9.85        	0.01962     	0.02241     	0.01673     
695         	1           	9.95        	0.01982     	0.02231     	0.01725     
696         	1           	9.9         	0.01993     	0.0213      	0.01852     
697         	1           	9.95        	0.0189      	0.01976     	0.01801     
698         	1           	9.9         	0.01984     	0.02091     	0.01872     
699         	1           	9.95        	0.01925     	0.02031     	0.01814     
700         	1           	9.95        	0.01939     	0.02062     	0.01812     
701         	1           	9.9         	0.02081     	0.02179     	0.01979     
702         	1           	9.9         	0.02124     	0.02242     	0.02001     
703         	1           	9.95        	0.02056     	0.02136     	0.01973     
704         	1           	9.95        	0.01967     	0.02043     	0.01889     
705         	1           	9.95        	0.02001     	0.02126     	0.01871     
706         	1           	9.95        	0.02111     	0.02224     	0.01993     
707         	1           	9.95        	0.02113     	0.02267     	0.01953     
708         	1           	9.95        	0.02093     	0.02335     	0.01841     
709         	1           	9.95        	0.02033     	0.02364     	0.01688     
710         	1           	9.9         	0.02002     	0.02273     	0.01721     
711         	1           	9.9         	0.02018     	0.02291     	0.01734     
712         	1           	9.85        	0.01884     	0.02172     	0.01583     
713         	1           	9.9         	0.01855     	0.02186     	0.0151      
714         	1           	9.9         	0.01831     	0.02068     	0.01584     
715         	1           	9.95        	0.01907     	0.0219      	0.01612     
716         	1           	9.85        	0.01934     	0.02136     	0.01724     
717         	1           	9.85        	0.01848     	0.02053     	0.01634     
718         	1           	9.9         	0.01826     	0.01988     	0.01657     
719         	1           	9.9         	0.01753     	0.01851     	0.0165      
720         	1           	9.85        	0.01721     	0.01886     	0.01548     
721         	1           	9.8         	0.01717     	0.01905     	0.01519     
722         	1           	9.8         	0.01696     	0.01979     	0.01401     
723         	1           	9.8         	0.01704     	0.02016     	0.01378     
724         	1           	9.8         	0.01784     	0.02133     	0.01418     
725         	1           	9.75        	0.0179      	0.02194     	0.01367     
726         	1           	9.8         	0.01765     	0.02147     	0.01364     
727         	1           	9.85        	0.01781     	0.02117     	0.01428     
728         	1           	9.8         	0.01759     	0.02048     	0.01455     
729         	1           	9.8         	0.01898     	0.02206     	0.01575     
730         	1           	9.8         	0.0197      	0.02265     	0.01659     
731         	1           	9.8         	0.01994     	0.02233     	0.01742     
732         	1           	9.7         	0.02058     	0.02194     	0.01914     
733         	1           	9.75        	0.01983     	0.02073     	0.01888     
734         	1           	9.85        	0.01989     	0.01986     	0.01993     
735         	1           	9.85        	0.01987     	0.01922     	0.02056     
736         	1           	9.8         	0.0198      	0.01895     	0.0207      
737         	1           	9.8         	0.01954     	0.01845     	0.02069     
738         	1           	9.8         	0.01975     	0.01842     	0.02115     
739         	1           	9.75        	0.01936     	0.01887     	0.01988     
740         	1           	9.8         	0.01894     	0.01842     	0.01948     
741         	1           	9.8         	0.01918     	0.01773     	0.02072     
742         	1           	9.75        	0.01941     	0.01767     	0.02124     
743         	1           	9.75        	0.01963     	0.0187      	0.02061     
744         	1           	9.65        	0.0197      	0.01864     	0.02082     
745         	1           	9.6         	0.0201      	0.01885     	0.02142     
746         	1           	9.65        	0.01881     	0.01844     	0.01921     
747         	1           	9.7         	0.01881     	0.01911     	0.01849     
748         	1           	9.8         	0.01802     	0.01804     	0.01801     
749         	1           	9.8         	0.01757     	0.01694     	0.01824     
750         	1           	9.6         	0.01765     	0.0156      	0.01982     
751         	1           	9.65        	0.0172      	0.01569     	0.01879     
752         	1           	9.65        	0.01604     	0.01491     	0.01724     
753         	1           	9.7         	0.01582     	0.01578     	0.01587     
754         	1           	9.7         	0.01587     	0.01668     	0.015       
755         	1           	9.65        	0.01597     	0.01739     	0.01447     
756         	1           	9.7         	0.01624     	0.0186      	0.01375     
757         	1           	9.6         	0.01599     	0.01812     	0.01373     
758         	1           	9.65        	0.01602     	0.01843     	0.01348     
759         	1           	9.75        	0.01607     	0.01874     	0.01327     
760         	1           	9.75        	0.0157      	0.01843     	0.01284     
761         	1           	9.65        	0.0164      	0.01905     	0.01361     
762         	1           	9.65        	0.01643     	0.01915     	0.01358     
763         	1           	9.55        	0.01684     	0.02035     	0.01316     
764         	1           	9.65        	0.01639     	0.02097     	0.0116      
765         	1           	9.7         	0.01637     	0.02104     	0.01147     
766         	1           	9.7         	0.01651     	0.02192     	0.01084     
767         	1           	9.65        	0.01631     	0.02166     	0.01071     
768         	1           	9.65        	0.01587     	0.02096     	0.01054     
769         	1           	9.6         	0.0157      	0.02095     	0.01022     
770         	1           	9.6         	0.01598     	0.02037     	0.01139     
771         	1           	9.55        	0.01664     	0.02124     	0.01185     
772         	1           	9.45        	0.01647     	0.02015     	0.01265     
773         	1           	9.45        	0.01679     	0.02103     	0.01238     
774         	1           	9.5         	0.01677     	0.02145     	0.01188     
775         	1           	9.65        	0.01607     	0.02041     	0.01154     
776         	1           	9.7         	0.01675     	0.02113     	0.01217     
777         	1           	9.6         	0.01738     	0.02271     	0.01182     
778         	1           	9.6         	0.01657     	0.02168     	0.01124     
779         	1           	9.6         	0.01675     	0.0216      	0.01169     
780         	1           	9.6         	0.01664     	0.02195     	0.01111     
781         	1           	9.65        	0.01573     	0.02103     	0.01022     
782         	1           	9.65        	0.01447     	0.01971     	0.009025    
783         	1           	9.65        	0.01497     	0.02123     	0.008469    
784         	1           	9.65        	0.01504     	0.0205      	0.009353    
785         	1           	9.8         	0.01558     	0.02093     	0.01002     
786         	1           	9.65        	0.01565     	0.02049     	0.01061     
787         	1           	9.65        	0.01578     	0.02072     	0.01065     
788         	1           	9.6         	0.01514     	0.02013     	0.009961    
789         	1           	9.6         	0.01518     	0.02029     	0.00987     
790         	1           	9.6         	0.01478     	0.01922     	0.01017     
791         	1           	9.55        	0.01471     	0.01898     	0.01028     
792         	1           	9.6         	0.01504     	0.01896     	0.01097     
793         	1           	9.6         	0.01549     	0.01929     	0.01154     
794         	1           	9.5         	0.01642     	0.02098     	0.01168     
795         	1           	9.6         	0.01626     	0.01982     	0.01255     
796         	1           	9.5         	0.0158      	0.01862     	0.01287     
797         	1           	9.4         	0.01595     	0.01925     	0.0125      
798         	1           	9.5         	0.01489     	0.01835     	0.01127     
799         	1           	9.55        	0.01456     	0.01815     	0.0108      
800         	1           	9.5         	0.01433     	0.01797     	0.01053     
801         	1           	9.35        	0.01545     	0.01911     	0.01161     
802         	1           	9.35        	0.0158      	0.01885     	0.0126      
803         	1           	9.45        	0.01551     	0.01854     	0.01233     
804         	1           	9.5         	0.01581     	0.01821     	0.01328     
805         	1           	9.5         	0.01652     	0.01879     	0.01413     
806         	1           	9.5         	0.01641     	0.01809     	0.01465     
807         	1           	9.45        	0.01806     	0.01914     	0.01693     
808         	1           	9.35        	0.01731     	0.019       	0.01553     
809         	1           	9.35        	0.01822     	0.01995     	0.0164      
810         	1           	9.4         	0.01877     	0.02036     	0.0171      
811         	1           	9.35        	0.01936     	0.02023     	0.01846     
812         	1           	9.35        	0.02009     	0.021       	0.01913     
813         	1           	9.35        	0.02028     	0.02149     	0.01901     
814         	1           	9.55        	0.02077     	0.02321     	0.01822     
815         	1           	9.6         	0.01941     	0.022       	0.01671     
816         	1           	9.65        	0.01941     	0.02164     	0.0171      
817         	1           	9.55        	0.01996     	0.02114     	0.01873     
818         	1           	9.6         	0.0197      	0.02166     	0.01766     
819         	1           	9.6         	0.01999     	0.02228     	0.0176      
820         	1           	9.65        	0.01952     	0.02158     	0.01737     
821         	1           	9.65        	0.01949     	0.02159     	0.0173      
822         	1           	9.7         	0.01869     	0.02098     	0.0163      
823         	1           	9.55        	0.01921     	0.02159     	0.01673     
824         	1           	9.55        	0.01921     	0.02075     	0.01761     
825         	1           	9.5         	0.01937     	0.02084     	0.01784     
826         	1           	9.55        	0.0196      	0.02097     	0.01816     
827         	1           	9.7         	0.019       	0.02069     	0.01723     
828         	1           	9.8         	0.01886     	0.02026     	0.0174      
829         	1           	9.75        	0.019       	0.02096     	0.01696     
830         	1           	9.75        	0.01864     	0.02043     	0.01677     
831         	1           	9.75        	0.01883     	0.02116     	0.0164      
832         	1           	9.75        	0.01889     	0.02037     	0.01735     
833         	1           	9.7         	0.01865     	0.02107     	0.01613     
834         	1           	9.65        	0.01874     	0.02109     	0.01628     
835         	1           	9.65        	0.01944     	0.02093     	0.01787     
836         	1           	9.65        	0.01958     	0.02121     	0.01788     
837         	1           	9.5         	0.01972     	0.02102     	0.01836     
838         	1           	9.55        	0.01953     	0.02151     	0.01747     
839         	1           	9.4         	0.01893     	0.02022     	0.01759     
840         	1           	9.35        	0.01782     	0.01941     	0.01616     
841         	1           	9.35        	0.01885     	0.01964     	0.01802     
842         	1           	9.45        	0.0195      	0.0205      	0.01847     
843         	1           	9.6         	0.01851     	0.02021     	0.01673     
844         	1           	9.45        	0.01838     	0.02005     	0.01665     
845         	1           	9.45        	0.01895     	0.02046     	0.01738     
846         	1           	9.5         	0.01846     	0.01969     	0.01719     
847         	1           	9.45        	0.0182      	0.01903     	0.01734     
848         	1           	9.5         	0.01799     	0.01851     	0.01744     
849         	1           	9.55        	0.01865     	0.0196      	0.01766     
850         	1           	9.4         	0.01883     	0.01947     	0.01816     
851         	1           	9.45        	0.01848     	0.01836     	0.0186      
852         	1           	9.5         	0.01745     	0.01819     	0.01669     
853         	1           	9.45        	0.0176      	0.01844     	0.01673     
854         	1           	9.4         	0.01724     	0.01778     	0.01668     
855         	1           	9.5         	0.01787     	0.01885     	0.01685     
856         	1           	9.6         	0.01821     	0.01986     	0.0165      
857         	1           	9.55        	0.01809     	0.01978     	0.01633     
858         	1           	9.6         	0.01803     	0.02033     	0.01565     
859         	1           	9.6         	0.01865     	0.02108     	0.01614     
860         	1           	9.6         	0.01882     	0.02184     	0.01569     
861         	1           	9.65        	0.0192      	0.02298     	0.01529     
862         	1           	9.65        	0.01956     	0.02352     	0.01544     
863         	1           	9.7         	0.01993     	0.02339     	0.01634     
864         	1           	9.7         	0.01888     	0.02361     	0.01396     
865         	1           	9.7         	0.01828     	0.02323     	0.01316     
866         	1           	9.7         	0.01795     	0.02297     	0.01275     
867         	1           	9.65        	0.01767     	0.02215     	0.01303     
868         	1           	9.65        	0.01766     	0.02221     	0.01293     
869         	1           	9.65        	0.01748     	0.02148     	0.01333     
870         	1           	9.75        	0.01803     	0.02179     	0.01415     
871         	1           	9.7         	0.01808     	0.02149     	0.01456     
872         	1           	9.7         	0.01744     	0.02039     	0.01438     
873         	1           	9.65        	0.01834     	0.02162     	0.01493     
874         	1           	9.65        	0.01764     	0.02024     	0.01494     
875         	1           	9.7         	0.01758     	0.02061     	0.01444     
876         	1           	9.7         	0.01797     	0.02092     	0.01491     
877         	1           	9.75        	0.01757     	0.02003     	0.01502     
878         	1           	9.75        	0.01821     	0.02043     	0.01592     
879         	1           	9.75        	0.01809     	0.01972     	0.0164      
880         	1           	9.7         	0.0181      	0.01916     	0.01699     
881         	1           	9.8         	0.01849     	0.01949     	0.01744     
882         	1           	9.8         	0.01893     	0.01918     	0.01868     
883         	1           	9.85        	0.01843     	0.01828     	0.01858     
884         	1           	9.85        	0.01871     	0.01909     	0.01831     
885         	1           	9.85        	0.0175      	0.01736     	0.01764     
886         	1           	9.9         	0.01725     	0.0179      	0.01657     
887         	1           	9.9         	0.01761     	0.0188      	0.01637     
888         	1           	9.75        	0.01786     	0.01943     	0.01624     
889         	1           	9.85        	0.01703     	0.01877     	0.01524     
890         	1           	9.9         	0.01729     	0.01907     	0.01545     
891         	1           	9.9         	0.01736     	0.02        	0.01462     
892         	1           	9.85        	0.01755     	0.02065     	0.01434     
893         	1           	9.85        	0.01783     	0.02163     	0.01389     
894         	1           	9.85        	0.018       	0.0225      	0.01332     
895         	1           	9.9         	0.01714     	0.02207     	0.01202     
896         	1           	9.8         	0.01701     	0.02164     	0.01221     
897         	1           	9.8         	0.01674     	0.02034     	0.01301     
898         	1           	9.8         	0.01637     	0.0202      	0.01242     
899         	1           	9.8         	0.0166      	0.0201      	0.01298     
900         	1           	9.9         	0.01652     	0.01996     	0.01297     
901         	1           	9.9         	0.01741     	0.01905     	0.01571     
902         	1           	9.9         	0.0169      	0.01832     	0.01543     
903         	1           	9.9         	0.01615     	0.01719     	0.01507     
904         	1           	9.9         	0.01515     	0.01647     	0.0138      
905         	1           	9.9         	0.01475     	0.01604     	0.01342     
906         	1           	9.85        	0.01467     	0.01494     	0.01439     
907         	1           	9.9         	0.01499     	0.01531     	0.01465     
908         	1           	9.85        	0.01542     	0.01576     	0.01508     
909         	1           	9.8         	0.01596     	0.01651     	0.0154      
910         	1           	9.85        	0.01555     	0.01547     	0.01564     
911         	1           	9.85        	0.01672     	0.01682     	0.01662     
912         	1           	9.85        	0.01759     	0.0174      	0.01779     
913         	1           	9.75        	0.01642     	0.01629     	0.01656     
914         	1           	9.75        	0.0155      	0.01504     	0.01598     
915         	1           	9.8         	0.01535     	0.01523     	0.01547     
916         	1           	9.75        	0.01549     	0.01503     	0.01597     
917         	1           	9.75        	0.01466     	0.01509     	0.01421     
918         	1           	9.75        	0.01491     	0.01615     	0.01363     
919         	1           	9.85        	0.01556     	0.01675     	0.01431     
920         	1           	9.75        	0.01567     	0.01789     	0.01336     
921         	1           	9.75        	0.01515     	0.01761     	0.0126      
922         	1           	9.75        	0.01513     	0.01656     	0.01364     
923         	1           	9.8         	0.01549     	0.01704     	0.01389     
924         	1           	9.9         	0.01431     	0.01578     	0.01278     
925         	1           	9.8         	0.01476     	0.01575     	0.01373     
926         	1           	9.7         	0.01503     	0.01629     	0.01372     
927         	1           	9.7         	0.01492     	0.01653     	0.01325     
928         	1           	9.75        	0.01426     	0.01563     	0.01285     
929         	1           	9.65        	0.01367     	0.01512     	0.01217     
930         	1           	9.65        	0.01364     	0.01451     	0.01275     
931         	1           	9.8         	0.01402     	0.01533     	0.01266     
932         	1           	9.7         	0.01309     	0.01408     	0.01205     
933         	1           	9.8         	0.01346     	0.01496     	0.01189     
934         	1           	9.75        	0.01371     	0.01448     	0.0129      
935         	1           	9.75        	0.01351     	0.01438     	0.0126      
936         	1           	9.8         	0.01376     	0.01491     	0.01256     
937         	1           	9.8         	0.0139      	0.01561     	0.01211     
938         	1           	9.8         	0.01396     	0.01601     	0.01184     
939         	1           	9.75        	0.01367     	0.01547     	0.0118      
940         	1           	9.7         	0.01401     	0.0161      	0.01184     
941         	1           	9.7         	0.01413     	0.0152      	0.01302     
942         	1           	9.8         	0.01448     	0.0156      	0.01331     
943         	1           	9.7         	0.01426     	0.0159      	0.01255     
944         	1           	9.75        	0.015       	0.01667     	0.01325     
945         	1           	9.75        	0.01536     	0.01839     	0.01219     
946         	1           	9.65        	0.01544     	0.01853     	0.01221     
947         	1           	9.7         	0.01436     	0.01685     	0.01176     
948         	1           	9.7         	0.01458     	0.0173      	0.01175     
949         	1           	9.6         	0.01499     	0.01782     	0.01205     
950         	1           	9.65        	0.01492     	0.01686     	0.01289     
951         	1           	9.65        	0.01539     	0.01681     	0.01393     
952         	1           	9.65        	0.01485     	0.01595     	0.01371     
953         	1           	9.7         	0.0149      	0.01688     	0.01284     
954         	1           	9.7         	0.01533     	0.01763     	0.01295     
955         	1           	9.75        	0.01501     	0.01688     	0.01307     
956         	1           	9.9         	0.01508     	0.01766     	0.0124      
957         	1           	9.8         	0.0149      	0.01768     	0.01201     
958         	1           	9.75        	0.01457     	0.01735     	0.01167     
959         	1           	9.75        	0.01445     	0.01696     	0.01183     
960         	1           	9.75        	0.01443     	0.01702     	0.01173     
961         	1           	9.6         	0.01451     	0.01712     	0.01179     
962         	1           	9.65        	0.01525     	0.01792     	0.01247     
963         	1           	9.6         	0.01493     	0.01714     	0.01264     
964         	1           	9.65        	0.01522     	0.01791     	0.01242     
965         	1           	9.65        	0.01616     	0.01922     	0.01298     
966         	1           	9.7         	0.01572     	0.01875     	0.01257     
967         	1           	9.7         	0.01603     	0.01839     	0.01357     
968         	1           	9.7         	0.01639     	0.01932     	0.01334     
969         	1           	9.85        	0.01695     	0.0196      	0.0142      
970         	1           	9.9         	0.01703     	0.0206      	0.01332     
971         	1           	9.9         	0.01729     	0.02124     	0.01318     
972         	1           	9.8         	0.01705     	0.02066     	0.0133      
973         	1           	9.8         	0.01676     	0.0206      	0.01277     
974         	1           	9.75        	0.01681     	0.02038     	0.01309     
975         	1           	9.8         	0.01672     	0.02042     	0.01286     
976         	1           	9.7         	0.01658     	0.01952     	0.01353     
977         	1           	9.65        	0.01721     	0.02002     	0.01429     
978         	1           	9.8         	0.01755     	0.02044     	0.01455     
979         	1           	9.75        	0.01737     	0.01977     	0.01487     
980         	1           	9.75        	0.01715     	0.0201      	0.01408     
981         	1           	9.85        	0.01742     	0.02071     	0.01398     
982         	1           	9.9         	0.01776     	0.02037     	0.01504     
983         	1           	9.9         	0.01695     	0.01902     	0.01478     
984         	1           	9.85        	0.01654     	0.01893     	0.01405     
985         	1           	9.9         	0.01685     	0.01898     	0.01462     
986         	1           	9.85        	0.0159      	0.01722     	0.01452     
987         	1           	9.85        	0.01598     	0.01793     	0.01395     
988         	1           	9.95        	0.0172      	0.0187      	0.01564     
989         	1           	9.9         	0.01882     	0.01957     	0.01802     
990         	1           	9.9         	0.01927     	0.02022     	0.01828     
991         	1           	9.85        	0.01917     	0.02051     	0.01777     
992         	1           	9.8         	0.01965     	0.02        	0.01928     
993         	1           	9.85        	0.01964     	0.01978     	0.0195      
994         	1           	9.9         	0.01994     	0.0196      	0.0203      
995         	1           	9.9         	0.02044     	0.01906     	0.02189     
996         	1           	9.85        	0.02141     	0.02147     	0.02136     
997         	1           	9.8         	0.02139     	0.02107     	0.02173     
998         	1           	9.8         	0.0223      	0.02276     	0.02181     
999         	1           	9.85        	0.02236     	0.02332     	0.02135     
1000        	1           	9.8         	0.02193     	0.02334     	0.02046     
