replicate   	generation  	n.adlt.nbAll	n.adlt.fst  	n.adlt.fst_l1	n.adlt.fst_l2
1           	1           	5.5         	0.5056      	1           	-7.094e-05  
1           	2           	8.45        	0.4963      	0.9805      	0.0004676   
1           	3           	9.35        	0.4872      	0.962       	0.001123    
1           	4           	9.8         	0.4775      	0.9427      	0.001241    
1           	5           	9.8         	0.4663      	0.9205      	0.001475    
1           	6           	9.95        	0.4542      	0.8962      	0.001993    
1           	7           	10          	0.4448      	0.877       	0.002345    
1           	8           	10          	0.4356      	0.8589      	0.002542    
1           	9           	10          	0.4248      	0.8376      	0.00312     
1           	10          	10          	0.4174      	0.8226      	0.003591    
1           	11          	10          	0.4114      	0.8096      	0.004513    
1           	12          	10          	0.3997      	0.787       	0.004281    
1           	13          	10          	0.3897      	0.7673      	0.004263    
1           	14          	10          	0.3811      	0.7503      	0.004415    
1           	15          	10          	0.3718      	0.7312      	0.004872    
1           	16          	10          	0.3626      	0.7131      	0.004536    
1           	17          	10          	0.3539      	0.6948      	0.005211    
1           	18          	10          	0.3468      	0.6805      	0.005016    
1           	19          	10          	0.3412      	0.6698      	0.004883    
1           	20          	10          	0.3353      	0.6581      	0.005293    
1           	21          	10          	0.3295      	0.6463      	0.005509    
1           	22          	10          	0.3257      	0.6383      	0.006218    
1           	23          	10          	0.315       	0.6169      	0.006752    
1           	24          	10          	0.3095      	0.6062      	0.006805    
1           	25          	10          	0.3049      	0.5969      	0.007064    
1           	26          	10          	0.2952      	0.5776      	0.007185    
1           	27          	10          	0.2911      	0.5696      	0.007396    
1           	28          	10          	0.2874      	0.5617      	0.007555    
1           	29          	10          	0.278       	0.5432      	0.007937    
1           	30          	10          	0.2777      	0.5421      	0.008218    
1           	31          	10          	0.2707      	0.5271      	0.009292    
1           	32          	10          	0.2646      	0.5155      	0.008829    
1           	33          	10          	0.2591      	0.5037      	0.009558    
1           	34          	10          	0.2552      	0.4961      	0.0096      
1           	35          	10          	0.2497      	0.4836      	0.01079     
1           	36          	10          	0.2446      	0.4733      	0.01094     
1           	37          	10          	0.2361      	0.4551      	0.01232     
1           	38          	10          	0.2328      	0.4481      	0.01256     
1           	39          	10          	0.2317      	0.4447      	0.01357     
1           	40          	10          	0.2285      	0.4387      	0.01377     
1           	41          	10          	0.224       	0.4286      	0.01491     
1           	42          	10          	0.2227      	0.4234      	0.01729     
1           	43          	10          	0.2208      	0.4199      	0.01734     
1           	44          	10          	0.2139      	0.4062      	0.01719     
1           	45          	10          	0.2133      	0.4052      	0.0167      
1           	46          	10          	0.2116      	0.402       	0.0165      
1           	47          	10          	0.2061      	0.3915      	0.01625     
1           	48          	10          	0.1995      	0.3774      	0.01704     
1           	49          	10          	0.1916      	0.3626      	0.01644     
1           	50          	10          	0.1894      	0.3577      	0.01687     
1           	51          	10          	0.1847      	0.3485      	0.01687     
1           	52          	10          	0.1829      	0.3448      	0.01733     
1           	53          	10          	0.1768      	0.3319      	0.01818     
1           	54          	10          	0.1788      	0.3362      	0.01813     
1           	55          	10          	0.1747      	0.3283      	0.01781     
1           	56          	10          	0.1712      	0.3213      	0.01769     
1           	57          	10          	0.1626      	0.3045      	0.01741     
1           	58          	10          	0.1608      	0.3017      	0.01665     
1           	59          	10          	0.1557      	0.2913      	0.01679     
1           	60          	10          	0.1539      	0.2876      	0.01712     
1           	61          	10          	0.1499      	0.2787      	0.01817     
1           	62          	10          	0.1486      	0.2756      	0.01864     
1           	63          	10          	0.1457      	0.2692      	0.01932     
1           	64          	10          	0.1403      	0.2596      	0.01818     
1           	65          	10          	0.1372      	0.2528      	0.01872     
1           	66          	10          	0.1339      	0.2475      	0.01734     
1           	67          	10          	0.1301      	0.2399      	0.01777     
1           	68          	10          	0.1263      	0.2335      	0.01634     
1           	69          	10          	0.1249      	0.2308      	0.01641     
1           	70          	10          	0.1205      	0.223       	0.01547     
1           	71          	10          	0.1235      	0.2283      	0.01604     
1           	72          	10          	0.1204      	0.2222      	0.01596     
1           	73          	10          	0.1171      	0.2171      	0.01482     
1           	74          	10          	0.1152      	0.214       	0.01415     
1           	75          	10          	0.1108      	0.2061      	0.01321     
1           	76          	10          	0.1061      	0.1973      	0.0127      
1           	77          	10          	0.103       	0.1904      	0.01358     
1           	78          	10          	0.1004      	0.1845      	0.01434     
1           	79          	10          	0.09657     	0.1768      	0.01452     
1           	80          	10          	0.09541     	0.1739      	0.01513     
1           	81          	10          	0.09408     	0.171       	0.01548     
1           	82          	10          	0.08766     	0.1588      	0.01492     
1           	83          	10          	0.08831     	0.1594      	0.01562     
1           	84          	10          	0.0846      	0.1523      	0.01544     
1           	85          	10          	0.08533     	0.153       	0.01629     
1           	86          	10          	0.0829      	0.1478      	0.01668     
1           	87          	10          	0.08061     	0.1439      	0.01597     
1           	88          	10          	0.08146     	0.1448      	0.01677     
1           	89          	10          	0.08243     	0.1457      	0.01773     
1           	90          	10          	0.08238     	0.1449      	0.01842     
1           	91          	10          	0.08056     	0.1415      	0.01816     
1           	92          	10          	0.0805      	0.1412      	0.0183      
1           	93          	10          	0.07943     	0.1398      	0.01762     
1           	94          	9.95        	0.08049     	0.1415      	0.01808     
1           	95          	10          	0.07799     	0.1362      	0.0184      
1           	96          	10          	0.07701     	0.1342      	0.01855     
1           	97          	10          	0.07594     	0.1319      	0.0187      
1           	98          	10          	0.07704     	0.1338      	0.01901     
1           	99          	10          	0.07685     	0.133       	0.01943     
1           	100         	10          	0.07535     	0.1293      	0.02019     
1           	101         	10          	0.07293     	0.125       	0.01962     
1           	102         	10          	0.07196     	0.1232      	0.01953     
1           	103         	10          	0.0707      	0.12        	0.02026     
1           	104         	10          	0.06849     	0.1153      	0.02052     
1           	105         	10          	0.06829     	0.1141      	0.02133     
1           	106         	10          	0.06492     	0.1072      	0.02154     
1           	107         	10          	0.06364     	0.1057      	0.02048     
1           	108         	10          	0.06346     	0.1047      	0.02122     
1           	109         	10          	0.06343     	0.1057      	0.02005     
1           	110         	10          	0.06322     	0.1044      	0.021       
1           	111         	10          	0.06098     	0.0991      	0.02186     
1           	112         	10          	0.06        	0.09793     	0.02109     
1           	113         	10          	0.05948     	0.09777     	0.02015     
1           	114         	10          	0.05786     	0.09461     	0.02006     
1           	115         	10          	0.05581     	0.0913      	0.0193      
1           	116         	10          	0.05461     	0.08855     	0.01965     
1           	117         	10          	0.05489     	0.08776     	0.02103     
1           	118         	10          	0.05465     	0.08823     	0.02007     
1           	119         	10          	0.05397     	0.08791     	0.01898     
1           	120         	10          	0.05385     	0.08646     	0.02025     
1           	121         	10          	0.05289     	0.08468     	0.02013     
1           	122         	10          	0.05289     	0.08461     	0.02015     
1           	123         	10          	0.05009     	0.0797      	0.01954     
1           	124         	10          	0.04816     	0.07712     	0.01829     
1           	125         	10          	0.04739     	0.07499     	0.01891     
1           	126         	10          	0.04757     	0.07593     	0.01834     
1           	127         	10          	0.04694     	0.07476     	0.01826     
1           	128         	10          	0.04838     	0.0769      	0.01893     
1           	129         	10          	0.04776     	0.07562     	0.01904     
1           	130         	10          	0.04726     	0.07381     	0.01988     
1           	131         	10          	0.04647     	0.0716      	0.02053     
1           	132         	10          	0.04557     	0.0694      	0.02097     
1           	133         	10          	0.04502     	0.06828     	0.02101     
1           	134         	10          	0.0446      	0.06788     	0.02057     
1           	135         	10          	0.0444      	0.06706     	0.02098     
1           	136         	10          	0.04266     	0.06343     	0.02119     
1           	137         	10          	0.04329     	0.06376     	0.02211     
1           	138         	10          	0.04254     	0.06065     	0.02379     
1           	139         	10          	0.04262     	0.06115     	0.02344     
1           	140         	10          	0.04341     	0.06279     	0.02335     
1           	141         	10          	0.04495     	0.06476     	0.02443     
1           	142         	10          	0.04272     	0.06126     	0.02347     
1           	143         	10          	0.04079     	0.05873     	0.02219     
1           	144         	10          	0.04156     	0.05974     	0.02269     
1           	145         	10          	0.04109     	0.05971     	0.0218      
1           	146         	10          	0.04118     	0.05996     	0.02172     
1           	147         	10          	0.04117     	0.05976     	0.02188     
1           	148         	10          	0.04144     	0.05978     	0.02242     
1           	149         	10          	0.03912     	0.05605     	0.02162     
1           	150         	10          	0.03733     	0.05301     	0.02113     
1           	151         	10          	0.03663     	0.0522      	0.02051     
1           	152         	9.95        	0.03724     	0.05294     	0.02104     
1           	153         	10          	0.03773     	0.05444     	0.02047     
1           	154         	9.95        	0.03618     	0.05155     	0.0203      
1           	155         	9.95        	0.03589     	0.05018     	0.02112     
1           	156         	10          	0.03579     	0.05176     	0.01925     
1           	157         	10          	0.03643     	0.05341     	0.01884     
1           	158         	10          	0.03531     	0.05133     	0.01871     
1           	159         	10          	0.03559     	0.05122     	0.01941     
1           	160         	10          	0.03548     	0.05148     	0.01892     
1           	161         	10          	0.03533     	0.05036     	0.01976     
1           	162         	10          	0.03455     	0.04908     	0.0195      
1           	163         	10          	0.03423     	0.04783     	0.02015     
1           	164         	10          	0.03431     	0.04743     	0.02073     
1           	165         	10          	0.03358     	0.04657     	0.02013     
1           	166         	10          	0.0338      	0.04744     	0.01969     
1           	167         	10          	0.03294     	0.046       	0.01943     
1           	168         	10          	0.03283     	0.04635     	0.01886     
1           	169         	10          	0.03266     	0.04617     	0.01874     
1           	170         	10          	0.03359     	0.0468      	0.01996     
1           	171         	10          	0.03362     	0.04754     	0.01928     
1           	172         	10          	0.03291     	0.0459      	0.01952     
1           	173         	10          	0.03248     	0.04558     	0.01897     
1           	174         	10          	0.03219     	0.04441     	0.01959     
1           	175         	10          	0.03179     	0.04267     	0.02054     
1           	176         	10          	0.03148     	0.04263     	0.01995     
1           	177         	10          	0.03052     	0.04266     	0.01795     
1           	178         	10          	0.03043     	0.04286     	0.01756     
1           	179         	10          	0.02996     	0.04191     	0.0176      
1           	180         	10          	0.02941     	0.04202     	0.01634     
1           	181         	10          	0.0292      	0.04167     	0.01628     
1           	182         	10          	0.02952     	0.04167     	0.01693     
1           	183         	10          	0.02849     	0.04013     	0.01645     
1           	184         	10          	0.02713     	0.03779     	0.0161      
1           	185         	10          	0.02748     	0.03888     	0.01569     
1           	186         	9.95        	0.02707     	0.03804     	0.01573     
1           	187         	9.95        	0.02682     	0.03769     	0.01559     
1           	188         	10          	0.02611     	0.03621     	0.01568     
1           	189         	9.95        	0.02648     	0.03656     	0.01604     
1           	190         	10          	0.02702     	0.03645     	0.01724     
1           	191         	10          	0.02692     	0.03707     	0.01637     
1           	192         	9.95        	0.02613     	0.03532     	0.01658     
1           	193         	9.95        	0.02548     	0.03343     	0.01723     
1           	194         	9.95        	0.02531     	0.03362     	0.01667     
1           	195         	10          	0.02587     	0.03415     	0.01727     
1           	196         	9.95        	0.02516     	0.03317     	0.01684     
1           	197         	10          	0.02412     	0.03174     	0.0162      
1           	198         	10          	0.02412     	0.03148     	0.01648     
1           	199         	9.95        	0.0231      	0.03001     	0.01593     
1           	200         	10          	0.02294     	0.03043     	0.01518     
1           	201         	10          	0.02357     	0.0312      	0.01564     
1           	202         	10          	0.02334     	0.03096     	0.01543     
1           	203         	10          	0.02283     	0.03048     	0.01488     
1           	204         	10          	0.02413     	0.03221     	0.01573     
1           	205         	10          	0.02461     	0.03155     	0.0174      
1           	206         	10          	0.02353     	0.03117     	0.01557     
1           	207         	10          	0.0233      	0.03081     	0.0155      
1           	208         	10          	0.02405     	0.03087     	0.01694     
1           	209         	10          	0.02354     	0.03037     	0.01642     
1           	210         	10          	0.0229      	0.03014     	0.01535     
1           	211         	10          	0.02204     	0.02867     	0.01512     
1           	212         	10          	0.02253     	0.02971     	0.01504     
1           	213         	10          	0.02309     	0.02929     	0.01663     
1           	214         	10          	0.02341     	0.02997     	0.01655     
1           	215         	10          	0.02393     	0.03128     	0.01625     
1           	216         	10          	0.02435     	0.0321      	0.01626     
1           	217         	10          	0.02436     	0.03175     	0.01662     
1           	218         	10          	0.02414     	0.03134     	0.0166      
1           	219         	10          	0.0245      	0.03125     	0.01745     
1           	220         	9.95        	0.02425     	0.02993     	0.01832     
1           	221         	10          	0.02413     	0.03021     	0.01777     
1           	222         	10          	0.02416     	0.02932     	0.01878     
1           	223         	10          	0.02361     	0.02978     	0.01719     
1           	224         	10          	0.02265     	0.02811     	0.01696     
1           	225         	10          	0.02279     	0.02718     	0.0182      
1           	226         	10          	0.02256     	0.02653     	0.01843     
1           	227         	10          	0.02182     	0.02554     	0.01792     
1           	228         	10          	0.02195     	0.0254      	0.01836     
1           	229         	10          	0.02298     	0.02658     	0.01922     
1           	230         	10          	0.0229      	0.02722     	0.01839     
1           	231         	10          	0.02249     	0.02631     	0.0185      
1           	232         	10          	0.02201     	0.02538     	0.01849     
1           	233         	10          	0.02191     	0.02592     	0.01774     
1           	234         	10          	0.02253     	0.02628     	0.01861     
1           	235         	10          	0.02266     	0.02574     	0.01944     
1           	236         	10          	0.02238     	0.02543     	0.01919     
1           	237         	10          	0.02241     	0.02591     	0.01875     
1           	238         	10          	0.02245     	0.02646     	0.01825     
1           	239         	10          	0.02325     	0.02715     	0.01918     
1           	240         	10          	0.02397     	0.02884     	0.01888     
1           	241         	10          	0.02379     	0.02852     	0.01886     
1           	242         	10          	0.02449     	0.02948     	0.01928     
1           	243         	10          	0.02405     	0.02914     	0.01874     
1           	244         	10          	0.02361     	0.02811     	0.01893     
1           	245         	10          	0.02303     	0.02664     	0.01926     
1           	246         	10          	0.02197     	0.02564     	0.01815     
1           	247         	10          	0.02184     	0.02552     	0.01799     
1           	248         	10          	0.02176     	0.02496     	0.01843     
1           	249         	10          	0.0214      	0.02392     	0.01877     
1           	250         	10          	0.02273     	0.02455     	0.02084     
1           	251         	10          	0.02234     	0.02368     	0.02095     
1           	252         	10          	0.02091     	0.02267     	0.01908     
1           	253         	10          	0.02132     	0.02322     	0.01934     
1           	254         	10          	0.02137     	0.02321     	0.01946     
1           	255         	10          	0.02087     	0.02286     	0.01879     
1           	256         	10          	0.02179     	0.02338     	0.02012     
1           	257         	10          	0.02162     	0.02377     	0.01938     
1           	258         	10          	0.02174     	0.0227      	0.02074     
1           	259         	10          	0.02143     	0.02229     	0.02053     
1           	260         	10          	0.0214      	0.02139     	0.0214      
1           	261         	10          	0.02159     	0.02172     	0.02147     
1           	262         	10          	0.0222      	0.02203     	0.02239     
1           	263         	10          	0.02177     	0.02309     	0.0204      
1           	264         	10          	0.02164     	0.02278     	0.02044     
1           	265         	10          	0.02134     	0.02177     	0.02089     
1           	266         	10          	0.02248     	0.02243     	0.02252     
1           	267         	10          	0.02245     	0.02177     	0.02317     
1           	268         	10          	0.02276     	0.02243     	0.0231      
1           	269         	10          	0.02258     	0.02238     	0.02279     
1           	270         	10          	0.0212      	0.02175     	0.02063     
1           	271         	10          	0.02118     	0.0217      	0.02063     
1           	272         	10          	0.02109     	0.02171     	0.02045     
1           	273         	10          	0.02095     	0.02052     	0.0214      
1           	274         	10          	0.02142     	0.02081     	0.02207     
1           	275         	10          	0.02209     	0.02142     	0.02278     
1           	276         	10          	0.02204     	0.02141     	0.02271     
1           	277         	10          	0.02189     	0.02103     	0.02279     
1           	278         	10          	0.02104     	0.02099     	0.02108     
1           	279         	10          	0.02099     	0.02124     	0.02072     
1           	280         	10          	0.02105     	0.02044     	0.0217      
1           	281         	10          	0.02079     	0.02036     	0.02123     
1           	282         	10          	0.02119     	0.02127     	0.0211      
1           	283         	10          	0.02122     	0.02179     	0.02063     
1           	284         	10          	0.02056     	0.02081     	0.02031     
1           	285         	10          	0.02073     	0.02097     	0.02047     
1           	286         	9.95        	0.02111     	0.02105     	0.02117     
1           	287         	9.95        	0.02081     	0.02033     	0.02132     
1           	288         	9.95        	0.02146     	0.02053     	0.02244     
1           	289         	9.95        	0.02111     	0.02097     	0.02126     
1           	290         	9.95        	0.0215      	0.02026     	0.0228      
1           	291         	9.95        	0.02083     	0.0202      	0.02149     
1           	292         	10          	0.02042     	0.02043     	0.0204      
1           	293         	9.95        	0.02137     	0.02086     	0.02191     
1           	294         	9.95        	0.02103     	0.02006     	0.02205     
1           	295         	9.95        	0.02148     	0.02144     	0.02152     
1           	296         	10          	0.0216      	0.02196     	0.02122     
1           	297         	10          	0.02119     	0.0215      	0.02087     
1           	298         	9.95        	0.0214      	0.02174     	0.02105     
1           	299         	9.95        	0.02191     	0.02226     	0.02154     
1           	300         	9.95        	0.02277     	0.02238     	0.02318     
1           	301         	9.95        	0.02236     	0.02091     	0.02388     
1           	302         	9.95        	0.02128     	0.0196      	0.02303     
1           	303         	9.95        	0.02221     	0.02022     	0.02428     
1           	304         	9.9         	0.02224     	0.02054     	0.02402     
1           	305         	9.95        	0.02316     	0.02133     	0.02509     
1           	306         	9.95        	0.02331     	0.02058     	0.02616     
1           	307         	9.95        	0.02315     	0.02066     	0.02576     
1           	308         	9.95        	0.02285     	0.02033     	0.02549     
1           	309         	9.95        	0.02313     	0.02152     	0.02482     
1           	310         	9.95        	0.02265     	0.02182     	0.02352     
1           	311         	9.95        	0.02294     	0.0213      	0.02467     
1           	312         	9.95        	0.0227      	0.02032     	0.0252      
1           	313         	9.95        	0.02325     	0.02004     	0.02663     
1           	314         	9.95        	0.02287     	0.01883     	0.0271      
1           	315         	9.95        	0.02248     	0.01819     	0.02697     
1           	316         	9.95        	0.0226      	0.01746     	0.02797     
1           	317         	9.95        	0.02279     	0.01681     	0.02904     
1           	318         	9.95        	0.02197     	0.01613     	0.02808     
1           	319         	10          	0.02184     	0.0161      	0.02786     
1           	320         	10          	0.02105     	0.01637     	0.02595     
1           	321         	10          	0.02127     	0.01634     	0.02643     
1           	322         	10          	0.02205     	0.01697     	0.02735     
1           	323         	10          	0.02341     	0.01764     	0.02943     
1           	324         	10          	0.02342     	0.0173      	0.02979     
1           	325         	10          	0.02353     	0.01698     	0.03036     
1           	326         	10          	0.02337     	0.01704     	0.02996     
1           	327         	10          	0.02314     	0.01782     	0.02868     
1           	328         	10          	0.02222     	0.01795     	0.02667     
1           	329         	10          	0.02171     	0.01714     	0.02648     
1           	330         	10          	0.02118     	0.01564     	0.02696     
1           	331         	10          	0.02131     	0.01589     	0.02697     
1           	332         	10          	0.0202      	0.01497     	0.02567     
1           	333         	9.95        	0.0198      	0.01454     	0.0253      
1           	334         	9.95        	0.01991     	0.01425     	0.02583     
1           	335         	10          	0.0209      	0.0141      	0.02801     
1           	336         	9.95        	0.02119     	0.0141      	0.02862     
1           	337         	9.95        	0.02027     	0.01308     	0.02781     
1           	338         	10          	0.02039     	0.01265     	0.02846     
1           	339         	10          	0.02099     	0.0123      	0.03007     
1           	340         	10          	0.02099     	0.01301     	0.02932     
1           	341         	9.95        	0.02087     	0.01294     	0.02916     
1           	342         	9.95        	0.02028     	0.01271     	0.02819     
1           	343         	9.95        	0.02151     	0.01302     	0.03038     
1           	344         	9.95        	0.0218      	0.01361     	0.03036     
1           	345         	9.95        	0.0206      	0.01343     	0.0281      
1           	346         	9.95        	0.02049     	0.01295     	0.02838     
1           	347         	9.95        	0.01907     	0.01213     	0.02632     
1           	348         	9.95        	0.01902     	0.01202     	0.02634     
1           	349         	9.95        	0.01906     	0.0126      	0.02581     
1           	350         	9.95        	0.0179      	0.01218     	0.02389     
1           	351         	9.95        	0.01775     	0.01191     	0.02384     
1           	352         	9.95        	0.01704     	0.01227     	0.02202     
1           	353         	10          	0.01583     	0.0118      	0.02003     
1           	354         	10          	0.01591     	0.01202     	0.01997     
1           	355         	10          	0.01612     	0.01344     	0.01892     
1           	356         	10          	0.0157      	0.01297     	0.01854     
1           	357         	10          	0.01598     	0.01277     	0.01932     
1           	358         	10          	0.01612     	0.01332     	0.01904     
1           	359         	10          	0.01621     	0.01346     	0.01908     
1           	360         	10          	0.01661     	0.01364     	0.01971     
1           	361         	10          	0.01645     	0.01356     	0.01947     
1           	362         	10          	0.01666     	0.01445     	0.01898     
1           	363         	10          	0.01688     	0.01492     	0.01892     
1           	364         	10          	0.01698     	0.01436     	0.01972     
1           	365         	9.95        	0.01755     	0.01457     	0.02067     
1           	366         	9.95        	0.01799     	0.01505     	0.02106     
1           	367         	10          	0.01719     	0.01498     	0.01949     
1           	368         	9.95        	0.01749     	0.01609     	0.01895     
1           	369         	9.95        	0.01772     	0.01702     	0.01845     
1           	370         	10          	0.01771     	0.0166      	0.01886     
1           	371         	9.95        	0.01759     	0.01701     	0.01819     
1           	372         	10          	0.01767     	0.01811     	0.01721     
1           	373         	9.95        	0.01796     	0.01839     	0.01751     
1           	374         	9.95        	0.01848     	0.01868     	0.01828     
1           	375         	10          	0.01864     	0.0189      	0.01837     
1           	376         	10          	0.01858     	0.01858     	0.01858     
1           	377         	10          	0.01909     	0.01914     	0.01903     
1           	378         	9.9         	0.01817     	0.01826     	0.01808     
1           	379         	9.9         	0.01847     	0.01864     	0.0183      
1           	380         	9.95        	0.01878     	0.01954     	0.01798     
1           	381         	9.95        	0.01904     	0.02021     	0.01782     
1           	382         	9.95        	0.01945     	0.0208      	0.01804     
1           	383         	9.95        	0.02015     	0.02103     	0.01921     
1           	384         	9.95        	0.02058     	0.02219     	0.01889     
1           	385         	9.95        	0.02161     	0.02213     	0.02107     
1           	386         	9.95        	0.02239     	0.02203     	0.02277     
1           	387         	10          	0.02213     	0.02186     	0.02242     
1           	388         	10          	0.02171     	0.02179     	0.02162     
1           	389         	10          	0.0215      	0.0217      	0.02129     
1           	390         	10          	0.02148     	0.02144     	0.02151     
1           	391         	10          	0.02054     	0.02        	0.02112     
1           	392         	10          	0.02126     	0.02053     	0.02202     
1           	393         	10          	0.02126     	0.02136     	0.02114     
1           	394         	10          	0.02032     	0.02078     	0.01984     
1           	395         	10          	0.02009     	0.02027     	0.0199      
1           	396         	10          	0.01971     	0.01956     	0.01987     
1           	397         	10          	0.01871     	0.01957     	0.01781     
1           	398         	10          	0.01859     	0.01918     	0.01797     
1           	399         	10          	0.01846     	0.01919     	0.0177      
1           	400         	10          	0.01881     	0.01975     	0.01781     
1           	401         	10          	0.01992     	0.02025     	0.01956     
1           	402         	10          	0.01896     	0.01961     	0.01829     
1           	403         	10          	0.01894     	0.0194      	0.01846     
1           	404         	10          	0.01859     	0.01896     	0.0182      
1           	405         	10          	0.01812     	0.01883     	0.01737     
1           	406         	10          	0.01763     	0.01931     	0.01585     
1           	407         	10          	0.01706     	0.01887     	0.01514     
1           	408         	10          	0.01697     	0.01893     	0.01489     
1           	409         	10          	0.01712     	0.01908     	0.01504     
1           	410         	10          	0.01771     	0.01936     	0.01596     
1           	411         	10          	0.01721     	0.01827     	0.01609     
1           	412         	10          	0.01745     	0.01901     	0.01579     
1           	413         	9.95        	0.01841     	0.01883     	0.01796     
1           	414         	9.95        	0.01833     	0.01876     	0.01788     
1           	415         	10          	0.018       	0.01821     	0.01778     
1           	416         	10          	0.01764     	0.01746     	0.01784     
1           	417         	10          	0.01813     	0.01863     	0.01761     
1           	418         	10          	0.01829     	0.01881     	0.01774     
1           	419         	10          	0.01842     	0.01858     	0.01826     
1           	420         	9.95        	0.01849     	0.01846     	0.01852     
1           	421         	9.95        	0.01809     	0.01812     	0.01805     
1           	422         	9.95        	0.01769     	0.0188      	0.01651     
1           	423         	9.9         	0.01678     	0.01814     	0.01534     
1           	424         	9.9         	0.01677     	0.0181      	0.01535     
1           	425         	9.9         	0.01695     	0.01823     	0.01561     
1           	426         	9.95        	0.01684     	0.01784     	0.01579     
1           	427         	9.9         	0.01672     	0.01849     	0.01486     
1           	428         	9.85        	0.01666     	0.01802     	0.01523     
1           	429         	9.9         	0.01726     	0.0188      	0.01563     
1           	430         	9.9         	0.01715     	0.0198      	0.01435     
1           	431         	9.9         	0.01729     	0.02095     	0.01341     
1           	432         	9.9         	0.01764     	0.02107     	0.01401     
1           	433         	9.95        	0.01786     	0.02075     	0.01479     
1           	434         	9.95        	0.0169      	0.01896     	0.01472     
1           	435         	9.95        	0.01677     	0.01941     	0.01398     
1           	436         	9.9         	0.01738     	0.01915     	0.01551     
1           	437         	9.95        	0.01731     	0.01858     	0.01597     
1           	438         	9.9         	0.01756     	0.01837     	0.01671     
1           	439         	9.85        	0.01783     	0.0188      	0.0168      
1           	440         	10          	0.01804     	0.01904     	0.01699     
1           	441         	10          	0.01687     	0.01833     	0.01532     
1           	442         	10          	0.01743     	0.01979     	0.01493     
1           	443         	9.9         	0.0173      	0.02004     	0.01439     
1           	444         	9.9         	0.01776     	0.01959     	0.01581     
1           	445         	9.9         	0.0171      	0.01851     	0.01562     
1           	446         	9.9         	0.01727     	0.01868     	0.01578     
1           	447         	9.95        	0.01704     	0.0181      	0.01592     
1           	448         	9.95        	0.01625     	0.01766     	0.01475     
1           	449         	9.95        	0.01657     	0.01675     	0.01639     
1           	450         	9.9         	0.01637     	0.01654     	0.0162      
1           	451         	9.9         	0.01537     	0.01507     	0.01569     
1           	452         	9.95        	0.01551     	0.01507     	0.01597     
1           	453         	10          	0.01531     	0.01449     	0.01618     
1           	454         	10          	0.01566     	0.01516     	0.01618     
1           	455         	9.95        	0.01534     	0.01382     	0.01695     
1           	456         	10          	0.01567     	0.01462     	0.01677     
1           	457         	9.95        	0.01607     	0.01618     	0.01596     
1           	458         	10          	0.01552     	0.01614     	0.01486     
1           	459         	10          	0.0146      	0.01523     	0.01393     
1           	460         	9.95        	0.01513     	0.01546     	0.01478     
1           	461         	9.9         	0.0154      	0.01589     	0.01489     
1           	462         	9.95        	0.01494     	0.01517     	0.0147      
1           	463         	9.95        	0.0144      	0.01439     	0.0144      
1           	464         	10          	0.01441     	0.01483     	0.01397     
1           	465         	10          	0.01393     	0.01455     	0.01327     
1           	466         	9.95        	0.01396     	0.01505     	0.01282     
1           	467         	10          	0.0142      	0.01525     	0.0131      
1           	468         	10          	0.01412     	0.01506     	0.01313     
1           	469         	9.95        	0.01491     	0.01558     	0.01421     
1           	470         	10          	0.01465     	0.01544     	0.01382     
1           	471         	10          	0.01458     	0.01566     	0.01345     
1           	472         	10          	0.01478     	0.01509     	0.01446     
1           	473         	10          	0.01488     	0.01468     	0.01509     
1           	474         	10          	0.01544     	0.01523     	0.01565     
1           	475         	9.95        	0.01531     	0.01534     	0.01529     
1           	476         	9.95        	0.0152      	0.01492     	0.01549     
1           	477         	9.95        	0.01508     	0.01458     	0.01561     
1           	478         	9.95        	0.01497     	0.01408     	0.01591     
1           	479         	9.95        	0.01489     	0.01379     	0.01604     
1           	480         	10          	0.01497     	0.01454     	0.01541     
1           	481         	10          	0.01429     	0.01367     	0.01493     
1           	482         	10          	0.01392     	0.01318     	0.01469     
1           	483         	9.8         	0.01409     	0.01374     	0.01445     
1           	484         	9.85        	0.01407     	0.01337     	0.0148      
1           	485         	9.95        	0.01366     	0.01347     	0.01386     
1           	486         	10          	0.01317     	0.01313     	0.01321     
1           	487         	9.95        	0.01368     	0.01339     	0.01398     
1           	488         	9.95        	0.01354     	0.01378     	0.01329     
1           	489         	9.95        	0.01427     	0.01517     	0.01334     
1           	490         	10          	0.01469     	0.01573     	0.01361     
1           	491         	10          	0.0151      	0.01676     	0.01339     
1           	492         	9.95        	0.01512     	0.01764     	0.01249     
1           	493         	10          	0.01534     	0.01789     	0.01269     
1           	494         	10          	0.01618     	0.01912     	0.01313     
1           	495         	10          	0.01619     	0.01996     	0.01225     
1           	496         	9.95        	0.01615     	0.01855     	0.01364     
1           	497         	9.9         	0.01609     	0.01878     	0.01328     
1           	498         	9.95        	0.01599     	0.01825     	0.01364     
1           	499         	9.95        	0.01642     	0.01868     	0.01406     
1           	500         	9.9         	0.01619     	0.01838     	0.01392     
1           	501         	9.95        	0.01603     	0.01762     	0.01438     
1           	502         	9.9         	0.01596     	0.01779     	0.01406     
1           	503         	9.9         	0.01671     	0.01894     	0.01438     
1           	504         	9.85        	0.01656     	0.01878     	0.01425     
1           	505         	9.95        	0.01556     	0.0181      	0.01292     
1           	506         	10          	0.01608     	0.0189      	0.01315     
1           	507         	9.95        	0.01601     	0.01807     	0.01386     
1           	508         	9.95        	0.01657     	0.01822     	0.01485     
1           	509         	9.95        	0.01791     	0.01998     	0.01574     
1           	510         	9.95        	0.01801     	0.0194      	0.01657     
1           	511         	9.95        	0.01751     	0.01939     	0.01555     
1           	512         	9.95        	0.01766     	0.01991     	0.01533     
1           	513         	9.95        	0.01805     	0.01957     	0.01646     
1           	514         	9.95        	0.01797     	0.01929     	0.01661     
1           	515         	10          	0.01817     	0.01879     	0.01752     
1           	516         	10          	0.01844     	0.01966     	0.01718     
1           	517         	10          	0.01797     	0.0191      	0.01679     
1           	518         	10          	0.01795     	0.01879     	0.01709     
1           	519         	9.95        	0.01743     	0.01848     	0.01634     
1           	520         	9.95        	0.01703     	0.01807     	0.01596     
1           	521         	10          	0.0174      	0.01874     	0.01601     
1           	522         	10          	0.01726     	0.01802     	0.01647     
1           	523         	10          	0.01768     	0.01857     	0.01675     
1           	524         	9.95        	0.01775     	0.01895     	0.01651     
1           	525         	9.9         	0.01778     	0.01948     	0.01603     
1           	526         	9.95        	0.01844     	0.01951     	0.01734     
1           	527         	9.95        	0.01862     	0.01957     	0.01764     
1           	528         	9.95        	0.0188      	0.0207      	0.01683     
1           	529         	10          	0.01902     	0.02055     	0.01743     
1           	530         	10          	0.01897     	0.01974     	0.01818     
1           	531         	10          	0.01902     	0.02005     	0.01796     
1           	532         	10          	0.01839     	0.01928     	0.01747     
1           	533         	10          	0.01844     	0.02002     	0.01681     
1           	534         	10          	0.01937     	0.02102     	0.01768     
1           	535         	10          	0.01966     	0.02107     	0.0182      
1           	536         	10          	0.01905     	0.02034     	0.01771     
1           	537         	10          	0.01875     	0.01976     	0.0177      
1           	538         	10          	0.01873     	0.01905     	0.01841     
1           	539         	10          	0.01863     	0.01973     	0.0175      
1           	540         	10          	0.01928     	0.01951     	0.01903     
1           	541         	10          	0.01889     	0.01941     	0.01835     
1           	542         	10          	0.01899     	0.01848     	0.01953     
1           	543         	10          	0.01862     	0.01755     	0.01972     
1           	544         	10          	0.01922     	0.01844     	0.02002     
1           	545         	10          	0.01812     	0.01834     	0.0179      
1           	546         	10          	0.01813     	0.01799     	0.01827     
1           	547         	10          	0.01873     	0.01913     	0.01832     
1           	548         	10          	0.01808     	0.01899     	0.01714     
1           	549         	10          	0.01731     	0.01784     	0.01677     
1           	550         	10          	0.01674     	0.01743     	0.01603     
1           	551         	10          	0.01711     	0.01839     	0.01579     
1           	552         	10          	0.01687     	0.01818     	0.01551     
1           	553         	10          	0.0173      	0.01915     	0.01539     
1           	554         	10          	0.01635     	0.0179      	0.01474     
1           	555         	10          	0.01646     	0.01774     	0.01515     
1           	556         	10          	0.01632     	0.01721     	0.0154      
1           	557         	10          	0.01632     	0.01752     	0.01509     
1           	558         	10          	0.01706     	0.01801     	0.01607     
1           	559         	10          	0.01674     	0.01888     	0.01453     
1           	560         	10          	0.01673     	0.01965     	0.01372     
1           	561         	10          	0.01638     	0.02021     	0.01242     
1           	562         	10          	0.01658     	0.01957     	0.01348     
1           	563         	10          	0.01605     	0.01867     	0.01334     
1           	564         	10          	0.0157      	0.01773     	0.0136      
1           	565         	10          	0.01575     	0.01793     	0.0135      
1           	566         	10          	0.01521     	0.01809     	0.01222     
1           	567         	10          	0.01544     	0.01827     	0.01251     
1           	568         	10          	0.01567     	0.01862     	0.01261     
1           	569         	10          	0.01548     	0.01903     	0.01181     
1           	570         	10          	0.01473     	0.01776     	0.01159     
1           	571         	10          	0.01525     	0.01789     	0.01253     
1           	572         	10          	0.01545     	0.01818     	0.01261     
1           	573         	10          	0.01538     	0.01776     	0.01292     
1           	574         	10          	0.01534     	0.01734     	0.01327     
1           	575         	10          	0.01451     	0.01659     	0.01236     
1           	576         	10          	0.0151      	0.01716     	0.01297     
1           	577         	10          	0.01422     	0.01588     	0.01251     
1           	578         	10          	0.01462     	0.01698     	0.01216     
1           	579         	10          	0.01499     	0.01646     	0.01347     
1           	580         	10          	0.01455     	0.01587     	0.01318     
1           	581         	10          	0.01445     	0.01641     	0.01242     
1           	582         	10          	0.01499     	0.0174      	0.01248     
1           	583         	10          	0.01462     	0.017       	0.01214     
1           	584         	10          	0.01517     	0.01773     	0.0125      
1           	585         	10          	0.01493     	0.01707     	0.0127      
1           	586         	10          	0.0149      	0.01763     	0.01206     
1           	587         	10          	0.01426     	0.01643     	0.012       
1           	588         	10          	0.01457     	0.0163      	0.01277     
1           	589         	10          	0.01452     	0.01663     	0.01233     
1           	590         	10          	0.0148      	0.01746     	0.01203     
1           	591         	9.95        	0.01518     	0.01735     	0.01293     
1           	592         	9.95        	0.01626     	0.01763     	0.01483     
1           	593         	9.9         	0.01613     	0.01791     	0.01428     
1           	594         	9.95        	0.0166      	0.01912     	0.01398     
1           	595         	10          	0.01681     	0.01949     	0.01402     
1           	596         	10          	0.01687     	0.01999     	0.01362     
1           	597         	10          	0.01728     	0.02046     	0.01397     
1           	598         	10          	0.01667     	0.01972     	0.01351     
1           	599         	10          	0.01667     	0.01912     	0.01412     
1           	600         	10          	0.01777     	0.02004     	0.0154      
1           	601         	10          	0.01741     	0.01985     	0.01488     
1           	602         	10          	0.01698     	0.0191      	0.01479     
1           	603         	10          	0.01784     	0.01992     	0.01569     
1           	604         	10          	0.01811     	0.01982     	0.01634     
1           	605         	10          	0.01803     	0.02107     	0.01488     
1           	606         	10          	0.01724     	0.02002     	0.01435     
1           	607         	10          	0.01669     	0.01887     	0.01444     
1           	608         	10          	0.017       	0.02017     	0.01374     
1           	609         	10          	0.01692     	0.02052     	0.0132      
1           	610         	10          	0.01622     	0.02058     	0.01172     
1           	611         	10          	0.01649     	0.02119     	0.01164     
1           	612         	10          	0.01598     	0.02005     	0.01177     
1           	613         	10          	0.01621     	0.02021     	0.01207     
1           	614         	10          	0.01663     	0.02028     	0.01285     
1           	615         	10          	0.01582     	0.01898     	0.01255     
1           	616         	10          	0.01597     	0.01903     	0.01279     
1           	617         	10          	0.01551     	0.01898     	0.01192     
1           	618         	10          	0.01495     	0.01803     	0.01178     
1           	619         	10          	0.01576     	0.0195      	0.01191     
1           	620         	10          	0.01663     	0.02032     	0.01283     
1           	621         	10          	0.01702     	0.01988     	0.01406     
1           	622         	10          	0.01684     	0.01913     	0.01448     
1           	623         	10          	0.01632     	0.01868     	0.0139      
1           	624         	10          	0.01689     	0.0185      	0.01524     
1           	625         	10          	0.0173      	0.01959     	0.01495     
1           	626         	10          	0.01753     	0.01939     	0.01563     
1           	627         	9.95        	0.01801     	0.01874     	0.01727     
1           	628         	9.95        	0.01881     	0.01865     	0.01897     
1           	629         	10          	0.01857     	0.01889     	0.01824     
1           	630         	10          	0.01847     	0.01862     	0.01832     
1           	631         	10          	0.01794     	0.01857     	0.0173      
1           	632         	10          	0.01918     	0.01929     	0.01906     
1           	633         	10          	0.01916     	0.01838     	0.01996     
1           	634         	10          	0.01852     	0.0186      	0.01845     
1           	635         	10          	0.0189      	0.01826     	0.01956     
1           	636         	10          	0.01795     	0.01852     	0.01737     
1           	637         	10          	0.01825     	0.01956     	0.01692     
1           	638         	10          	0.01875     	0.01964     	0.01784     
1           	639         	10          	0.01928     	0.01971     	0.01885     
1           	640         	10          	0.0202      	0.02036     	0.02004     
1           	641         	10          	0.01922     	0.01906     	0.01938     
1           	642         	10          	0.01868     	0.01858     	0.01879     
1           	643         	9.95        	0.01846     	0.01792     	0.01901     
1           	644         	9.95        	0.01833     	0.01892     	0.01772     
1           	645         	9.95        	0.01786     	0.01905     	0.01663     
1           	646         	9.95        	0.01814     	0.01776     	0.01852     
1           	647         	9.95        	0.01813     	0.01793     	0.01834     
1           	648         	9.95        	0.01851     	0.01679     	0.02027     
1           	649         	10          	0.01881     	0.01664     	0.02103     
1           	650         	10          	0.01807     	0.01557     	0.02062     
1           	651         	10          	0.01816     	0.01591     	0.02048     
1           	652         	10          	0.01785     	0.01543     	0.02033     
1           	653         	10          	0.01807     	0.01572     	0.02049     
1           	654         	10          	0.01798     	0.01647     	0.01953     
1           	655         	10          	0.01835     	0.01779     	0.01893     
1           	656         	10          	0.01758     	0.01649     	0.0187      
1           	657         	10          	0.01613     	0.01575     	0.01651     
1           	658         	10          	0.01572     	0.01522     	0.01623     
1           	659         	10          	0.01592     	0.01538     	0.01648     
1           	660         	10          	0.01522     	0.01475     	0.0157      
1           	661         	10          	0.01574     	0.0154      	0.01609     
1           	662         	10          	0.01526     	0.0155      	0.01502     
1           	663         	10          	0.01603     	0.01618     	0.01588     
1           	664         	9.95        	0.01622     	0.01617     	0.01627     
1           	665         	10          	0.01656     	0.01682     	0.01629     
1           	666         	10          	0.0171      	0.01832     	0.01583     
1           	667         	10          	0.01699     	0.01833     	0.01561     
1           	668         	10          	0.01716     	0.01678     	0.01756     
1           	669         	10          	0.01714     	0.01771     	0.01655     
1           	670         	10          	0.01722     	0.01854     	0.01585     
1           	671         	9.95        	0.01694     	0.01842     	0.01543     
1           	672         	9.95        	0.01706     	0.0175      	0.0166      
1           	673         	9.95        	0.01736     	0.01817     	0.01652     
1           	674         	9.95        	0.01814     	0.01884     	0.01741     
1           	675         	9.95        	0.01899     	0.01982     	0.01812     
1           	676         	10          	0.0192      	0.01961     	0.01878     
1           	677         	9.95        	0.01899     	0.01865     	0.01934     
1           	678         	10          	0.01843     	0.01866     	0.01819     
1           	679         	9.9         	0.01855     	0.02024     	0.01679     
1           	680         	10          	0.01841     	0.01983     	0.01694     
1           	681         	10          	0.01823     	0.0192      	0.01722     
1           	682         	10          	0.01818     	0.01929     	0.01704     
1           	683         	10          	0.01869     	0.02015     	0.01718     
1           	684         	10          	0.01934     	0.02095     	0.01768     
1           	685         	10          	0.01892     	0.02126     	0.01649     
1           	686         	10          	0.01952     	0.02152     	0.01746     
1           	687         	10          	0.02015     	0.02221     	0.01804     
1           	688         	10          	0.02081     	0.02389     	0.01764     
1           	689         	10          	0.02011     	0.02289     	0.01724     
1           	690         	9.95        	0.01937     	0.0223      	0.01635     
1           	691         	9.95        	0.01955     	0.02252     	0.01648     
1           	692         	9.95        	0.01936     	0.02192     	0.01672     
1           	693         	10          	0.01964     	0.02159     	0.01763     
1           	694         	9.85        	0.01962     	0.02241     	0.01673     
1           	695         	9.95        	0.01982     	0.02231     	0.01725     
1           	696         	9.9         	0.01993     	0.0213      	0.01852     
1           	697         	9.95        	0.0189      	0.01976     	0.01801     
1           	698         	9.9         	0.01984     	0.02091     	0.01872     
1           	699         	9.95        	0.01925     	0.02031     	0.01814     
1           	700         	9.95        	0.01939     	0.02062     	0.01812     
1           	701         	9.9         	0.02081     	0.02179     	0.01979     
1           	702         	9.9         	0.02124     	0.02242     	0.02001     
1           	703         	9.95        	0.02056     	0.02136     	0.01973     
1           	704         	9.95        	0.01967     	0.02043     	0.01889     
1           	705         	9.95        	0.02001     	0.02126     	0.01871     
1           	706         	9.95        	0.02111     	0.02224     	0.01993     
1           	707         	9.95        	0.02113     	0.02267     	0.01953     
1           	708         	9.95        	0.02093     	0.02335     	0.01841     
1           	709         	9.95        	0.02033     	0.02364     	0.01688     
1           	710         	9.9         	0.02002     	0.02273     	0.01721     
1           	711         	9.9         	0.02018     	0.02291     	0.01734     
1           	712         	9.85        	0.01884     	0.02172     	0.01583     
1           	713         	9.9         	0.01855     	0.02186     	0.0151      
1           	714         	9.9         	0.01831     	0.02068     	0.01584     
1           	715         	9.95        	0.01907     	0.0219      	0.01612     
1           	716         	9.85        	0.01934     	0.02136     	0.01724     
1           	717         	9.85        	0.01848     	0.02053     	0.01634     
1           	718         	9.9         	0.01826     	0.01988     	0.01657     
1           	719         	9.9         	0.01753     	0.01851     	0.0165      
1           	720         	9.85        	0.01721     	0.01886     	0.01548     
1           	721         	9.8         	0.01717     	0.01905     	0.01519     
1           	722         	9.8         	0.01696     	0.01979     	0.01401     
1           	723         	9.8         	0.01704     	0.02016     	0.01378     
1           	724         	9.8         	0.01784     	0.02133     	0.01418     
1           	725         	9.75        	0.0179      	0.02194     	0.01367     
1           	726         	9.8         	0.01765     	0.02147     	0.01364     
1           	727         	9.85        	0.01781     	0.02117     	0.01428     
1           	728         	9.8         	0.01759     	0.02048     	0.01455     
1           	729         	9.8         	0.01898     	0.02206     	0.01575     
1           	730         	9.8         	0.0197      	0.02265     	0.01659     
1           	731         	9.8         	0.01994     	0.02233     	0.01742     
1           	732         	9.7         	0.02058     	0.02194     	0.01914     
1           	733         	9.75        	0.01983     	0.02073     	0.01888     
1           	734         	9.85        	0.01989     	0.01986     	0.01993     
1           	735         	9.85        	0.01987     	0.01922     	0.02056     
1           	736         	9.8         	0.0198      	0.01895     	0.0207      
1           	737         	9.8         	0.01954     	0.01845     	0.02069     
1           	738         	9.8         	0.01975     	0.01842     	0.02115     
1           	739         	9.75        	0.01936     	0.01887     	0.01988     
1           	740         	9.8         	0.01894     	0.01842     	0.01948     
1           	741         	9.8         	0.01918     	0.01773     	0.02072     
1           	742         	9.75        	0.01941     	0.01767     	0.02124     
1           	743         	9.75        	0.01963     	0.0187      	0.02061     
1           	744         	9.65        	0.0197      	0.01864     	0.02082     
1           	745         	9.6         	0.0201      	0.01885     	0.02142     
1           	746         	9.65        	0.01881     	0.01844     	0.01921     
1           	747         	9.7         	0.01881     	0.01911     	0.01849     
1           	748         	9.8         	0.01802     	0.01804     	0.01801     
1           	749         	9.8         	0.01757     	0.01694     	0.01824     
1           	750         	9.6         	0.01765     	0.0156      	0.01982     
1           	751         	9.65        	0.0172      	0.01569     	0.01879     
1           	752         	9.65        	0.01604     	0.01491     	0.01724     
1           	753         	9.7         	0.01582     	0.01578     	0.01587     
1           	754         	9.7         	0.01587     	0.01668     	0.015       
1           	755         	9.65        	0.01597     	0.01739     	0.01447     
1           	756         	9.7         	0.01624     	0.0186      	0.01375     
1           	757         	9.6         	0.01599     	0.01812     	0.01373     
1           	758         	9.65        	0.01602     	0.01843     	0.01348     
1           	759         	9.75        	0.01607     	0.01874     	0.01327     
1           	760         	9.75        	0.0157      	0.01843     	0.01284     
1           	761         	9.65        	0.0164      	0.01905     	0.01361     
1           	762         	9.65        	0.01643     	0.01915     	0.01358     
1           	763         	9.55        	0.01684     	0.02035     	0.01316     
1           	764         	9.65        	0.01639     	0.02097     	0.0116      
1           	765         	9.7         	0.01637     	0.02104     	0.01147     
1           	766         	9.7         	0.01651     	0.02192     	0.01084     
1           	767         	9.65        	0.01631     	0.02166     	0.01071     
1           	768         	9.65        	0.01587     	0.02096     	0.01054     
1           	769         	9.6         	0.0157      	0.02095     	0.01022     
1           	770         	9.6         	0.01598     	0.02037     	0.01139     
1           	771         	9.55        	0.01664     	0.02124     	0.01185     
1           	772         	9.45        	0.01647     	0.02015     	0.01265     
1           	773         	9.45        	0.01679     	0.02103     	0.01238     
1           	774         	9.5         	0.01677     	0.02145     	0.01188     
1           	775         	9.65        	0.01607     	0.02041     	0.01154     
1           	776         	9.7         	0.01675     	0.02113     	0.01217     
1           	777         	9.6         	0.01738     	0.02271     	0.01182     
1           	778         	9.6         	0.01657     	0.02168     	0.01124     
1           	779         	9.6         	0.01675     	0.0216      	0.01169     
1           	780         	9.6         	0.01664     	0.02195     	0.01111     
1           	781         	9.65        	0.01573     	0.02103     	0.01022     
1           	782         	9.65        	0.01447     	0.01971     	0.009025    
1           	783         	9.65        	0.01497     	0.02123     	0.008469    
1           	784         	9.65        	0.01504     	0.0205      	0.009353    
1           	785         	9.8         	0.01558     	0.02093     	0.01002     
1           	786         	9.65        	0.01565     	0.02049     	0.01061     
1           	787         	9.65        	0.01578     	0.02072     	0.01065     
1           	788         	9.6         	0.01514     	0.02013     	0.009961    
1           	789         	9.6         	0.01518     	0.02029     	0.00987     
1           	790         	9.6         	0.01478     	0.01922     	0.01017     
1           	791         	9.55        	0.01471     	0.01898     	0.01028     
1           	792         	9.6         	0.01504     	0.01896     	0.01097     
1           	793         	9.6         	0.01549     	0.01929     	0.01154     
1           	794         	9.5         	0.01642     	0.02098     	0.01168     
1           	795         	9.6         	0.01626     	0.01982     	0.01255     
1           	796         	9.5         	0.0158      	0.01862     	0.01287     
1           	797         	9.4         	0.01595     	0.01925     	0.0125      
1           	798         	9.5         	0.01489     	0.01835     	0.01127     
1           	799         	9.55        	0.01456     	0.01815     	0.0108      
1           	800         	9.5         	0.01433     	0.01797     	0.01053     
1           	801         	9.35        	0.01545     	0.01911     	0.01161     
1           	802         	9.35        	0.0158      	0.01885     	0.0126      
1           	803         	9.45        	0.01551     	0.01854     	0.01233     
1           	804         	9.5         	0.01581     	0.01821     	0.01328     
1           	805         	9.5         	0.01652     	0.01879     	0.01413     
1           	806         	9.5         	0.01641     	0.01809     	0.01465     
1           	807         	9.45        	0.01806     	0.01914     	0.01693     
1           	808         	9.35        	0.01731     	0.019       	0.01553     
1           	809         	9.35        	0.01822     	0.01995     	0.0164      
1           	810         	9.4         	0.01877     	0.02036     	0.0171      
1           	811         	9.35        	0.01936     	0.02023     	0.01846     
1           	812         	9.35        	0.02009     	0.021       	0.01913     
1           	813         	9.35        	0.02028     	0.02149     	0.01901     
1           	814         	9.55        	0.02077     	0.02321     	0.01822     
1           	815         	9.6         	0.01941     	0.022       	0.01671     
1           	816         	9.65        	0.01941     	0.02164     	0.0171      
1           	817         	9.55        	0.01996     	0.02114     	0.01873     
1           	818         	9.6         	0.0197      	0.02166     	0.01766     
1           	819         	9.6         	0.01999     	0.02228     	0.0176      
1           	820         	9.65        	0.01952     	0.02158     	0.01737     
1           	821         	9.65        	0.01949     	0.02159     	0.0173      
1           	822         	9.7         	0.01869     	0.02098     	0.0163      
1           	823         	9.55        	0.01921     	0.02159     	0.01673     
1           	824         	9.55        	0.01921     	0.02075     	0.01761     
1           	825         	9.5         	0.01937     	0.02084     	0.01784     
1           	826         	9.55        	0.0196      	0.02097     	0.01816     
1           	827         	9.7         	0.019       	0.02069     	0.01723     
1           	828         	9.8         	0.01886     	0.02026     	0.0174      
1           	829         	9.75        	0.019       	0.02096     	0.01696     
1           	830         	9.75        	0.01864     	0.02043     	0.01677     
1           	831         	9.75        	0.01883     	0.02116     	0.0164      
1           	832         	9.75        	0.01889     	0.02037     	0.01735     
1           	833         	9.7         	0.01865     	0.02107     	0.01613     
1           	834         	9.65        	0.01874     	0.02109     	0.01628     
1           	835         	9.65        	0.01944     	0.02093     	0.01787     
1           	836         	9.65        	0.01958     	0.02121     	0.01788     
1           	837         	9.5         	0.01972     	0.02102     	0.01836     
1           	838         	9.55        	0.01953     	0.02151     	0.01747     
1           	839         	9.4         	0.01893     	0.02022     	0.01759     
1           	840         	9.35        	0.01782     	0.01941     	0.01616     
1           	841         	9.35        	0.01885     	0.01964     	0.01802     
1           	842         	9.45        	0.0195      	0.0205      	0.01847     
1           	843         	9.6         	0.01851     	0.02021     	0.01673     
1           	844         	9.45        	0.01838     	0.02005     	0.01665     
1           	845         	9.45        	0.01895     	0.02046     	0.01738     
1           	846         	9.5         	0.01846     	0.01969     	0.01719     
1           	847         	9.45        	0.0182      	0.01903     	0.01734     
1           	848         	9.5         	0.01799     	0.01851     	0.01744     
1           	849         	9.55        	0.01865     	0.0196      	0.01766     
1           	850         	9.4         	0.01883     	0.01947     	0.01816     
1           	851         	9.45        	0.01848     	0.01836     	0.0186      
1           	852         	9.5         	0.01745     	0.01819     	0.01669     
1           	853         	9.45        	0.0176      	0.01844     	0.01673     
1           	854         	9.4         	0.01724     	0.01778     	0.01668     
1           	855         	9.5         	0.01787     	0.01885     	0.01685     
1           	856         	9.6         	0.01821     	0.01986     	0.0165      
1           	857         	9.55        	0.01809     	0.01978     	0.01633     
1           	858         	9.6         	0.01803     	0.02033     	0.01565     
1           	859         	9.6         	0.01865     	0.02108     	0.01614     
1           	860         	9.6         	0.01882     	0.02184     	0.01569     
1           	861         	9.65        	0.0192      	0.02298     	0.01529     
1           	862         	9.65        	0.01956     	0.02352     	0.01544     
1           	863         	9.7         	0.01993     	0.02339     	0.01634     
1           	864         	9.7         	0.01888     	0.02361     	0.01396     
1           	865         	9.7         	0.01828     	0.02323     	0.01316     
1           	866         	9.7         	0.01795     	0.02297     	0.01275     
1           	867         	9.65        	0.01767     	0.02215     	0.01303     
1           	868         	9.65        	0.01766     	0.02221     	0.01293     
1           	869         	9.65        	0.01748     	0.02148     	0.01333     
1           	870         	9.75        	0.01803     	0.02179     	0.01415     
1           	871         	9.7         	0.01808     	0.02149     	0.01456     
1           	872         	9.7         	0.01744     	0.02039     	0.01438     
1           	873         	9.65        	0.01834     	0.02162     	0.01493     
1           	874         	9.65        	0.01764     	0.02024     	0.01494     
1           	875         	9.7         	0.01758     	0.02061     	0.01444     
1           	876         	9.7         	0.01797     	0.02092     	0.01491     
1           	877         	9.75        	0.01757     	0.02003     	0.01502     
1           	878         	9.75        	0.01821     	0.02043     	0.01592     
1           	879         	9.75        	0.01809     	0.01972     	0.0164      
1           	880         	9.7         	0.0181      	0.01916     	0.01699     
1           	881         	9.8         	0.01849     	0.01949     	0.01744     
1           	882         	9.8         	0.01893     	0.01918     	0.01868     
1           	883         	9.85        	0.01843     	0.01828     	0.01858     
1           	884         	9.85        	0.01871     	0.01909     	0.01831     
1           	885         	9.85        	0.0175      	0.01736     	0.01764     
1           	886         	9.9         	0.01725     	0.0179      	0.01657     
1           	887         	9.9         	0.01761     	0.0188      	0.01637     
1           	888         	9.75        	0.01786     	0.01943     	0.01624     
1           	889         	9.85        	0.01703     	0.01877     	0.01524     
1           	890         	9.9         	0.01729     	0.01907     	0.01545     
1           	891         	9.9         	0.01736     	0.02        	0.01462     
1           	892         	9.85        	0.01755     	0.02065     	0.01434     
1           	893         	9.85        	0.01783     	0.02163     	0.01389     
1           	894         	9.85        	0.018       	0.0225      	0.01332     
1           	895         	9.9         	0.01714     	0.02207     	0.01202     
1           	896         	9.8         	0.01701     	0.02164     	0.01221     
1           	897         	9.8         	0.01674     	0.02034     	0.01301     
1           	898         	9.8         	0.01637     	0.0202      	0.01242     
1           	899         	9.8         	0.0166      	0.0201      	0.01298     
1           	900         	9.9         	0.01652     	0.01996     	0.01297     
1           	901         	9.9         	0.01741     	0.01905     	0.01571     
1           	902         	9.9         	0.0169      	0.01832     	0.01543     
1           	903         	9.9         	0.01615     	0.01719     	0.01507     
1           	904         	9.9         	0.01515     	0.01647     	0.0138      
1           	905         	9.9         	0.01475     	0.01604     	0.01342     
1           	906         	9.85        	0.01467     	0.01494     	0.01439     
1           	907         	9.9         	0.01499     	0.01531     	0.01465     
1           	908         	9.85        	0.01542     	0.01576     	0.01508     
1           	909         	9.8         	0.01596     	0.01651     	0.0154      
1           	910         	9.85        	0.01555     	0.01547     	0.01564     
1           	911         	9.85        	0.01672     	0.01682     	0.01662     
1           	912         	9.85        	0.01759     	0.0174      	0.01779     
1           	913         	9.75        	0.01642     	0.01629     	0.01656     
1           	914         	9.75        	0.0155      	0.01504     	0.01598     
1           	915         	9.8         	0.01535     	0.01523     	0.01547     
1           	916         	9.75        	0.01549     	0.01503     	0.01597     
1           	917         	9.75        	0.01466     	0.01509     	0.01421     
1           	918         	9.75        	0.01491     	0.01615     	0.01363     
1           	919         	9.85        	0.01556     	0.01675     	0.01431     
1           	920         	9.75        	0.01567     	0.01789     	0.01336     
1           	921         	9.75        	0.01515     	0.01761     	0.0126      
1           	922         	9.75        	0.01513     	0.01656     	0.01364     
1           	923         	9.8         	0.01549     	0.01704     	0.01389     
1           	924         	9.9         	0.01431     	0.01578     	0.01278     
1           	925         	9.8         	0.01476     	0.01575     	0.01373     
1           	926         	9.7         	0.01503     	0.01629     	0.01372     
1           	927         	9.7         	0.01492     	0.01653     	0.01325     
1           	928         	9.75        	0.01426     	0.01563     	0.01285     
1           	929         	9.65        	0.01367     	0.01512     	0.01217     
1           	930         	9.65        	0.01364     	0.01451     	0.01275     
1           	931         	9.8         	0.01402     	0.01533     	0.01266     
1           	932         	9.7         	0.01309     	0.01408     	0.01205     
1           	933         	9.8         	0.01346     	0.01496     	0.01189     
1           	934         	9.75        	0.01371     	0.01448     	0.0129      
1           	935         	9.75        	0.01351     	0.01438     	0.0126      
1           	936         	9.8         	0.01376     	0.01491     	0.01256     
1           	937         	9.8         	0.0139      	0.01561     	0.01211     
1           	938         	9.8         	0.01396     	0.01601     	0.01184     
1           	939         	9.75        	0.01367     	0.01547     	0.0118      
1           	940         	9.7         	0.01401     	0.0161      	0.01184     
1           	941         	9.7         	0.01413     	0.0152      	0.01302     
1           	942         	9.8         	0.01448     	0.0156      	0.01331     
1           	943         	9.7         	0.01426     	0.0159      	0.01255     
1           	944         	9.75        	0.015       	0.01667     	0.01325     
1           	945         	9.75        	0.01536     	0.01839     	0.01219     
1           	946         	9.65        	0.01544     	0.01853     	0.01221     
1           	947         	9.7         	0.01436     	0.01685     	0.01176     
1           	948         	9.7         	0.01458     	0.0173      	0.01175     
1           	949         	9.6         	0.01499     	0.01782     	0.01205     
1           	950         	9.65        	0.01492     	0.01686     	0.01289     
1           	951         	9.65        	0.01539     	0.01681     	0.01393     
1           	952         	9.65        	0.01485     	0.01595     	0.01371     
1           	953         	9.7         	0.0149      	0.01688     	0.01284     
1           	954         	9.7         	0.01533     	0.01763     	0.01295     
1           	955         	9.75        	0.01501     	0.01688     	0.01307     
1           	956         	9.9         	0.01508     	0.01766     	0.0124      
1           	957         	9.8         	0.0149      	0.01768     	0.01201     
1           	958         	9.75        	0.01457     	0.01735     	0.01167     
1           	959         	9.75        	0.01445     	0.01696     	0.01183     
1           	960         	9.75        	0.01443     	0.01702     	0.01173     
1           	961         	9.6         	0.01451     	0.01712     	0.01179     
1           	962         	9.65        	0.01525     	0.01792     	0.01247     
1           	963         	9.6         	0.01493     	0.01714     	0.01264     
1           	964         	9.65        	0.01522     	0.01791     	0.01242     
1           	965         	9.65        	0.01616     	0.01922     	0.01298     
1           	966         	9.7         	0.01572     	0.01875     	0.01257     
1           	967         	9.7         	0.01603     	0.01839     	0.01357     
1           	968         	9.7         	0.01639     	0.01932     	0.01334     
1           	969         	9.85        	0.01695     	0.0196      	0.0142      
1           	970         	9.9         	0.01703     	0.0206      	0.01332     
1           	971         	9.9         	0.01729     	0.02124     	0.01318     
1           	972         	9.8         	0.01705     	0.02066     	0.0133      
1           	973         	9.8         	0.01676     	0.0206      	0.01277     
1           	974         	9.75        	0.01681     	0.02038     	0.01309     
1           	975         	9.8         	0.01672     	0.02042     	0.01286     
1           	976         	9.7         	0.01658     	0.01952     	0.01353     
1           	977         	9.65        	0.01721     	0.02002     	0.01429     
1           	978         	9.8         	0.01755     	0.02044     	0.01455     
1           	979         	9.75        	0.01737     	0.01977     	0.01487     
1           	980         	9.75        	0.01715     	0.0201      	0.01408     
1           	981         	9.85        	0.01742     	0.02071     	0.01398     
1           	982         	9.9         	0.01776     	0.02037     	0.01504     
1           	983         	9.9         	0.01695     	0.01902     	0.01478     
1           	984         	9.85        	0.01654     	0.01893     	0.01405     
1           	985         	9.9         	0.01685     	0.01898     	0.01462     
1           	986         	9.85        	0.0159      	0.01722     	0.01452     
1           	987         	9.85        	0.01598     	0.01793     	0.01395     
1           	988         	9.95        	0.0172      	0.0187      	0.01564     
1           	989         	9.9         	0.01882     	0.01957     	0.01802     
1           	990         	9.9         	0.01927     	0.02022     	0.01828     
1           	991         	9.85        	0.01917     	0.02051     	0.01777     
1           	992         	9.8         	0.01965     	0.02        	0.01928     
1           	993         	9.85        	0.01964     	0.01978     	0.0195      
1           	994         	9.9         	0.01994     	0.0196      	0.0203      
1           	995         	9.9         	0.02044     	0.01906     	0.02189     
1           	996         	9.85        	0.02141     	0.02147     	0.02136     
1           	997         	9.8         	0.02139     	0.02107     	0.02173     
1           	998         	9.8         	0.0223      	0.02276     	0.02181     
1           	999         	9.85        	0.02236     	0.02332     	0.02135     
1           	1000        	9.8         	0.02193     	0.02334     	0.02046     
