generation  	n.adlt.nbAll	n.adlt.fst  	n.adlt.fst_l1	n.adlt.fst_l2	alive.rpl   
1           	5.5         	0.5055      	1           	1.984e-05   	1           
2           	10          	0.4051      	0.8013      	0.0003059   	1           
3           	10          	0.3206      	0.6335      	0.0006606   	1           
4           	10          	0.2503      	0.4947      	0.0006309   	1           
5           	10          	0.2007      	0.3962      	0.0008855   	1           
6           	10          	0.1563      	0.3082      	0.001057    	1           
7           	10          	0.126       	0.2477      	0.001558    	1           
8           	10          	0.09897     	0.1944      	0.001402    	1           
9           	10          	0.07696     	0.1511      	0.001148    	1           
10          	10          	0.06131     	0.1201      	0.001174    	1           
11          	10          	0.04761     	0.0927      	0.001481    	1           
12          	10          	0.03897     	0.07512     	0.001976    	1           
13          	10          	0.03112     	0.05942     	0.00213     	1           
14          	10          	0.02481     	0.04719     	0.001926    	1           
15          	10          	0.01899     	0.03601     	0.001572    	1           
16          	10          	0.01448     	0.02713     	0.00152     	1           
17          	10          	0.01128     	0.02124     	0.001106    	1           
18          	10          	0.009021    	0.01625     	0.001635    	1           
19          	10          	0.007039    	0.01241     	0.001548    	1           
20          	10          	0.006396    	0.01066     	0.002041    	1           
21          	10          	0.005602    	0.008994    	0.002142    	1           
22          	10          	0.004367    	0.006851    	0.001831    	1           
23          	10          	0.003676    	0.005613    	0.001698    	1           
24          	10          	0.003035    	0.004555    	0.001484    	1           
25          	10          	0.002728    	0.003907    	0.001525    	1           
26          	10          	0.002412    	0.003346    	0.001458    	1           
27          	10          	0.002097    	0.002801    	0.001379    	1           
28          	10          	0.002212    	0.002599    	0.001816    	1           
29          	10          	0.002052    	0.002222    	0.001879    	1           
30          	10          	0.00182     	0.001958    	0.00168     	1           
31          	10          	0.00193     	0.002231    	0.001623    	1           
32          	10          	0.001927    	0.002039    	0.001813    	1           
33          	10          	0.001731    	0.001726    	0.001736    	1           
34          	10          	0.001542    	0.001601    	0.001483    	1           
35          	10          	0.001945    	0.002021    	0.001867    	1           
36          	10          	0.001574    	0.001573    	0.001576    	1           
37          	10          	0.001643    	0.001481    	0.001808    	1           
38          	10          	0.001484    	0.00143     	0.001539    	1           
39          	10          	0.001387    	0.001031    	0.001749    	1           
40          	10          	0.00157     	0.00164     	0.001498    	1           
41          	10          	0.001884    	0.001934    	0.001834    	1           
42          	10          	0.001741    	0.001912    	0.001567    	1           
43          	10          	0.001715    	0.001862    	0.001566    	1           
44          	10          	0.001498    	0.001721    	0.001271    	1           
45          	10          	0.001434    	0.001997    	0.0008626   	1           
46          	10          	0.001344    	0.002001    	0.0006776   	1           
47          	10          	0.001351    	0.002031    	0.0006624   	1           
48          	10          	0.001265    	0.001959    	0.000561    	1           
49          	10          	0.001257    	0.001865    	0.0006392   	1           
50          	10          	0.001105    	0.001427    	0.000779    	1           
51          	10          	0.001123    	0.001233    	0.001011    	1           
52          	10          	0.001365    	0.001319    	0.001412    	1           
53          	10          	0.001185    	0.001166    	0.001205    	1           
54          	10          	0.001016    	0.001206    	0.0008237   	1           
55          	10          	0.001112    	0.001378    	0.0008421   	1           
56          	10          	0.001229    	0.001165    	0.001294    	1           
57          	10          	0.001301    	0.001197    	0.001407    	1           
58          	10          	0.001313    	0.001273    	0.001353    	1           
59          	10          	0.001188    	0.001444    	0.0009279   	1           
60          	10          	0.0009922   	0.00121     	0.0007712   	1           
61          	10          	0.001034    	0.001375    	0.0006873   	1           
62          	10          	0.001222    	0.00126     	0.001184    	1           
63          	10          	0.001298    	0.001097    	0.001502    	1           
64          	10          	0.001165    	0.0009523   	0.00138     	1           
65          	10          	0.00137     	0.00115     	0.001594    	1           
66          	10          	0.001365    	0.001274    	0.001458    	1           
67          	10          	0.001375    	0.001326    	0.001426    	1           
68          	10          	0.001572    	0.001678    	0.001464    	1           
69          	10          	0.001599    	0.001538    	0.001661    	1           
70          	10          	0.001519    	0.001657    	0.001378    	1           
71          	10          	0.001542    	0.00139     	0.001697    	1           
72          	10          	0.001261    	0.001274    	0.001249    	1           
73          	10          	0.001445    	0.001517    	0.001372    	1           
74          	10          	0.001312    	0.001239    	0.001385    	1           
75          	10          	0.001239    	0.001309    	0.001168    	1           
76          	10          	0.001261    	0.001499    	0.00102     	1           
77          	10          	0.00135     	0.001561    	0.001136    	1           
78          	10          	0.001303    	0.001181    	0.001427    	1           
79          	10          	0.001483    	0.001222    	0.001749    	1           
80          	10          	0.001576    	0.001101    	0.002059    	1           
81          	10          	0.001606    	0.001253    	0.001965    	1           
82          	10          	0.00175     	0.001426    	0.002079    	1           
83          	10          	0.001927    	0.001484    	0.002378    	1           
84          	10          	0.002065    	0.001612    	0.002527    	1           
85          	10          	0.001958    	0.001744    	0.002177    	1           
86          	10          	0.00158     	0.001377    	0.001787    	1           
87          	10          	0.001373    	0.001073    	0.001678    	1           
88          	10          	0.001436    	0.001021    	0.001859    	1           
89          	10          	0.001416    	0.0009144   	0.001928    	1           
90          	10          	0.001211    	0.001042    	0.001383    	1           
91          	10          	0.00139     	0.001297    	0.001485    	1           
92          	10          	0.001539    	0.001712    	0.001363    	1           
93          	10          	0.001452    	0.001697    	0.001202    	1           
94          	10          	0.001305    	0.001598    	0.001006    	1           
95          	10          	0.001465    	0.001779    	0.001145    	1           
96          	10          	0.001641    	0.001917    	0.001359    	1           
97          	10          	0.00156     	0.001754    	0.001362    	1           
98          	10          	0.001601    	0.00199     	0.001204    	1           
99          	10          	0.001664    	0.002026    	0.001294    	1           
100         	10          	0.001667    	0.002049    	0.001279    	1           
101         	10          	0.001639    	0.001741    	0.001536    	1           
102         	10          	0.001684    	0.001914    	0.00145     	1           
103         	10          	0.001547    	0.001697    	0.001394    	1           
104         	10          	0.001491    	0.001491    	0.00149     	1           
105         	10          	0.001503    	0.001635    	0.001369    	1           
106         	10          	0.001586    	0.001724    	0.001446    	1           
107         	10          	0.001939    	0.001846    	0.002033    	1           
108         	10          	0.001741    	0.001581    	0.001904    	1           
109         	10          	0.001873    	0.001664    	0.002086    	1           
110         	10          	0.001806    	0.001779    	0.001833    	1           
111         	10          	0.001623    	0.001532    	0.001715    	1           
112         	10          	0.001192    	0.001024    	0.001363    	1           
113         	10          	0.001462    	0.001247    	0.001682    	1           
114         	10          	0.001637    	0.001314    	0.001966    	1           
115         	10          	0.00173     	0.001554    	0.00191     	1           
116         	10          	0.001643    	0.001705    	0.001581    	1           
117         	10          	0.001743    	0.001952    	0.00153     	1           
118         	10          	0.001519    	0.001486    	0.001552    	1           
119         	10          	0.00149     	0.001768    	0.001207    	1           
120         	10          	0.001967    	0.002025    	0.001907    	1           
121         	10          	0.001985    	0.002067    	0.0019      	1           
122         	10          	0.001932    	0.001909    	0.001956    	1           
123         	10          	0.00189     	0.002021    	0.001757    	1           
124         	10          	0.001734    	0.001899    	0.001565    	1           
125         	10          	0.001731    	0.001668    	0.001794    	1           
126         	10          	0.001709    	0.001542    	0.001879    	1           
127         	10          	0.001486    	0.001492    	0.001479    	1           
128         	10          	0.001505    	0.001655    	0.001352    	1           
129         	10          	0.001661    	0.001741    	0.00158     	1           
130         	10          	0.001663    	0.001799    	0.001525    	1           
131         	10          	0.001694    	0.001791    	0.001596    	1           
132         	10          	0.001699    	0.001675    	0.001724    	1           
133         	10          	0.001692    	0.001308    	0.002083    	1           
134         	10          	0.001873    	0.001544    	0.002209    	1           
135         	10          	0.001954    	0.001734    	0.002178    	1           
136         	10          	0.001531    	0.001306    	0.001761    	1           
137         	10          	0.001543    	0.001282    	0.001808    	1           
138         	10          	0.001541    	0.001223    	0.001865    	1           
139         	10          	0.001423    	0.001438    	0.001407    	1           
140         	10          	0.001338    	0.00125     	0.001427    	1           
141         	10          	0.001398    	0.001174    	0.001626    	1           
142         	10          	0.001553    	0.001431    	0.001677    	1           
143         	10          	0.001625    	0.001372    	0.001881    	1           
144         	10          	0.001718    	0.001381    	0.002059    	1           
145         	10          	0.001766    	0.001522    	0.002015    	1           
146         	10          	0.001967    	0.001796    	0.002141    	1           
147         	10          	0.001962    	0.001708    	0.002221    	1           
148         	10          	0.002387    	0.002437    	0.002337    	1           
149         	10          	0.002382    	0.00242     	0.002344    	1           
150         	10          	0.001895    	0.001919    	0.001871    	1           
151         	10          	0.00175     	0.001595    	0.001906    	1           
152         	10          	0.001635    	0.001472    	0.0018      	1           
153         	10          	0.001495    	0.001372    	0.001619    	1           
154         	10          	0.00158     	0.001237    	0.001928    	1           
155         	10          	0.001369    	0.001268    	0.001471    	1           
156         	10          	0.001527    	0.001447    	0.001608    	1           
157         	10          	0.001589    	0.001232    	0.001951    	1           
158         	10          	0.001584    	0.001627    	0.00154     	1           
159         	10          	0.001807    	0.001763    	0.001851    	1           
160         	10          	0.001912    	0.00182     	0.002006    	1           
161         	10          	0.001727    	0.001704    	0.00175     	1           
162         	10          	0.001646    	0.001363    	0.001933    	1           
163         	10          	0.001229    	0.001074    	0.001386    	1           
164         	10          	0.001387    	0.001058    	0.00172     	1           
165         	10          	0.001585    	0.001219    	0.001954    	1           
166         	10          	0.00168     	0.001557    	0.001804    	1           
167         	10          	0.001795    	0.001993    	0.001596    	1           
168         	10          	0.001621    	0.001564    	0.001679    	1           
169         	10          	0.001397    	0.001271    	0.001525    	1           
170         	10          	0.001307    	0.00129     	0.001324    	1           
171         	10          	0.001424    	0.001421    	0.001427    	1           
172         	10          	0.001479    	0.001527    	0.001429    	1           
173         	10          	0.001364    	0.001563    	0.001161    	1           
174         	10          	0.001344    	0.001315    	0.001373    	1           
175         	10          	0.001321    	0.001177    	0.001467    	1           
176         	10          	0.001282    	0.001161    	0.001405    	1           
177         	10          	0.001456    	0.001367    	0.001547    	1           
178         	10          	0.001594    	0.001545    	0.001642    	1           
179         	10          	0.00176     	0.001554    	0.00197     	1           
180         	10          	0.001555    	0.001707    	0.001402    	1           
181         	10          	0.001766    	0.001537    	0.001998    	1           
182         	10          	0.001748    	0.001424    	0.002075    	1           
183         	10          	0.001695    	0.001164    	0.002233    	1           
184         	10          	0.001619    	0.00114     	0.002104    	1           
185         	10          	0.001596    	0.001184    	0.002013    	1           
186         	10          	0.001613    	0.001211    	0.002021    	1           
187         	10          	0.001859    	0.001349    	0.002376    	1           
188         	10          	0.001521    	0.001058    	0.001992    	1           
189         	10          	0.001376    	0.0009392   	0.001821    	1           
190         	10          	0.001594    	0.001346    	0.001847    	1           
191         	10          	0.001378    	0.00122     	0.00154     	1           
192         	10          	0.001699    	0.001643    	0.001755    	1           
193         	10          	0.00148     	0.001204    	0.00176     	1           
194         	10          	0.001693    	0.001202    	0.002193    	1           
195         	10          	0.001858    	0.001575    	0.002145    	1           
196         	10          	0.001797    	0.001502    	0.002097    	1           
197         	10          	0.001927    	0.001463    	0.002399    	1           
198         	10          	0.00193     	0.001612    	0.002255    	1           
199         	10          	0.001515    	0.001133    	0.001903    	1           
200         	10          	0.001633    	0.00139     	0.001882    	1           
201         	10          	0.001455    	0.001319    	0.001594    	1           
202         	10          	0.001268    	0.001209    	0.001327    	1           
203         	10          	0.001229    	0.001302    	0.001153    	1           
204         	10          	0.001069    	0.001139    	0.0009983   	1           
205         	10          	0.001186    	0.001254    	0.001118    	1           
206         	10          	0.0009049   	0.0008662   	0.0009442   	1           
207         	10          	0.001375    	0.001268    	0.001484    	1           
208         	10          	0.001463    	0.0015      	0.001426    	1           
209         	10          	0.00154     	0.001499    	0.001581    	1           
210         	10          	0.001714    	0.001923    	0.001502    	1           
211         	10          	0.001376    	0.00123     	0.001524    	1           
212         	10          	0.001661    	0.00127     	0.002057    	1           
213         	10          	0.001612    	0.001319    	0.001909    	1           
214         	10          	0.001649    	0.001585    	0.001714    	1           
215         	10          	0.001583    	0.001452    	0.001715    	1           
216         	10          	0.001815    	0.001674    	0.001958    	1           
217         	10          	0.001732    	0.001571    	0.001895    	1           
218         	10          	0.00193     	0.001965    	0.001894    	1           
219         	10          	0.001947    	0.001965    	0.001929    	1           
220         	10          	0.001793    	0.001808    	0.001778    	1           
221         	10          	0.001835    	0.001459    	0.002217    	1           
222         	10          	0.001967    	0.001897    	0.002039    	1           
223         	10          	0.001703    	0.00149     	0.001918    	1           
224         	10          	0.001485    	0.001272    	0.001702    	1           
225         	10          	0.00178     	0.001513    	0.002052    	1           
226         	10          	0.001567    	0.001559    	0.001575    	1           
227         	10          	0.001626    	0.001723    	0.001528    	1           
228         	10          	0.001792    	0.002135    	0.001444    	1           
229         	10          	0.001673    	0.002257    	0.00108     	1           
230         	10          	0.001617    	0.002052    	0.001175    	1           
231         	10          	0.001739    	0.00193     	0.001545    	1           
232         	10          	0.001695    	0.001975    	0.00141     	1           
233         	10          	0.00169     	0.001953    	0.001423    	1           
234         	10          	0.00177     	0.001935    	0.001603    	1           
235         	10          	0.001801    	0.001719    	0.001883    	1           
236         	10          	0.001691    	0.00145     	0.001936    	1           
237         	10          	0.001511    	0.001147    	0.00188     	1           
238         	10          	0.001692    	0.001401    	0.001986    	1           
239         	10          	0.001581    	0.00151     	0.001654    	1           
240         	10          	0.001689    	0.001955    	0.001418    	1           
241         	10          	0.001688    	0.001784    	0.001592    	1           
242         	10          	0.001932    	0.001956    	0.001908    	1           
243         	10          	0.001949    	0.001962    	0.001937    	1           
244         	10          	0.001743    	0.001632    	0.001856    	1           
245         	10          	0.001474    	0.001184    	0.001768    	1           
246         	10          	0.00163     	0.001442    	0.00182     	1           
247         	10          	0.001525    	0.001314    	0.001738    	1           
248         	10          	0.001806    	0.001645    	0.001969    	1           
249         	10          	0.001877    	0.001822    	0.001934    	1           
250         	10          	0.002099    	0.002067    	0.002132    	1           
251         	10          	0.002035    	0.002106    	0.001964    	1           
252         	10          	0.001782    	0.001842    	0.001722    	1           
253         	10          	0.001434    	0.001769    	0.001096    	1           
254         	10          	0.001459    	0.001798    	0.001116    	1           
255         	10          	0.00139     	0.001544    	0.001236    	1           
256         	10          	0.0014      	0.001576    	0.001221    	1           
257         	10          	0.001309    	0.001525    	0.001091    	1           
258         	10          	0.001546    	0.001616    	0.001475    	1           
259         	10          	0.001595    	0.001487    	0.001704    	1           
260         	10          	0.00162     	0.001192    	0.002053    	1           
261         	10          	0.00159     	0.001231    	0.001954    	1           
262         	10          	0.001748    	0.001451    	0.002048    	1           
263         	10          	0.001854    	0.001762    	0.001948    	1           
264         	10          	0.001733    	0.001752    	0.001713    	1           
265         	10          	0.001767    	0.001606    	0.001929    	1           
266         	10          	0.001765    	0.001629    	0.001902    	1           
267         	10          	0.001698    	0.001683    	0.001714    	1           
268         	10          	0.001772    	0.001819    	0.001724    	1           
269         	10          	0.001576    	0.001513    	0.001639    	1           
270         	10          	0.001492    	0.001466    	0.001518    	1           
271         	10          	0.001286    	0.001404    	0.001167    	1           
272         	10          	0.001256    	0.00123     	0.001283    	1           
273         	10          	0.001365    	0.001261    	0.00147     	1           
274         	10          	0.001335    	0.00134     	0.00133     	1           
275         	10          	0.001467    	0.001328    	0.001607    	1           
276         	10          	0.001451    	0.001264    	0.001641    	1           
277         	10          	0.001561    	0.001398    	0.001726    	1           
278         	10          	0.001493    	0.00137     	0.001617    	1           
279         	10          	0.00157     	0.001632    	0.001507    	1           
280         	10          	0.001756    	0.001809    	0.001703    	1           
281         	10          	0.001638    	0.001771    	0.001503    	1           
282         	10          	0.001711    	0.002067    	0.00135     	1           
283         	10          	0.001867    	0.001952    	0.00178     	1           
284         	10          	0.00164     	0.002001    	0.001273    	1           
285         	10          	0.001697    	0.002028    	0.001362    	1           
286         	10          	0.001563    	0.001832    	0.001289    	1           
287         	10          	0.001619    	0.001648    	0.00159     	1           
288         	10          	0.001777    	0.001965    	0.001586    	1           
289         	10          	0.001559    	0.001636    	0.001481    	1           
290         	10          	0.001481    	0.001391    	0.001571    	1           
291         	10          	0.001531    	0.001547    	0.001514    	1           
292         	10          	0.001614    	0.001818    	0.001409    	1           
293         	10          	0.001719    	0.001695    	0.001745    	1           
294         	10          	0.001602    	0.001419    	0.001788    	1           
295         	10          	0.001615    	0.001336    	0.001897    	1           
296         	10          	0.00167     	0.001188    	0.002159    	1           
297         	10          	0.00177     	0.001241    	0.002304    	1           
298         	10          	0.002185    	0.001589    	0.002787    	1           
299         	10          	0.002138    	0.001841    	0.002437    	1           
300         	10          	0.002045    	0.002041    	0.002049    	1           
301         	10          	0.002135    	0.001927    	0.002345    	1           
302         	10          	0.002046    	0.001907    	0.002185    	1           
303         	10          	0.001811    	0.001534    	0.00209     	1           
304         	10          	0.001848    	0.001633    	0.002066    	1           
305         	10          	0.001451    	0.001311    	0.001592    	1           
306         	10          	0.001452    	0.001272    	0.001635    	1           
307         	10          	0.001727    	0.001679    	0.001775    	1           
308         	10          	0.00163     	0.001632    	0.001629    	1           
309         	10          	0.00142     	0.001236    	0.001607    	1           
310         	10          	0.001284    	0.001122    	0.001448    	1           
311         	10          	0.001674    	0.001313    	0.00204     	1           
312         	10          	0.001549    	0.0014      	0.001699    	1           
313         	10          	0.001625    	0.001432    	0.001821    	1           
314         	10          	0.001669    	0.001315    	0.002028    	1           
315         	10          	0.001653    	0.001352    	0.001958    	1           
316         	10          	0.00161     	0.001275    	0.001949    	1           
317         	10          	0.001686    	0.00136     	0.002016    	1           
318         	10          	0.001804    	0.001592    	0.002021    	1           
319         	10          	0.001871    	0.001824    	0.001918    	1           
320         	10          	0.001695    	0.001496    	0.001896    	1           
321         	10          	0.001628    	0.001381    	0.001879    	1           
322         	10          	0.001684    	0.001284    	0.002089    	1           
323         	10          	0.001544    	0.001118    	0.001977    	1           
324         	10          	0.001674    	0.001193    	0.002162    	1           
325         	10          	0.001728    	0.001141    	0.002325    	1           
326         	10          	0.001671    	0.001201    	0.002147    	1           
327         	10          	0.002039    	0.001443    	0.002644    	1           
328         	10          	0.002065    	0.001621    	0.002514    	1           
329         	10          	0.001952    	0.00155     	0.002359    	1           
330         	10          	0.002294    	0.001845    	0.002748    	1           
331         	10          	0.002044    	0.002041    	0.002048    	1           
332         	10          	0.002022    	0.002094    	0.001948    	1           
333         	10          	0.001706    	0.001782    	0.001629    	1           
334         	10          	0.001649    	0.001833    	0.001463    	1           
335         	10          	0.001491    	0.001551    	0.00143     	1           
336         	10          	0.001676    	0.001519    	0.001835    	1           
337         	10          	0.001645    	0.0017      	0.001588    	1           
338         	10          	0.001829    	0.001979    	0.001678    	1           
339         	10          	0.001667    	0.001901    	0.00143     	1           
340         	10          	0.00151     	0.001704    	0.001315    	1           
341         	10          	0.001652    	0.001869    	0.001432    	1           
342         	10          	0.001782    	0.002144    	0.001417    	1           
343         	10          	0.00177     	0.002168    	0.001369    	1           
344         	10          	0.001879    	0.002172    	0.001584    	1           
345         	10          	0.001768    	0.001897    	0.001639    	1           
346         	10          	0.00149     	0.001679    	0.0013      	1           
347         	10          	0.001511    	0.001507    	0.001515    	1           
348         	10          	0.001551    	0.001525    	0.001577    	1           
349         	10          	0.001553    	0.001442    	0.001665    	1           
350         	10          	0.001557    	0.001562    	0.001551    	1           
351         	10          	0.002009    	0.001902    	0.002117    	1           
352         	10          	0.002121    	0.001629    	0.002618    	1           
353         	10          	0.002147    	0.001489    	0.002811    	1           
354         	10          	0.002443    	0.001661    	0.003232    	1           
355         	10          	0.002218    	0.001395    	0.003049    	1           
356         	10          	0.001916    	0.001244    	0.002594    	1           
357         	10          	0.001965    	0.0008678   	0.003074    	1           
358         	10          	0.001687    	0.001042    	0.002338    	1           
359         	10          	0.001882    	0.001395    	0.002374    	1           
360         	10          	0.001748    	0.001467    	0.002032    	1           
361         	10          	0.001522    	0.00165     	0.001393    	1           
362         	10          	0.001406    	0.001495    	0.001317    	1           
363         	10          	0.00116     	0.001525    	0.0007894   	1           
364         	10          	0.001441    	0.001663    	0.001215    	1           
365         	10          	0.001187    	0.001475    	0.0008951   	1           
366         	10          	0.001431    	0.001431    	0.001431    	1           
367         	10          	0.001477    	0.00134     	0.001617    	1           
368         	10          	0.001647    	0.00134     	0.001959    	1           
369         	10          	0.00158     	0.001444    	0.001718    	1           
370         	10          	0.001456    	0.001357    	0.001556    	1           
371         	10          	0.001662    	0.001621    	0.001704    	1           
372         	10          	0.001409    	0.001437    	0.00138     	1           
373         	10          	0.001429    	0.001509    	0.001348    	1           
374         	10          	0.001517    	0.001589    	0.001443    	1           
375         	10          	0.00148     	0.001421    	0.001541    	1           
376         	10          	0.001602    	0.00158     	0.001624    	1           
377         	10          	0.001266    	0.001121    	0.001413    	1           
378         	10          	0.001386    	0.001247    	0.001528    	1           
379         	10          	0.00128     	0.00131     	0.001249    	1           
380         	10          	0.001398    	0.00159     	0.001202    	1           
381         	10          	0.001535    	0.001697    	0.001371    	1           
382         	10          	0.001454    	0.001535    	0.001371    	1           
383         	10          	0.001579    	0.001664    	0.001493    	1           
384         	10          	0.001381    	0.00137     	0.001393    	1           
385         	10          	0.00139     	0.001543    	0.001235    	1           
386         	10          	0.001242    	0.00143     	0.001051    	1           
387         	10          	0.001354    	0.001608    	0.001096    	1           
388         	10          	0.001409    	0.001648    	0.001167    	1           
389         	10          	0.001436    	0.001702    	0.001165    	1           
390         	10          	0.001313    	0.001575    	0.001047    	1           
391         	10          	0.001611    	0.002051    	0.001164    	1           
392         	10          	0.001857    	0.002619    	0.001083    	1           
393         	10          	0.001685    	0.00233     	0.00103     	1           
394         	10          	0.001753    	0.002347    	0.001148    	1           
395         	10          	0.001601    	0.002192    	0.0009997   	1           
396         	10          	0.001615    	0.002048    	0.001174    	1           
397         	10          	0.001409    	0.001678    	0.001135    	1           
398         	10          	0.00143     	0.001599    	0.001259    	1           
399         	10          	0.001515    	0.001733    	0.001292    	1           
400         	10          	0.00184     	0.002141    	0.001532    	1           
401         	10          	0.001959    	0.00235     	0.001558    	1           
402         	10          	0.002205    	0.002771    	0.001626    	1           
403         	10          	0.001977    	0.002254    	0.001692    	1           
404         	10          	0.002047    	0.002608    	0.001472    	1           
405         	10          	0.002328    	0.002667    	0.001979    	1           
406         	10          	0.002652    	0.002664    	0.00264     	1           
407         	10          	0.002772    	0.002711    	0.002835    	1           
408         	10          	0.002437    	0.002331    	0.002546    	1           
409         	10          	0.002933    	0.00261     	0.003264    	1           
410         	10          	0.002753    	0.002661    	0.002848    	1           
411         	10          	0.002571    	0.002427    	0.002719    	1           
412         	10          	0.002834    	0.002522    	0.003153    	1           
413         	10          	0.002728    	0.002548    	0.002911    	1           
414         	10          	0.002378    	0.001957    	0.002808    	1           
415         	10          	0.002186    	0.001811    	0.002568    	1           
416         	10          	0.002226    	0.001684    	0.002778    	1           
417         	10          	0.002275    	0.00212     	0.002433    	1           
418         	10          	0.002259    	0.001877    	0.002649    	1           
419         	10          	0.001805    	0.001753    	0.001857    	1           
420         	10          	0.001514    	0.001569    	0.001457    	1           
421         	10          	0.001706    	0.001843    	0.001567    	1           
422         	10          	0.001675    	0.001906    	0.001441    	1           
423         	10          	0.001723    	0.001775    	0.001671    	1           
424         	10          	0.001697    	0.00173     	0.001662    	1           
425         	10          	0.001741    	0.001792    	0.001689    	1           
426         	10          	0.001761    	0.001946    	0.001571    	1           
427         	10          	0.00187     	0.001827    	0.001914    	1           
428         	10          	0.001925    	0.001894    	0.001956    	1           
429         	10          	0.001801    	0.001707    	0.001897    	1           
430         	10          	0.001883    	0.001771    	0.001999    	1           
431         	10          	0.001597    	0.001336    	0.001865    	1           
432         	10          	0.002003    	0.001526    	0.002492    	1           
433         	10          	0.001936    	0.00175     	0.002126    	1           
434         	10          	0.001723    	0.001602    	0.001846    	1           
435         	10          	0.001658    	0.001495    	0.001825    	1           
436         	10          	0.001556    	0.001389    	0.001727    	1           
437         	10          	0.001423    	0.001244    	0.001605    	1           
438         	10          	0.00163     	0.001205    	0.002063    	1           
439         	10          	0.001899    	0.001326    	0.002483    	1           
440         	10          	0.002146    	0.001544    	0.002757    	1           
441         	10          	0.002065    	0.001816    	0.002319    	1           
442         	10          	0.001863    	0.001748    	0.00198     	1           
443         	10          	0.001571    	0.001349    	0.001797    	1           
444         	10          	0.001652    	0.001438    	0.00187     	1           
445         	10          	0.001358    	0.001285    	0.001433    	1           
446         	10          	0.001459    	0.001273    	0.001648    	1           
447         	10          	0.001306    	0.001256    	0.001357    	1           
448         	10          	0.001455    	0.001428    	0.001482    	1           
449         	10          	0.001564    	0.001451    	0.00168     	1           
450         	10          	0.001676    	0.001488    	0.001867    	1           
451         	10          	0.001508    	0.001439    	0.001579    	1           
452         	10          	0.00149     	0.001572    	0.001407    	1           
453         	10          	0.001592    	0.00176     	0.001422    	1           
454         	10          	0.001382    	0.001535    	0.001226    	1           
455         	10          	0.001416    	0.001503    	0.001328    	1           
456         	10          	0.001686    	0.001608    	0.001766    	1           
457         	10          	0.001922    	0.001585    	0.002266    	1           
458         	10          	0.001846    	0.001652    	0.002044    	1           
459         	10          	0.001666    	0.001768    	0.001561    	1           
460         	10          	0.00203     	0.002186    	0.00187     	1           
461         	10          	0.001846    	0.00181     	0.001881    	1           
462         	10          	0.001758    	0.001726    	0.00179     	1           
463         	10          	0.001767    	0.00153     	0.002009    	1           
464         	10          	0.00185     	0.001352    	0.002357    	1           
465         	10          	0.001979    	0.001384    	0.002585    	1           
466         	10          	0.001853    	0.001648    	0.002061    	1           
467         	10          	0.001653    	0.001652    	0.001654    	1           
468         	10          	0.001582    	0.001632    	0.00153     	1           
469         	10          	0.001692    	0.001717    	0.001667    	1           
470         	10          	0.001456    	0.001222    	0.001694    	1           
471         	10          	0.001345    	0.001209    	0.001483    	1           
472         	10          	0.001417    	0.001201    	0.001638    	1           
473         	10          	0.001331    	0.0009735   	0.001694    	1           
474         	10          	0.001369    	0.001066    	0.001678    	1           
475         	10          	0.001406    	0.0008671   	0.001955    	1           
476         	10          	0.001576    	0.0008986   	0.002268    	1           
477         	10          	0.001353    	0.0009051   	0.00181     	1           
478         	10          	0.001345    	0.001064    	0.001631    	1           
479         	10          	0.001423    	0.001157    	0.001694    	1           
480         	10          	0.00119     	0.001028    	0.001355    	1           
481         	10          	0.001328    	0.001252    	0.001405    	1           
482         	10          	0.001416    	0.0016      	0.001229    	1           
483         	10          	0.001684    	0.002078    	0.001284    	1           
484         	10          	0.00165     	0.001881    	0.001415    	1           
485         	10          	0.001672    	0.001799    	0.001542    	1           
486         	10          	0.001401    	0.001585    	0.001215    	1           
487         	10          	0.00147     	0.001907    	0.001027    	1           
488         	10          	0.001457    	0.001632    	0.001279    	1           
489         	10          	0.001575    	0.001695    	0.001453    	1           
490         	10          	0.001676    	0.001452    	0.001904    	1           
491         	10          	0.001602    	0.001434    	0.001773    	1           
492         	10          	0.001578    	0.001375    	0.001785    	1           
493         	10          	0.0016      	0.001334    	0.001872    	1           
494         	10          	0.001486    	0.001051    	0.001928    	1           
495         	10          	0.00137     	0.001322    	0.001418    	1           
496         	10          	0.001389    	0.001587    	0.001189    	1           
497         	10          	0.001718    	0.001771    	0.001663    	1           
498         	10          	0.001878    	0.002223    	0.001527    	1           
499         	10          	0.0019      	0.002267    	0.001527    	1           
500         	10          	0.001783    	0.002096    	0.001465    	1           
501         	10          	0.001747    	0.002006    	0.001485    	1           
502         	10          	0.001516    	0.001562    	0.00147     	1           
503         	10          	0.001437    	0.001501    	0.001371    	1           
504         	10          	0.001651    	0.001814    	0.001487    	1           
505         	10          	0.001652    	0.002143    	0.001155    	1           
506         	10          	0.001635    	0.00211     	0.001154    	1           
507         	10          	0.001523    	0.001961    	0.00108     	1           
508         	10          	0.001328    	0.001718    	0.0009349   	1           
509         	10          	0.00147     	0.001829    	0.001109    	1           
510         	10          	0.001397    	0.001748    	0.001043    	1           
511         	10          	0.001462    	0.001655    	0.001268    	1           
512         	10          	0.001724    	0.001712    	0.001737    	1           
513         	10          	0.001559    	0.001376    	0.001744    	1           
514         	10          	0.001493    	0.001236    	0.00175     	1           
515         	10          	0.001647    	0.001516    	0.001779    	1           
516         	10          	0.00154     	0.001371    	0.001709    	1           
517         	10          	0.001837    	0.001679    	0.001996    	1           
518         	10          	0.001857    	0.00149     	0.002225    	1           
519         	10          	0.001788    	0.001719    	0.001858    	1           
520         	10          	0.001901    	0.001786    	0.002017    	1           
521         	10          	0.001931    	0.002039    	0.001822    	1           
522         	10          	0.001469    	0.00189     	0.001047    	1           
523         	10          	0.001482    	0.001776    	0.001187    	1           
524         	10          	0.001276    	0.001304    	0.001248    	1           
525         	10          	0.001287    	0.001815    	0.0007575   	1           
526         	10          	0.001122    	0.001449    	0.0007945   	1           
527         	10          	0.001369    	0.001613    	0.001124    	1           
528         	10          	0.001589    	0.001836    	0.001342    	1           
529         	10          	0.001652    	0.001848    	0.001456    	1           
530         	10          	0.001777    	0.002174    	0.00138     	1           
531         	10          	0.001722    	0.00168     	0.001765    	1           
532         	10          	0.001628    	0.001781    	0.001476    	1           
533         	10          	0.001859    	0.002158    	0.00156     	1           
534         	10          	0.00175     	0.002023    	0.001478    	1           
535         	10          	0.001544    	0.001714    	0.001374    	1           
536         	10          	0.00178     	0.001737    	0.001823    	1           
537         	10          	0.001902    	0.001843    	0.001962    	1           
538         	10          	0.002031    	0.002061    	0.002002    	1           
539         	10          	0.001833    	0.001963    	0.001703    	1           
540         	10          	0.001772    	0.0018      	0.001745    	1           
541         	10          	0.001786    	0.001754    	0.001817    	1           
542         	10          	0.001705    	0.001502    	0.001908    	1           
543         	10          	0.001977    	0.001679    	0.002275    	1           
544         	10          	0.001676    	0.001522    	0.00183     	1           
545         	10          	0.001601    	0.001665    	0.001537    	1           
546         	10          	0.001844    	0.002105    	0.001584    	1           
547         	10          	0.001917    	0.001974    	0.001861    	1           
548         	10          	0.001464    	0.001084    	0.001844    	1           
549         	10          	0.001599    	0.001296    	0.001901    	1           
550         	10          	0.00187     	0.001791    	0.001949    	1           
551         	10          	0.001983    	0.001757    	0.002208    	1           
552         	10          	0.001605    	0.001444    	0.001767    	1           
553         	10          	0.001357    	0.001297    	0.001417    	1           
554         	10          	0.001755    	0.001738    	0.001772    	1           
555         	10          	0.001743    	0.001585    	0.0019      	1           
556         	10          	0.001665    	0.001235    	0.002094    	1           
557         	10          	0.001654    	0.001348    	0.001958    	1           
558         	10          	0.00194     	0.00166     	0.002218    	1           
559         	10          	0.001661    	0.001753    	0.001569    	1           
560         	10          	0.001705    	0.001942    	0.001469    	1           
561         	10          	0.001626    	0.001884    	0.001369    	1           
562         	10          	0.001742    	0.00183     	0.001653    	1           
563         	10          	0.0017      	0.001646    	0.001754    	1           
564         	10          	0.00157     	0.001389    	0.00175     	1           
565         	10          	0.001335    	0.001123    	0.001546    	1           
566         	10          	0.001453    	0.001134    	0.001771    	1           
567         	10          	0.001021    	0.0006206   	0.001419    	1           
568         	10          	0.001116    	0.0007732   	0.001455    	1           
569         	10          	0.001185    	0.001144    	0.001226    	1           
570         	10          	0.001382    	0.001254    	0.001508    	1           
571         	10          	0.001507    	0.001034    	0.001976    	1           
572         	10          	0.001506    	0.001202    	0.001808    	1           
573         	10          	0.001549    	0.001239    	0.001857    	1           
574         	10          	0.001474    	0.001279    	0.001668    	1           
575         	10          	0.001738    	0.001298    	0.002174    	1           
576         	10          	0.0015      	0.0009765   	0.002019    	1           
577         	10          	0.001591    	0.001042    	0.002135    	1           
578         	10          	0.001625    	0.001224    	0.002023    	1           
579         	10          	0.001706    	0.001494    	0.001917    	1           
580         	10          	0.001652    	0.001539    	0.001763    	1           
581         	10          	0.001554    	0.001385    	0.001721    	1           
582         	10          	0.001689    	0.001368    	0.002006    	1           
583         	10          	0.001675    	0.001298    	0.002049    	1           
584         	10          	0.001703    	0.001425    	0.001979    	1           
585         	10          	0.001674    	0.001688    	0.001661    	1           
586         	10          	0.001476    	0.001521    	0.001431    	1           
587         	10          	0.001609    	0.002061    	0.001161    	1           
588         	10          	0.001515    	0.001792    	0.00124     	1           
589         	10          	0.001737    	0.001934    	0.001542    	1           
590         	10          	0.001903    	0.001805    	0.002       	1           
591         	10          	0.001803    	0.00195     	0.001658    	1           
592         	10          	0.001932    	0.002225    	0.001641    	1           
593         	10          	0.001787    	0.002071    	0.001505    	1           
594         	10          	0.001809    	0.002062    	0.001557    	1           
595         	10          	0.001928    	0.002225    	0.001633    	1           
596         	10          	0.002003    	0.001982    	0.002024    	1           
597         	10          	0.002048    	0.002048    	0.002048    	1           
598         	10          	0.002051    	0.002252    	0.001852    	1           
599         	10          	0.002088    	0.002039    	0.002136    	1           
600         	10          	0.002063    	0.002028    	0.002098    	1           
601         	10          	0.002206    	0.002       	0.002411    	1           
602         	10          	0.001919    	0.001876    	0.001962    	1           
603         	10          	0.001646    	0.001367    	0.001922    	1           
604         	10          	0.001816    	0.001729    	0.001903    	1           
605         	10          	0.001958    	0.002301    	0.001618    	1           
606         	10          	0.001719    	0.001992    	0.001448    	1           
607         	10          	0.001663    	0.001697    	0.001629    	1           
608         	10          	0.001735    	0.001631    	0.001839    	1           
609         	10          	0.00188     	0.001548    	0.002207    	1           
610         	10          	0.00201     	0.001573    	0.00244     	1           
611         	10          	0.001788    	0.001451    	0.002121    	1           
612         	10          	0.0018      	0.001651    	0.001947    	1           
613         	10          	0.001717    	0.001464    	0.001967    	1           
614         	10          	0.00166     	0.001366    	0.00195     	1           
615         	10          	0.001638    	0.001483    	0.001791    	1           
616         	10          	0.001706    	0.001722    	0.00169     	1           
617         	10          	0.00154     	0.001622    	0.001459    	1           
618         	10          	0.001505    	0.001806    	0.001206    	1           
619         	10          	0.001587    	0.001721    	0.001455    	1           
620         	10          	0.001787    	0.001756    	0.001818    	1           
621         	9.95        	0.00179     	0.001696    	0.001884    	1           
622         	10          	0.001808    	0.001881    	0.001736    	1           
623         	9.95        	0.001927    	0.001588    	0.002264    	1           
624         	9.95        	0.0021      	0.001967    	0.002233    	1           
625         	10          	0.001986    	0.001429    	0.00254     	1           
626         	10          	0.001828    	0.001482    	0.002171    	1           
627         	10          	0.001985    	0.001689    	0.002281    	1           
628         	10          	0.001805    	0.001604    	0.002006    	1           
629         	10          	0.001716    	0.00155     	0.001882    	1           
630         	9.95        	0.001638    	0.001153    	0.002122    	1           
631         	9.95        	0.001869    	0.001478    	0.00226     	1           
632         	10          	0.002266    	0.002077    	0.002454    	1           
633         	10          	0.002326    	0.002132    	0.002519    	1           
634         	10          	0.002452    	0.002311    	0.002592    	1           
635         	10          	0.002069    	0.002229    	0.001909    	1           
636         	10          	0.002107    	0.002091    	0.002122    	1           
637         	10          	0.001967    	0.001936    	0.001998    	1           
638         	10          	0.001879    	0.001671    	0.002085    	1           
639         	10          	0.001861    	0.001646    	0.002076    	1           
640         	10          	0.0017      	0.001433    	0.001965    	1           
641         	10          	0.001847    	0.001989    	0.001704    	1           
642         	10          	0.001521    	0.00178     	0.001262    	1           
643         	10          	0.00131     	0.001423    	0.001197    	1           
644         	9.95        	0.00142     	0.001227    	0.001613    	1           
645         	9.95        	0.001493    	0.001231    	0.001754    	1           
646         	9.95        	0.001406    	0.001449    	0.001363    	1           
647         	9.95        	0.001451    	0.00151     	0.001393    	1           
648         	10          	0.00169     	0.001872    	0.001508    	1           
649         	10          	0.001689    	0.001845    	0.001534    	1           
650         	10          	0.001621    	0.002237    	0.001008    	1           
651         	9.95        	0.001481    	0.001891    	0.001073    	1           
652         	10          	0.001451    	0.001573    	0.00133     	1           
653         	10          	0.001748    	0.001713    	0.001782    	1           
654         	10          	0.001608    	0.001505    	0.001709    	1           
655         	10          	0.001764    	0.001744    	0.001785    	1           
656         	10          	0.002176    	0.002061    	0.00229     	1           
657         	10          	0.002032    	0.001719    	0.002342    	1           
658         	10          	0.00182     	0.001604    	0.002035    	1           
659         	9.95        	0.001869    	0.001477    	0.002258    	1           
660         	9.95        	0.002216    	0.00169     	0.002738    	1           
661         	9.95        	0.001941    	0.001433    	0.002445    	1           
662         	9.95        	0.002066    	0.0018      	0.00233     	1           
663         	9.95        	0.002017    	0.001491    	0.002541    	1           
664         	10          	0.002385    	0.002083    	0.002686    	1           
665         	10          	0.00253     	0.001969    	0.003089    	1           
666         	10          	0.002638    	0.002367    	0.002908    	1           
667         	10          	0.002836    	0.002354    	0.003317    	1           
668         	9.95        	0.002537    	0.002358    	0.002715    	1           
669         	9.95        	0.001993    	0.001793    	0.002193    	1           
670         	10          	0.001986    	0.001938    	0.002034    	1           
671         	10          	0.002041    	0.001856    	0.002226    	1           
672         	10          	0.002368    	0.002147    	0.002589    	1           
673         	10          	0.002485    	0.002448    	0.002522    	1           
674         	10          	0.002395    	0.002175    	0.002616    	1           
675         	9.95        	0.001975    	0.001587    	0.002362    	1           
676         	9.95        	0.001838    	0.001714    	0.001962    	1           
677         	10          	0.001637    	0.001466    	0.001808    	1           
678         	10          	0.001756    	0.001794    	0.001719    	1           
679         	10          	0.001644    	0.001453    	0.001833    	1           
680         	10          	0.001608    	0.001093    	0.002121    	1           
681         	10          	0.001614    	0.001207    	0.002021    	1           
682         	10          	0.0019      	0.001236    	0.002565    	1           
683         	10          	0.00161     	0.001434    	0.001786    	1           
684         	10          	0.001543    	0.001524    	0.001562    	1           
685         	10          	0.001397    	0.001629    	0.001166    	1           
686         	10          	0.001439    	0.00177     	0.001108    	1           
687         	10          	0.001509    	0.001499    	0.001519    	1           
688         	10          	0.001338    	0.0013      	0.001377    	1           
689         	10          	0.001492    	0.001201    	0.001784    	1           
690         	10          	0.001797    	0.001566    	0.00203     	1           
691         	10          	0.001641    	0.001815    	0.001467    	1           
692         	9.95        	0.001619    	0.00178     	0.001457    	1           
693         	10          	0.001839    	0.001891    	0.001786    	1           
694         	9.95        	0.001923    	0.002055    	0.00179     	1           
695         	10          	0.002012    	0.002136    	0.001887    	1           
696         	10          	0.001861    	0.001791    	0.001932    	1           
697         	9.95        	0.001941    	0.00178     	0.002105    	1           
698         	9.9         	0.001654    	0.001331    	0.00198     	1           
699         	9.9         	0.001687    	0.001316    	0.002063    	1           
700         	9.85        	0.001742    	0.001183    	0.002309    	1           
701         	9.85        	0.001845    	0.0013      	0.002399    	1           
702         	9.9         	0.002195    	0.001524    	0.002878    	1           
703         	9.9         	0.002152    	0.001572    	0.002742    	1           
704         	9.85        	0.002267    	0.001694    	0.00285     	1           
705         	9.75        	0.002197    	0.001879    	0.002519    	1           
706         	9.75        	0.002207    	0.002121    	0.002294    	1           
707         	9.75        	0.002334    	0.002147    	0.002524    	1           
708         	9.8         	0.002282    	0.001874    	0.002695    	1           
709         	9.85        	0.001801    	0.001748    	0.001855    	1           
710         	9.85        	0.001889    	0.001729    	0.002051    	1           
711         	9.7         	0.001818    	0.001635    	0.002003    	1           
712         	9.7         	0.001755    	0.001243    	0.002276    	1           
713         	9.75        	0.001757    	0.001125    	0.002399    	1           
714         	9.75        	0.001651    	0.001321    	0.001985    	1           
715         	9.75        	0.001466    	0.001257    	0.001677    	1           
716         	9.75        	0.001444    	0.001289    	0.001602    	1           
717         	9.75        	0.00147     	0.001176    	0.00177     	1           
718         	9.8         	0.001338    	0.001218    	0.001461    	1           
719         	9.9         	0.001415    	0.001426    	0.001403    	1           
720         	9.85        	0.001508    	0.001514    	0.001502    	1           
721         	9.85        	0.00142     	0.001021    	0.001828    	1           
722         	9.85        	0.001357    	0.001309    	0.001405    	1           
723         	9.95        	0.001535    	0.001462    	0.001609    	1           
724         	9.85        	0.001934    	0.001965    	0.001903    	1           
725         	9.85        	0.001828    	0.001798    	0.001858    	1           
726         	9.85        	0.001805    	0.001825    	0.001785    	1           
727         	9.8         	0.001772    	0.001716    	0.00183     	1           
728         	9.85        	0.002123    	0.001917    	0.002334    	1           
729         	9.9         	0.002012    	0.001818    	0.002211    	1           
730         	9.85        	0.002063    	0.00197     	0.002159    	1           
731         	9.85        	0.002297    	0.002359    	0.002234    	1           
732         	9.75        	0.002077    	0.002231    	0.001918    	1           
733         	9.7         	0.001677    	0.001663    	0.001692    	1           
734         	9.6         	0.001468    	0.001426    	0.001511    	1           
735         	9.65        	0.001788    	0.001725    	0.001853    	1           
736         	9.7         	0.001601    	0.001977    	0.001215    	1           
737         	9.75        	0.001509    	0.001936    	0.001072    	1           
738         	9.65        	0.001625    	0.002121    	0.001116    	1           
739         	9.7         	0.001868    	0.002572    	0.001145    	1           
740         	9.75        	0.001857    	0.002256    	0.001448    	1           
741         	9.75        	0.001939    	0.002311    	0.001556    	1           
742         	9.7         	0.001829    	0.002089    	0.001562    	1           
743         	9.7         	0.001457    	0.001677    	0.001232    	1           
744         	9.7         	0.001306    	0.001465    	0.001143    	1           
745         	9.7         	0.001286    	0.001249    	0.001324    	1           
746         	9.85        	0.00131     	0.001354    	0.001265    	1           
747         	9.85        	0.001313    	0.001106    	0.001527    	1           
748         	9.9         	0.001328    	0.001281    	0.001376    	1           
749         	9.85        	0.001267    	0.001303    	0.001229    	1           
750         	9.8         	0.001149    	0.001054    	0.001246    	1           
751         	9.8         	0.001229    	0.001297    	0.001159    	1           
752         	9.85        	0.001391    	0.001376    	0.001408    	1           
753         	9.75        	0.00149     	0.00151     	0.001471    	1           
754         	9.75        	0.001345    	0.001478    	0.001209    	1           
755         	9.75        	0.001358    	0.001672    	0.001037    	1           
756         	9.8         	0.001331    	0.001639    	0.001016    	1           
757         	9.85        	0.001477    	0.001892    	0.001052    	1           
758         	9.75        	0.001654    	0.001884    	0.001419    	1           
759         	9.75        	0.001737    	0.001805    	0.001667    	1           
760         	9.7         	0.001841    	0.002048    	0.001628    	1           
761         	9.7         	0.001421    	0.001605    	0.001233    	1           
762         	9.75        	0.001179    	0.001279    	0.001077    	1           
763         	9.7         	0.001146    	0.001072    	0.001221    	1           
764         	9.65        	0.001115    	0.0008666   	0.001369    	1           
765         	9.6         	0.001224    	0.001257    	0.001191    	1           
766         	9.6         	0.001085    	0.00133     	0.0008347   	1           
767         	9.7         	0.001193    	0.001281    	0.001104    	1           
768         	9.7         	0.001299    	0.001316    	0.001281    	1           
769         	9.8         	0.00113     	0.001272    	0.0009855   	1           
770         	9.75        	0.001227    	0.0013      	0.001154    	1           
771         	9.65        	0.001305    	0.001408    	0.0012      	1           
772         	9.6         	0.001239    	0.001348    	0.001129    	1           
773         	9.6         	0.001058    	0.0008427   	0.001276    	1           
774         	9.6         	0.00133     	0.001156    	0.001507    	1           
775         	9.7         	0.00128     	0.0008889   	0.001677    	1           
776         	9.6         	0.001345    	0.001151    	0.001542    	1           
777         	9.6         	0.001345    	0.001024    	0.001671    	1           
778         	9.6         	0.001207    	0.0008963   	0.00152     	1           
779         	9.6         	0.001424    	0.001045    	0.001807    	1           
780         	9.6         	0.001613    	0.001242    	0.001988    	1           
781         	9.6         	0.001579    	0.001279    	0.001882    	1           
782         	9.55        	0.001404    	0.001023    	0.00179     	1           
783         	9.7         	0.001356    	0.001339    	0.001373    	1           
784         	9.65        	0.001455    	0.001471    	0.001438    	1           
785         	9.65        	0.001373    	0.00131     	0.001437    	1           
786         	9.65        	0.001388    	0.001194    	0.001585    	1           
787         	9.6         	0.001472    	0.001162    	0.001786    	1           
788         	9.65        	0.001557    	0.001097    	0.002023    	1           
789         	9.7         	0.001679    	0.001469    	0.001892    	1           
790         	9.65        	0.001547    	0.001303    	0.001794    	1           
791         	9.65        	0.001513    	0.00146     	0.001567    	1           
792         	9.55        	0.001518    	0.001212    	0.00183     	1           
793         	9.5         	0.001315    	0.001247    	0.001384    	1           
794         	9.5         	0.001414    	0.00142     	0.001408    	1           
795         	9.5         	0.001269    	0.00138     	0.001156    	1           
796         	9.5         	0.001236    	0.001225    	0.001246    	1           
797         	9.5         	0.00162     	0.001472    	0.001769    	1           
798         	9.5         	0.001339    	0.00111     	0.001571    	1           
799         	9.5         	0.001294    	0.001094    	0.001497    	1           
800         	9.5         	0.001668    	0.001471    	0.001869    	1           
801         	9.5         	0.001386    	0.001099    	0.001678    	1           
802         	9.5         	0.001377    	0.001224    	0.001533    	1           
803         	9.5         	0.001468    	0.001298    	0.001641    	1           
804         	9.5         	0.001306    	0.001254    	0.001359    	1           
805         	9.5         	0.001254    	0.001181    	0.001327    	1           
806         	9.5         	0.001225    	0.001329    	0.00112     	1           
807         	9.5         	0.00121     	0.001279    	0.00114     	1           
808         	9.5         	0.001161    	0.00142     	0.0008987   	1           
809         	9.5         	0.001282    	0.001389    	0.001175    	1           
810         	9.5         	0.001038    	0.0009607   	0.001116    	1           
811         	9.5         	0.001288    	0.001062    	0.001515    	1           
812         	9.5         	0.0009857   	0.0007493   	0.001224    	1           
813         	9.5         	0.001225    	0.001001    	0.00145     	1           
814         	9.5         	0.001354    	0.001212    	0.001497    	1           
815         	9.5         	0.001317    	0.001077    	0.001559    	1           
816         	9.5         	0.001576    	0.001175    	0.00198     	1           
817         	9.5         	0.001758    	0.001106    	0.002417    	1           
818         	9.5         	0.001533    	0.0009439   	0.002128    	1           
819         	9.5         	0.001772    	0.001137    	0.002412    	1           
820         	9.5         	0.00165     	0.001326    	0.001976    	1           
821         	9.5         	0.001572    	0.001355    	0.001791    	1           
822         	9.5         	0.001407    	0.001487    	0.001327    	1           
823         	9.5         	0.001555    	0.001452    	0.001659    	1           
824         	9.5         	0.001623    	0.001796    	0.001449    	1           
825         	9.5         	0.001628    	0.001626    	0.001631    	1           
826         	9.5         	0.001511    	0.001624    	0.001396    	1           
827         	9.5         	0.001466    	0.001725    	0.001205    	1           
828         	9.5         	0.001427    	0.001504    	0.00135     	1           
829         	9.5         	0.001713    	0.0017      	0.001726    	1           
830         	9.5         	0.001951    	0.002012    	0.001889    	1           
831         	9.5         	0.002022    	0.002143    	0.001899    	1           
832         	9.5         	0.002028    	0.002192    	0.001861    	1           
833         	9.5         	0.00199     	0.001844    	0.002139    	1           
834         	9.5         	0.002161    	0.002125    	0.002197    	1           
835         	9.5         	0.002412    	0.002098    	0.00273     	1           
836         	9.5         	0.002023    	0.00138     	0.002672    	1           
837         	9.5         	0.001907    	0.001566    	0.002251    	1           
838         	9.5         	0.001688    	0.001342    	0.002037    	1           
839         	9.5         	0.001749    	0.001371    	0.00213     	1           
840         	9.5         	0.001763    	0.001346    	0.002185    	1           
841         	9.5         	0.00207     	0.001702    	0.002441    	1           
842         	9.5         	0.002034    	0.001815    	0.002255    	1           
843         	9.5         	0.001903    	0.002064    	0.001741    	1           
844         	9.5         	0.001774    	0.001753    	0.001795    	1           
845         	9.5         	0.001504    	0.001306    	0.001703    	1           
846         	9.5         	0.001695    	0.001581    	0.00181     	1           
847         	9.5         	0.001703    	0.001236    	0.002176    	1           
848         	9.5         	0.00172     	0.001363    	0.002082    	1           
849         	9.5         	0.00187     	0.001694    	0.002048    	1           
850         	9.5         	0.001597    	0.001203    	0.001996    	1           
851         	9.5         	0.001606    	0.001457    	0.001758    	1           
852         	9.5         	0.001592    	0.001351    	0.001835    	1           
853         	9.5         	0.001906    	0.001934    	0.001878    	1           
854         	9.5         	0.001825    	0.001813    	0.001837    	1           
855         	9.5         	0.001858    	0.002151    	0.001563    	1           
856         	9.5         	0.00189     	0.002205    	0.001573    	1           
857         	9.5         	0.001898    	0.001969    	0.001827    	1           
858         	9.5         	0.0018      	0.001793    	0.001808    	1           
859         	9.5         	0.001813    	0.001718    	0.001908    	1           
860         	9.5         	0.001574    	0.001635    	0.001512    	1           
861         	9.5         	0.001663    	0.001462    	0.001866    	1           
862         	9.5         	0.001411    	0.001485    	0.001335    	1           
863         	9.5         	0.001642    	0.001679    	0.001604    	1           
864         	9.5         	0.001577    	0.001781    	0.001369    	1           
865         	9.5         	0.001469    	0.001609    	0.001326    	1           
866         	9.5         	0.001628    	0.002014    	0.001235    	1           
867         	9.5         	0.001374    	0.001673    	0.00107     	1           
868         	9.5         	0.001498    	0.001743    	0.00125     	1           
869         	9.5         	0.0018      	0.001978    	0.001618    	1           
870         	9.5         	0.001722    	0.001809    	0.001634    	1           
871         	9.5         	0.0016      	0.001614    	0.001586    	1           
872         	9.5         	0.001555    	0.001472    	0.001638    	1           
873         	9.5         	0.00154     	0.001574    	0.001506    	1           
874         	9.5         	0.001592    	0.001797    	0.001383    	1           
875         	9.5         	0.001737    	0.002091    	0.001378    	1           
876         	9.5         	0.001722    	0.001737    	0.001708    	1           
877         	9.5         	0.001639    	0.001575    	0.001703    	1           
878         	9.5         	0.001933    	0.002287    	0.001577    	1           
879         	9.5         	0.001725    	0.002071    	0.001375    	1           
880         	9.5         	0.001314    	0.001376    	0.00125     	1           
881         	9.5         	0.00162     	0.001825    	0.001413    	1           
882         	9.5         	0.001922    	0.002069    	0.001773    	1           
883         	9.5         	0.001799    	0.002054    	0.00154     	1           
884         	9.5         	0.001845    	0.001941    	0.001748    	1           
885         	9.5         	0.001903    	0.002023    	0.001781    	1           
886         	9.5         	0.001949    	0.00168     	0.00222     	1           
887         	9.5         	0.001544    	0.001222    	0.00187     	1           
888         	9.5         	0.001426    	0.001394    	0.001457    	1           
889         	9.5         	0.00139     	0.001222    	0.00156     	1           
890         	9.5         	0.001556    	0.001594    	0.001518    	1           
891         	9.5         	0.001623    	0.001306    	0.001941    	1           
892         	9.5         	0.001664    	0.001421    	0.001907    	1           
893         	9.5         	0.001478    	0.001317    	0.001641    	1           
894         	9.5         	0.001435    	0.001385    	0.001485    	1           
895         	9.5         	0.001537    	0.001469    	0.001606    	1           
896         	9.5         	0.001448    	0.00151     	0.001387    	1           
897         	9.5         	0.001289    	0.00125     	0.001328    	1           
898         	9.5         	0.001591    	0.001642    	0.001539    	1           
899         	9.5         	0.001876    	0.002013    	0.001737    	1           
900         	9.5         	0.001887    	0.00197     	0.001804    	1           
901         	9.5         	0.001894    	0.002149    	0.001637    	1           
902         	9.5         	0.001668    	0.0019      	0.001434    	1           
903         	9.5         	0.001735    	0.002066    	0.0014      	1           
904         	9.5         	0.00157     	0.001791    	0.001348    	1           
905         	9.5         	0.0014      	0.001552    	0.001246    	1           
906         	9.5         	0.001446    	0.001108    	0.001789    	1           
907         	9.5         	0.001743    	0.001445    	0.002045    	1           
908         	9.5         	0.001423    	0.001116    	0.001733    	1           
909         	9.5         	0.001706    	0.001775    	0.001636    	1           
910         	9.5         	0.001741    	0.001529    	0.001955    	1           
911         	9.5         	0.001943    	0.002199    	0.001683    	1           
912         	9.5         	0.001899    	0.002109    	0.001687    	1           
913         	9.5         	0.001795    	0.001706    	0.001886    	1           
914         	9.5         	0.001978    	0.001928    	0.002029    	1           
915         	9.5         	0.002267    	0.00222     	0.002315    	1           
916         	9.5         	0.002152    	0.001886    	0.002421    	1           
917         	9.5         	0.002154    	0.00218     	0.002128    	1           
918         	9.5         	0.002265    	0.002065    	0.002467    	1           
919         	9.5         	0.00232     	0.002081    	0.002562    	1           
920         	9.5         	0.00236     	0.002355    	0.002365    	1           
921         	9.5         	0.00205     	0.001999    	0.002101    	1           
922         	9.5         	0.001847    	0.0019      	0.001794    	1           
923         	9.5         	0.001592    	0.001797    	0.001384    	1           
924         	9.5         	0.001576    	0.001596    	0.001555    	1           
925         	9.5         	0.00167     	0.001565    	0.001775    	1           
926         	9.5         	0.001768    	0.001806    	0.001729    	1           
927         	9.5         	0.001597    	0.00187     	0.001322    	1           
928         	9.5         	0.002278    	0.002181    	0.002377    	1           
929         	9.5         	0.002284    	0.002303    	0.002264    	1           
930         	9.5         	0.002114    	0.002077    	0.002151    	1           
931         	9.5         	0.002011    	0.001955    	0.002067    	1           
932         	9.5         	0.002382    	0.00229     	0.002476    	1           
933         	9.5         	0.002144    	0.002244    	0.002044    	1           
934         	9.5         	0.001819    	0.002049    	0.001586    	1           
935         	9.5         	0.001817    	0.001751    	0.001884    	1           
936         	9.5         	0.001551    	0.001537    	0.001566    	1           
937         	9.5         	0.001652    	0.002069    	0.001232    	1           
938         	9.5         	0.001602    	0.001801    	0.001401    	1           
939         	9.5         	0.001642    	0.001686    	0.001598    	1           
940         	9.5         	0.001797    	0.001632    	0.001963    	1           
941         	9.5         	0.00193     	0.001597    	0.002265    	1           
942         	9.5         	0.001906    	0.001702    	0.002111    	1           
943         	9.5         	0.002014    	0.001639    	0.002392    	1           
944         	9.5         	0.002105    	0.001693    	0.002519    	1           
945         	9.5         	0.002044    	0.001478    	0.002614    	1           
946         	9.5         	0.00225     	0.001505    	0.003       	1           
947         	9.5         	0.002734    	0.001908    	0.003563    	1           
948         	9.5         	0.002838    	0.002027    	0.003653    	1           
949         	9.5         	0.002902    	0.002307    	0.003501    	1           
950         	9.5         	0.002256    	0.001991    	0.002524    	1           
951         	9.5         	0.00225     	0.002256    	0.002244    	1           
952         	9.5         	0.002091    	0.002004    	0.002178    	1           
953         	9.5         	0.00176     	0.001568    	0.001953    	1           
954         	9.5         	0.001683    	0.001605    	0.001762    	1           
955         	9.5         	0.001669    	0.001714    	0.001622    	1           
956         	9.45        	0.001549    	0.001442    	0.001657    	1           
957         	9.45        	0.001425    	0.001514    	0.001334    	1           
958         	9.45        	0.001459    	0.001431    	0.001487    	1           
959         	9.45        	0.001489    	0.001289    	0.00169     	1           
960         	9.5         	0.001313    	0.0009352   	0.001695    	1           
961         	9.5         	0.001013    	0.0007248   	0.001303    	1           
962         	9.45        	0.001049    	0.0009238   	0.001174    	1           
963         	9.5         	0.001232    	0.001023    	0.001443    	1           
964         	9.5         	0.001119    	0.001126    	0.001111    	1           
965         	9.5         	0.001217    	0.001188    	0.001245    	1           
966         	9.4         	0.001202    	0.001048    	0.001357    	1           
967         	9.4         	0.001283    	0.001067    	0.001499    	1           
968         	9.45        	0.001517    	0.001096    	0.001939    	1           
969         	9.35        	0.001489    	0.00119     	0.001789    	1           
970         	9.4         	0.001518    	0.001048    	0.001988    	1           
971         	9.35        	0.001544    	0.001021    	0.002067    	1           
972         	9.35        	0.001681    	0.00139     	0.001973    	1           
973         	9.35        	0.001587    	0.001277    	0.001898    	1           
974         	9.5         	0.00139     	0.001298    	0.001483    	1           
975         	9.45        	0.001631    	0.001527    	0.001735    	1           
976         	9.4         	0.001493    	0.001731    	0.001256    	1           
977         	9.35        	0.001652    	0.001991    	0.001312    	1           
978         	9.4         	0.001629    	0.001965    	0.001291    	1           
979         	9.3         	0.001743    	0.001992    	0.001494    	1           
980         	9.45        	0.001601    	0.00149     	0.001713    	1           
981         	9.45        	0.001727    	0.001732    	0.001723    	1           
982         	9.5         	0.001835    	0.001798    	0.001872    	1           
983         	9.5         	0.00183     	0.001881    	0.001779    	1           
984         	9.4         	0.00195     	0.002002    	0.001899    	1           
985         	9.4         	0.002173    	0.002116    	0.00223     	1           
986         	9.45        	0.001925    	0.001643    	0.002205    	1           
987         	9.4         	0.001771    	0.001507    	0.002034    	1           
988         	9.3         	0.001705    	0.00132     	0.002089    	1           
989         	9.3         	0.001716    	0.001368    	0.002063    	1           
990         	9.35        	0.00206     	0.001623    	0.002495    	1           
991         	9.35        	0.001985    	0.001669    	0.0023      	1           
992         	9.4         	0.002113    	0.001782    	0.002444    	1           
993         	9.4         	0.001816    	0.001732    	0.001901    	1           
994         	9.35        	0.002022    	0.001899    	0.002145    	1           
995         	9.4         	0.001904    	0.001702    	0.002107    	1           
996         	9.45        	0.001705    	0.001449    	0.001962    	1           
997         	9.5         	0.001529    	0.001343    	0.001716    	1           
998         	9.45        	0.001414    	0.001323    	0.001506    	1           
999         	9.4         	0.001506    	0.001059    	0.001954    	1           
1000        	9.4         	0.001718    	0.00145     	0.001986    	1           
