replicate   	generation  	n.adlt.nbAll	n.adlt.fst  	n.adlt.fst_l1	n.adlt.fst_l2
1           	1           	5.5         	0.5058      	1           	9.764e-06   
1           	2           	5.9         	0.5056      	0.9978      	0.0007923   
1           	3           	6.7         	0.5045      	0.9946      	0.001216    
1           	4           	6.9         	0.5037      	0.992       	0.001642    
1           	5           	7.1         	0.503       	0.99        	0.00249     
1           	6           	7.3         	0.5014      	0.9857      	0.002999    
1           	7           	7.55        	0.5003      	0.9831      	0.003455    
1           	8           	7.6         	0.5004      	0.9828      	0.003829    
1           	9           	7.45        	0.5006      	0.9823      	0.004046    
1           	10          	7.45        	0.4993      	0.9806      	0.00395     
1           	11          	7.5         	0.4986      	0.9772      	0.00535     
1           	12          	7.75        	0.4982      	0.9762      	0.005481    
1           	13          	7.55        	0.4972      	0.9738      	0.005507    
1           	14          	7.75        	0.4945      	0.9693      	0.005404    
1           	15          	8.1         	0.4929      	0.9664      	0.005418    
1           	16          	8           	0.4922      	0.9647      	0.005843    
1           	17          	8.05        	0.4921      	0.9645      	0.00604     
1           	18          	8.25        	0.4894      	0.9588      	0.006411    
1           	19          	8           	0.4882      	0.9555      	0.007075    
1           	20          	8.15        	0.4869      	0.9521      	0.007812    
1           	21          	8.3         	0.4858      	0.9494      	0.007692    
1           	22          	8.35        	0.484       	0.9453      	0.007883    
1           	23          	8.35        	0.4831      	0.944       	0.00773     
1           	24          	8.45        	0.4816      	0.9414      	0.007554    
1           	25          	8.45        	0.4817      	0.9412      	0.007749    
1           	26          	8.4         	0.4817      	0.9424      	0.00742     
1           	27          	8.35        	0.482       	0.9418      	0.008631    
1           	28          	8.4         	0.4812      	0.939       	0.009586    
1           	29          	8.4         	0.4811      	0.9385      	0.01001     
1           	30          	8.35        	0.4791      	0.9339      	0.01029     
1           	31          	8.7         	0.4768      	0.9281      	0.01099     
1           	32          	8.7         	0.4765      	0.9269      	0.01176     
1           	33          	8.8         	0.4739      	0.9215      	0.01233     
1           	34          	8.85        	0.4735      	0.9202      	0.01236     
1           	35          	8.85        	0.4728      	0.9182      	0.01386     
1           	36          	8.75        	0.474       	0.9195      	0.01508     
1           	37          	8.7         	0.4716      	0.9136      	0.01608     
1           	38          	8.8         	0.4731      	0.9167      	0.01552     
1           	39          	8.7         	0.4729      	0.9158      	0.01643     
1           	40          	8.75        	0.4748      	0.9184      	0.01723     
1           	41          	8.95        	0.4741      	0.9165      	0.0181      
1           	42          	8.8         	0.4763      	0.9209      	0.01839     
1           	43          	8.75        	0.4737      	0.9143      	0.0192      
1           	44          	8.85        	0.4717      	0.9091      	0.0202      
1           	45          	8.75        	0.4717      	0.9082      	0.02025     
1           	46          	8.75        	0.473       	0.9097      	0.02155     
1           	47          	8.75        	0.4704      	0.9034      	0.02253     
1           	48          	8.75        	0.4693      	0.9006      	0.02297     
1           	49          	8.75        	0.4695      	0.9015      	0.02293     
1           	50          	8.95        	0.4679      	0.8973      	0.02399     
1           	51          	8.85        	0.4687      	0.8972      	0.02512     
1           	52          	8.75        	0.4674      	0.8951      	0.02489     
1           	53          	8.55        	0.469       	0.8961      	0.02628     
1           	54          	8.6         	0.4675      	0.8936      	0.02549     
1           	55          	8.6         	0.4679      	0.894       	0.02568     
1           	56          	8.65        	0.467       	0.8931      	0.02539     
1           	57          	8.85        	0.4659      	0.8901      	0.02699     
1           	58          	8.8         	0.4672      	0.8927      	0.02703     
1           	59          	8.75        	0.4666      	0.8918      	0.02661     
1           	60          	8.7         	0.467       	0.8925      	0.02702     
1           	61          	8.75        	0.4657      	0.8897      	0.02677     
1           	62          	8.7         	0.4641      	0.8868      	0.02624     
1           	63          	8.8         	0.4617      	0.8821      	0.02641     
1           	64          	8.95        	0.4611      	0.8786      	0.02818     
1           	65          	9           	0.4602      	0.8766      	0.02824     
1           	66          	9           	0.4592      	0.8742      	0.02828     
1           	67          	9.1         	0.4552      	0.8659      	0.02944     
1           	68          	8.95        	0.4542      	0.8627      	0.03127     
1           	69          	9           	0.4528      	0.8605      	0.03126     
1           	70          	9.05        	0.4488      	0.8533      	0.03072     
1           	71          	9.2         	0.4478      	0.8514      	0.03065     
1           	72          	9           	0.4492      	0.8546      	0.02983     
1           	73          	8.95        	0.4498      	0.8557      	0.03003     
1           	74          	9.05        	0.4468      	0.8492      	0.03052     
1           	75          	8.9         	0.4458      	0.8477      	0.02957     
1           	76          	9           	0.4437      	0.8445      	0.02896     
1           	77          	9.05        	0.4452      	0.8492      	0.02689     
1           	78          	9           	0.4482      	0.8542      	0.02771     
1           	79          	8.95        	0.4484      	0.8544      	0.02768     
1           	80          	8.95        	0.448       	0.8543      	0.02755     
1           	81          	8.95        	0.4482      	0.854       	0.02855     
1           	82          	8.8         	0.4501      	0.8559      	0.03013     
1           	83          	8.8         	0.4485      	0.8517      	0.03104     
1           	84          	8.65        	0.4499      	0.8537      	0.03218     
1           	85          	8.6         	0.4466      	0.8473      	0.03246     
1           	86          	8.65        	0.4471      	0.8487      	0.03225     
1           	87          	8.55        	0.4438      	0.8414      	0.03326     
1           	88          	8.6         	0.4443      	0.8437      	0.03188     
1           	89          	8.65        	0.4425      	0.8398      	0.03181     
1           	90          	8.75        	0.4428      	0.8405      	0.03179     
1           	91          	9           	0.4426      	0.8389      	0.03285     
1           	92          	8.95        	0.4422      	0.8378      	0.03302     
1           	93          	9           	0.4411      	0.8333      	0.03488     
1           	94          	8.95        	0.4424      	0.8359      	0.03517     
1           	95          	9           	0.4461      	0.8415      	0.03735     
1           	96          	8.95        	0.4496      	0.848       	0.03748     
1           	97          	8.8         	0.4482      	0.8457      	0.03653     
1           	98          	8.7         	0.4445      	0.8376      	0.03686     
1           	99          	8.65        	0.4413      	0.8307      	0.03712     
1           	100         	8.7         	0.4449      	0.8365      	0.03818     
1           	101         	8.95        	0.4425      	0.8319      	0.03763     
1           	102         	8.95        	0.4395      	0.8263      	0.03753     
1           	103         	8.9         	0.4379      	0.8231      	0.03773     
1           	104         	9.1         	0.4336      	0.8136      	0.03833     
1           	105         	9.05        	0.4334      	0.8124      	0.03896     
1           	106         	8.95        	0.4343      	0.8115      	0.04154     
1           	107         	9.15        	0.4305      	0.8054      	0.04046     
1           	108         	9.1         	0.433       	0.8094      	0.04103     
1           	109         	9           	0.4309      	0.8039      	0.04289     
1           	110         	8.7         	0.433       	0.8087      	0.04253     
1           	111         	8.7         	0.4322      	0.8074      	0.0424      
1           	112         	8.6         	0.4319      	0.8068      	0.04294     
1           	113         	8.8         	0.4317      	0.8065      	0.04344     
1           	114         	8.75        	0.434       	0.8117      	0.04289     
1           	115         	8.7         	0.4311      	0.8054      	0.04368     
1           	116         	8.7         	0.4324      	0.8067      	0.04469     
1           	117         	8.7         	0.4329      	0.805       	0.04702     
1           	118         	8.85        	0.432       	0.8023      	0.04779     
1           	119         	8.8         	0.4321      	0.8032      	0.04718     
1           	120         	8.85        	0.4319      	0.8008      	0.04966     
1           	121         	8.85        	0.4339      	0.8027      	0.05201     
1           	122         	8.8         	0.4333      	0.8006      	0.05278     
1           	123         	8.75        	0.4315      	0.7964      	0.05385     
1           	124         	8.7         	0.4285      	0.79        	0.05472     
1           	125         	8.85        	0.4295      	0.7915      	0.05528     
1           	126         	9           	0.4275      	0.7886      	0.05483     
1           	127         	9.05        	0.4274      	0.7884      	0.05442     
1           	128         	8.95        	0.4227      	0.7795      	0.0542      
1           	129         	9           	0.4212      	0.7759      	0.05466     
1           	130         	8.85        	0.4193      	0.7727      	0.05387     
1           	131         	8.65        	0.419       	0.7731      	0.0527      
1           	132         	8.7         	0.4208      	0.7768      	0.05223     
1           	133         	8.5         	0.4192      	0.7729      	0.05369     
1           	134         	8.5         	0.4214      	0.7773      	0.05338     
1           	135         	8.55        	0.4211      	0.7759      	0.05445     
1           	136         	8.75        	0.4181      	0.7688      	0.05568     
1           	137         	8.75        	0.4177      	0.7692      	0.05442     
1           	138         	8.75        	0.4176      	0.7694      	0.05439     
1           	139         	8.7         	0.4149      	0.7642      	0.05435     
1           	140         	8.6         	0.4148      	0.7629      	0.05561     
1           	141         	8.85        	0.4149      	0.765       	0.05324     
1           	142         	8.85        	0.4102      	0.7552      	0.05375     
1           	143         	8.75        	0.4087      	0.7505      	0.05577     
1           	144         	8.7         	0.4085      	0.7526      	0.05359     
1           	145         	8.65        	0.4063      	0.7469      	0.05491     
1           	146         	8.85        	0.4062      	0.7464      	0.05544     
1           	147         	8.9         	0.4053      	0.7435      	0.05668     
1           	148         	8.65        	0.4066      	0.7465      	0.05576     
1           	149         	8.7         	0.4051      	0.743       	0.05676     
1           	150         	8.7         	0.4035      	0.7379      	0.05879     
1           	151         	8.6         	0.4026      	0.736       	0.05846     
1           	152         	8.7         	0.402       	0.7351      	0.05798     
1           	153         	8.95        	0.4028      	0.7377      	0.05711     
1           	154         	8.8         	0.4056      	0.7402      	0.06018     
1           	155         	8.85        	0.4037      	0.7371      	0.0597      
1           	156         	8.7         	0.4052      	0.7401      	0.05968     
1           	157         	8.8         	0.4058      	0.7405      	0.0601      
1           	158         	8.75        	0.4045      	0.7384      	0.06032     
1           	159         	8.8         	0.408       	0.7453      	0.06034     
1           	160         	8.75        	0.4079      	0.7442      	0.06109     
1           	161         	8.9         	0.4096      	0.7474      	0.0611      
1           	162         	8.8         	0.4127      	0.7506      	0.06435     
1           	163         	8.85        	0.411       	0.7462      	0.06553     
1           	164         	8.85        	0.4093      	0.7421      	0.06605     
1           	165         	9           	0.4091      	0.741       	0.06689     
1           	166         	8.85        	0.4106      	0.7426      	0.06773     
1           	167         	8.9         	0.4109      	0.7432      	0.0684      
1           	168         	8.9         	0.4112      	0.7438      	0.06811     
1           	169         	8.95        	0.4091      	0.742       	0.065       
1           	170         	8.7         	0.403       	0.7326      	0.06164     
1           	171         	8.9         	0.4031      	0.7334      	0.06111     
1           	172         	8.9         	0.4037      	0.7336      	0.06226     
1           	173         	8.85        	0.4006      	0.7299      	0.05971     
1           	174         	8.75        	0.4004      	0.7295      	0.06004     
1           	175         	8.6         	0.4042      	0.7366      	0.06022     
1           	176         	8.55        	0.4054      	0.7388      	0.06017     
1           	177         	8.45        	0.4019      	0.7314      	0.06054     
1           	178         	8.35        	0.4058      	0.7386      	0.06079     
1           	179         	8.6         	0.4077      	0.7425      	0.06011     
1           	180         	8.5         	0.4081      	0.7434      	0.06024     
1           	181         	8.45        	0.4055      	0.7388      	0.06047     
1           	182         	8.45        	0.4092      	0.7448      	0.06197     
1           	183         	8.55        	0.4105      	0.7467      	0.06235     
1           	184         	8.55        	0.4096      	0.7448      	0.06217     
1           	185         	8.55        	0.4114      	0.7472      	0.06301     
1           	186         	8.65        	0.4106      	0.7444      	0.06436     
1           	187         	8.55        	0.4084      	0.7407      	0.06338     
1           	188         	8.55        	0.4055      	0.7345      	0.0641      
1           	189         	8.85        	0.4028      	0.73        	0.06263     
1           	190         	8.85        	0.3999      	0.7257      	0.06104     
1           	191         	8.65        	0.3998      	0.726       	0.06047     
1           	192         	8.55        	0.4025      	0.7309      	0.06089     
1           	193         	8.55        	0.4018      	0.7302      	0.06002     
1           	194         	8.65        	0.402       	0.7306      	0.06051     
1           	195         	8.5         	0.4027      	0.7321      	0.06072     
1           	196         	8.5         	0.4013      	0.7322      	0.05808     
1           	197         	8.5         	0.4007      	0.7296      	0.05911     
1           	198         	8.8         	0.3966      	0.7225      	0.05815     
1           	199         	8.9         	0.3942      	0.7201      	0.05609     
1           	200         	9.05        	0.3895      	0.7123      	0.05463     
1           	201         	8.85        	0.3885      	0.7103      	0.0545      
1           	202         	8.9         	0.3888      	0.712       	0.05346     
1           	203         	9           	0.3926      	0.7209      	0.05151     
1           	204         	8.75        	0.3902      	0.7163      	0.05104     
1           	205         	8.95        	0.3887      	0.7142      	0.05067     
1           	206         	8.9         	0.3911      	0.7191      	0.05082     
1           	207         	8.75        	0.3911      	0.7183      	0.0516      
1           	208         	8.8         	0.3882      	0.7126      	0.05083     
1           	209         	8.7         	0.3897      	0.7135      	0.05347     
1           	210         	8.75        	0.3879      	0.7104      	0.05311     
1           	211         	8.7         	0.3888      	0.7114      	0.05419     
1           	212         	8.8         	0.3889      	0.71        	0.05618     
1           	213         	8.85        	0.3919      	0.7127      	0.05963     
1           	214         	8.65        	0.3922      	0.7126      	0.05955     
1           	215         	8.75        	0.3897      	0.707       	0.06066     
1           	216         	8.75        	0.3887      	0.7034      	0.06212     
1           	217         	8.5         	0.3868      	0.7006      	0.06073     
1           	218         	8.55        	0.3868      	0.6996      	0.06261     
1           	219         	8.6         	0.3862      	0.699       	0.06214     
1           	220         	8.85        	0.3856      	0.6981      	0.06212     
1           	221         	8.7         	0.3824      	0.691       	0.06283     
1           	222         	8.55        	0.3832      	0.6909      	0.06505     
1           	223         	8.85        	0.3831      	0.6894      	0.06563     
1           	224         	8.95        	0.3827      	0.6896      	0.06487     
1           	225         	8.8         	0.3839      	0.6915      	0.06602     
1           	226         	9.1         	0.3808      	0.6884      	0.06274     
1           	227         	8.95        	0.3778      	0.6844      	0.06069     
1           	228         	8.75        	0.3802      	0.6883      	0.06176     
1           	229         	8.6         	0.3792      	0.6855      	0.06268     
1           	230         	8.7         	0.3783      	0.6837      	0.06295     
1           	231         	8.65        	0.381       	0.6879      	0.06362     
1           	232         	8.65        	0.3812      	0.6895      	0.06266     
1           	233         	8.8         	0.3819      	0.6911      	0.06311     
1           	234         	8.75        	0.3816      	0.6927      	0.06121     
1           	235         	8.65        	0.3808      	0.6909      	0.06176     
1           	236         	8.75        	0.3785      	0.6871      	0.06121     
1           	237         	8.9         	0.3734      	0.6795      	0.05836     
1           	238         	8.75        	0.3716      	0.6753      	0.05889     
1           	239         	8.75        	0.3702      	0.6734      	0.05776     
1           	240         	8.85        	0.3664      	0.6645      	0.05862     
1           	241         	8.65        	0.3657      	0.6638      	0.05798     
1           	242         	8.75        	0.3624      	0.6575      	0.05788     
1           	243         	8.65        	0.3635      	0.6577      	0.06025     
1           	244         	8.75        	0.3627      	0.6562      	0.06007     
1           	245         	8.8         	0.3601      	0.6512      	0.06002     
1           	246         	8.75        	0.3611      	0.6517      	0.06162     
1           	247         	8.8         	0.3562      	0.643       	0.06036     
1           	248         	8.7         	0.3572      	0.6441      	0.06144     
1           	249         	8.95        	0.3512      	0.6331      	0.06068     
1           	250         	8.7         	0.3502      	0.6316      	0.06031     
1           	251         	8.8         	0.3492      	0.6296      	0.0603      
1           	252         	8.7         	0.3447      	0.6213      	0.05954     
1           	253         	9.05        	0.3458      	0.6217      	0.06132     
1           	254         	8.95        	0.3445      	0.6181      	0.06233     
1           	255         	8.95        	0.3424      	0.615       	0.06107     
1           	256         	9           	0.3412      	0.6134      	0.06046     
1           	257         	9.1         	0.3396      	0.6077      	0.06303     
1           	258         	9.05        	0.3396      	0.6102      	0.06041     
1           	259         	9           	0.3364      	0.605       	0.05891     
1           	260         	8.95        	0.3374      	0.6071      	0.05798     
1           	261         	9           	0.3347      	0.6021      	0.05785     
1           	262         	9           	0.3335      	0.5986      	0.05871     
1           	263         	9.15        	0.3324      	0.5957      	0.05971     
1           	264         	8.95        	0.3299      	0.5887      	0.06148     
1           	265         	9.1         	0.3283      	0.5852      	0.06218     
1           	266         	9.15        	0.3276      	0.5836      	0.06258     
1           	267         	9.2         	0.327       	0.584       	0.06109     
1           	268         	9.15        	0.3295      	0.5902      	0.05969     
1           	269         	9.15        	0.3271      	0.5869      	0.05843     
1           	270         	9.1         	0.3228      	0.5787      	0.05819     
1           	271         	9.05        	0.3244      	0.5813      	0.05875     
1           	272         	9.05        	0.3239      	0.5803      	0.05872     
1           	273         	9           	0.3253      	0.5832      	0.05823     
1           	274         	9.1         	0.3231      	0.5797      	0.05721     
1           	275         	8.95        	0.3223      	0.5783      	0.05706     
1           	276         	8.95        	0.3193      	0.5711      	0.05813     
1           	277         	9.05        	0.3167      	0.5661      	0.05815     
1           	278         	9.1         	0.3182      	0.5694      	0.05773     
1           	279         	9.15        	0.3191      	0.5693      	0.05948     
1           	280         	9.25        	0.3217      	0.5757      	0.05818     
1           	281         	9.15        	0.3246      	0.579       	0.06069     
1           	282         	8.9         	0.3246      	0.5801      	0.05929     
1           	283         	9.1         	0.3183      	0.5673      	0.05924     
1           	284         	9.1         	0.3185      	0.5677      	0.05926     
1           	285         	9.15        	0.3189      	0.5666      	0.0609      
1           	286         	9.05        	0.3179      	0.5665      	0.05917     
1           	287         	9.1         	0.3166      	0.5652      	0.0577      
1           	288         	8.85        	0.3159      	0.564       	0.05754     
1           	289         	8.7         	0.316       	0.5649      	0.05707     
1           	290         	8.8         	0.3177      	0.5669      	0.05861     
1           	291         	8.85        	0.3183      	0.5687      	0.05729     
1           	292         	8.85        	0.3144      	0.5612      	0.05726     
1           	293         	8.95        	0.3147      	0.5634      	0.0557      
1           	294         	8.8         	0.3162      	0.5659      	0.05592     
1           	295         	8.7         	0.319       	0.5691      	0.05813     
1           	296         	8.9         	0.3157      	0.5598      	0.06076     
1           	297         	8.75        	0.3175      	0.5647      	0.05932     
1           	298         	8.65        	0.3136      	0.5538      	0.06239     
1           	299         	8.7         	0.3151      	0.5548      	0.06424     
1           	300         	8.85        	0.3166      	0.5559      	0.06631     
1           	301         	8.85        	0.3176      	0.5558      	0.06845     
1           	302         	9           	0.3183      	0.5568      	0.06928     
1           	303         	8.95        	0.319       	0.5554      	0.07216     
1           	304         	8.8         	0.3139      	0.5478      	0.06961     
1           	305         	8.9         	0.3127      	0.5424      	0.07326     
1           	306         	8.9         	0.314       	0.5439      	0.07427     
1           	307         	8.9         	0.3159      	0.5489      	0.07324     
1           	308         	9           	0.3152      	0.547       	0.07389     
1           	309         	8.95        	0.3093      	0.5333      	0.07612     
1           	310         	9           	0.3056      	0.5257      	0.07609     
1           	311         	9.1         	0.3034      	0.5223      	0.07551     
1           	312         	9           	0.3046      	0.5268      	0.07353     
1           	313         	9.05        	0.3021      	0.5229      	0.07228     
1           	314         	9.1         	0.3006      	0.5217      	0.07056     
1           	315         	9           	0.2975      	0.5135      	0.07284     
1           	316         	8.85        	0.2995      	0.5169      	0.07302     
1           	317         	9.05        	0.3005      	0.5201      	0.07199     
1           	318         	8.9         	0.3046      	0.5235      	0.07668     
1           	319         	8.95        	0.3049      	0.5257      	0.07514     
1           	320         	8.95        	0.3061      	0.5293      	0.07408     
1           	321         	8.95        	0.3063      	0.5303      	0.07325     
1           	322         	9.05        	0.3071      	0.5311      	0.07395     
1           	323         	9.1         	0.3103      	0.5347      	0.07628     
1           	324         	9.05        	0.3127      	0.5388      	0.0765      
1           	325         	8.95        	0.3121      	0.5376      	0.07696     
1           	326         	8.95        	0.313       	0.5411      	0.07536     
1           	327         	9           	0.3138      	0.5432      	0.07469     
1           	328         	9.1         	0.3136      	0.541       	0.07626     
1           	329         	9           	0.3134      	0.5411      	0.07544     
1           	330         	9.1         	0.31        	0.534       	0.07609     
1           	331         	9           	0.308       	0.5335      	0.07261     
1           	332         	9.05        	0.3075      	0.5331      	0.07257     
1           	333         	9.2         	0.3113      	0.5396      	0.07348     
1           	334         	9.15        	0.3099      	0.5337      	0.07684     
1           	335         	9           	0.3127      	0.5377      	0.07853     
1           	336         	8.85        	0.3071      	0.5301      	0.07558     
1           	337         	8.8         	0.3049      	0.5255      	0.07607     
1           	338         	8.9         	0.3076      	0.5284      	0.07801     
1           	339         	8.9         	0.3041      	0.5223      	0.07747     
1           	340         	8.85        	0.3002      	0.5148      	0.07728     
1           	341         	8.9         	0.2994      	0.5158      	0.07468     
1           	342         	8.8         	0.298       	0.5124      	0.07488     
1           	343         	8.85        	0.2969      	0.5106      	0.07432     
1           	344         	8.8         	0.2963      	0.5101      	0.07369     
1           	345         	8.75        	0.2967      	0.5104      	0.07409     
1           	346         	8.9         	0.2963      	0.5094      	0.07443     
1           	347         	8.95        	0.296       	0.5094      	0.07347     
1           	348         	8.95        	0.2928      	0.5029      	0.07361     
1           	349         	8.85        	0.2932      	0.5059      	0.07156     
1           	350         	8.85        	0.2946      	0.5079      	0.07199     
1           	351         	8.95        	0.2907      	0.4985      	0.07395     
1           	352         	9.1         	0.2906      	0.4993      	0.07331     
1           	353         	9.25        	0.2905      	0.5016      	0.07075     
1           	354         	9.2         	0.2891      	0.4994      	0.07025     
1           	355         	9.2         	0.2878      	0.4989      	0.06786     
1           	356         	9.15        	0.2882      	0.501       	0.06635     
1           	357         	9.05        	0.2856      	0.496       	0.06568     
1           	358         	8.9         	0.2816      	0.4892      	0.06478     
1           	359         	9.2         	0.2814      	0.4873      	0.06641     
1           	360         	9.3         	0.281       	0.4858      	0.067       
1           	361         	9.25        	0.2795      	0.4802      	0.07037     
1           	362         	9.25        	0.2827      	0.4859      	0.071       
1           	363         	9.15        	0.2801      	0.4795      	0.07215     
1           	364         	9.15        	0.2792      	0.4778      	0.07215     
1           	365         	9.35        	0.2809      	0.4794      	0.07435     
1           	366         	9.15        	0.2793      	0.4769      	0.07391     
1           	367         	9.1         	0.2756      	0.4695      	0.07383     
1           	368         	9.15        	0.2757      	0.4686      	0.07508     
1           	369         	9.15        	0.2716      	0.4622      	0.07315     
1           	370         	9           	0.2717      	0.4602      	0.07557     
1           	371         	8.95        	0.2684      	0.4541      	0.075       
1           	372         	9.05        	0.2681      	0.453       	0.07596     
1           	373         	9.15        	0.2683      	0.4533      	0.07591     
1           	374         	9           	0.2665      	0.4512      	0.07441     
1           	375         	9           	0.268       	0.4544      	0.07422     
1           	376         	8.85        	0.2684      	0.4546      	0.07433     
1           	377         	8.8         	0.2687      	0.4565      	0.07294     
1           	378         	8.7         	0.2698      	0.4577      	0.07364     
1           	379         	8.95        	0.2693      	0.4592      	0.07126     
1           	380         	8.8         	0.2688      	0.4577      	0.07208     
1           	381         	8.85        	0.2682      	0.4565      	0.07231     
1           	382         	8.8         	0.2746      	0.4686      	0.07258     
1           	383         	8.9         	0.278       	0.4758      	0.07228     
1           	384         	9           	0.2771      	0.4726      	0.07392     
1           	385         	8.9         	0.276       	0.4694      	0.07503     
1           	386         	8.9         	0.2754      	0.4677      	0.07551     
1           	387         	8.7         	0.2728      	0.4627      	0.07534     
1           	388         	8.65        	0.2697      	0.4549      	0.07702     
1           	389         	8.45        	0.275       	0.4672      	0.075       
1           	390         	8.45        	0.2786      	0.4724      	0.07694     
1           	391         	8.45        	0.2789      	0.4729      	0.07697     
1           	392         	8.5         	0.2786      	0.4749      	0.07433     
1           	393         	8.35        	0.2785      	0.4738      	0.07519     
1           	394         	8.5         	0.2776      	0.4744      	0.07302     
1           	395         	8.5         	0.276       	0.47        	0.07383     
1           	396         	8.3         	0.278       	0.4729      	0.07466     
1           	397         	8.5         	0.2764      	0.4702      	0.07415     
1           	398         	8.5         	0.2748      	0.4705      	0.0706      
1           	399         	8.7         	0.2723      	0.4672      	0.06902     
1           	400         	8.55        	0.2746      	0.4707      	0.06988     
1           	401         	8.65        	0.2763      	0.4739      	0.07019     
1           	402         	8.65        	0.2784      	0.4754      	0.07266     
1           	403         	8.7         	0.2789      	0.4749      	0.074       
1           	404         	8.55        	0.2801      	0.4763      	0.07497     
1           	405         	8.45        	0.2795      	0.475       	0.07517     
1           	406         	8.55        	0.2799      	0.4771      	0.07376     
1           	407         	8.55        	0.278       	0.476       	0.07102     
1           	408         	8.6         	0.2821      	0.4855      	0.06979     
1           	409         	8.5         	0.2815      	0.4844      	0.06947     
1           	410         	8.4         	0.2836      	0.4892      	0.06916     
1           	411         	8.45        	0.2836      	0.4888      	0.06966     
1           	412         	8.55        	0.2827      	0.4867      	0.06998     
1           	413         	8.55        	0.2819      	0.4834      	0.07185     
1           	414         	8.45        	0.2841      	0.4833      	0.07632     
1           	415         	8.5         	0.2811      	0.4755      	0.07852     
1           	416         	8.4         	0.2806      	0.4751      	0.07825     
1           	417         	8.4         	0.2826      	0.4763      	0.08086     
1           	418         	8.5         	0.2786      	0.468       	0.08159     
1           	419         	8.65        	0.2813      	0.4716      	0.08335     
1           	420         	8.55        	0.2787      	0.4668      	0.08278     
1           	421         	8.5         	0.2796      	0.4665      	0.08466     
1           	422         	8.45        	0.2745      	0.4544      	0.08705     
1           	423         	8.35        	0.2762      	0.4581      	0.08646     
1           	424         	8.4         	0.2727      	0.4537      	0.0839      
1           	425         	8.45        	0.2716      	0.4518      	0.08337     
1           	426         	8.3         	0.2687      	0.4463      	0.08291     
1           	427         	8.45        	0.2693      	0.4464      	0.08393     
1           	428         	8.45        	0.2669      	0.4404      	0.08536     
1           	429         	8.55        	0.2651      	0.4384      	0.08408     
1           	430         	8.6         	0.2632      	0.4353      	0.08331     
1           	431         	8.65        	0.2657      	0.4402      	0.08352     
1           	432         	8.45        	0.2644      	0.4399      	0.08093     
1           	433         	8.4         	0.2646      	0.4406      	0.08067     
1           	434         	8.35        	0.2662      	0.444       	0.08019     
1           	435         	8.6         	0.2653      	0.4406      	0.08174     
1           	436         	8.5         	0.2643      	0.4385      	0.08172     
1           	437         	8.6         	0.2658      	0.4412      	0.08186     
1           	438         	8.8         	0.2672      	0.4466      	0.0791      
1           	439         	8.75        	0.2705      	0.4538      	0.07801     
1           	440         	8.7         	0.2666      	0.4478      	0.0766      
1           	441         	8.75        	0.2648      	0.4434      	0.07734     
1           	442         	8.65        	0.267       	0.4462      	0.07878     
1           	443         	8.45        	0.2661      	0.4447      	0.0789      
1           	444         	8.6         	0.2693      	0.4494      	0.0803      
1           	445         	8.5         	0.2728      	0.4552      	0.08178     
1           	446         	8.6         	0.273       	0.4536      	0.08356     
1           	447         	8.55        	0.2737      	0.4565      	0.08173     
1           	448         	8.5         	0.2736      	0.4559      	0.08259     
1           	449         	8.45        	0.2713      	0.4528      	0.08101     
1           	450         	8.7         	0.2705      	0.4504      	0.082       
1           	451         	8.65        	0.2672      	0.4427      	0.08319     
1           	452         	8.45        	0.2736      	0.4542      	0.0839      
1           	453         	8.7         	0.2708      	0.4481      	0.08466     
1           	454         	9.05        	0.2674      	0.4415      	0.08434     
1           	455         	8.85        	0.2637      	0.4352      	0.08362     
1           	456         	8.8         	0.2634      	0.4363      	0.08186     
1           	457         	8.8         	0.2606      	0.4293      	0.0837      
1           	458         	8.65        	0.262       	0.4318      	0.08405     
1           	459         	8.75        	0.2634      	0.4345      	0.08439     
1           	460         	8.6         	0.2607      	0.4292      	0.08446     
1           	461         	8.65        	0.2621      	0.4338      	0.0826      
1           	462         	8.55        	0.2582      	0.4287      	0.07952     
1           	463         	8.55        	0.262       	0.4338      	0.08186     
1           	464         	8.4         	0.2617      	0.4292      	0.08587     
1           	465         	8.4         	0.2606      	0.4276      	0.08506     
1           	466         	8.5         	0.2577      	0.4232      	0.08338     
1           	467         	8.3         	0.2571      	0.4232      	0.08188     
1           	468         	8.35        	0.2556      	0.4195      	0.0826      
1           	469         	8.4         	0.2507      	0.4099      	0.08289     
1           	470         	8.6         	0.2492      	0.4095      	0.08003     
1           	471         	8.4         	0.2491      	0.4067      	0.0826      
1           	472         	8.2         	0.2501      	0.4074      	0.0838      
1           	473         	8.5         	0.2488      	0.4037      	0.08502     
1           	474         	8.5         	0.2482      	0.4025      	0.08517     
1           	475         	8.65        	0.2485      	0.4007      	0.08772     
1           	476         	8.6         	0.2476      	0.4007      	0.08601     
1           	477         	8.6         	0.2469      	0.3979      	0.08727     
1           	478         	8.7         	0.2467      	0.3971      	0.08792     
1           	479         	8.6         	0.2474      	0.4         	0.0866      
1           	480         	8.7         	0.244       	0.3964      	0.08331     
1           	481         	8.85        	0.2431      	0.3929      	0.08507     
1           	482         	8.8         	0.2442      	0.3964      	0.08391     
1           	483         	8.75        	0.2493      	0.4056      	0.08436     
1           	484         	8.95        	0.2485      	0.405       	0.08318     
1           	485         	8.65        	0.2474      	0.402       	0.08414     
1           	486         	8.65        	0.248       	0.4031      	0.08442     
1           	487         	8.7         	0.2436      	0.3962      	0.08287     
1           	488         	8.7         	0.2447      	0.4007      	0.08035     
1           	489         	8.7         	0.2444      	0.4021      	0.07808     
1           	490         	8.95        	0.2411      	0.3964      	0.07752     
1           	491         	8.7         	0.2383      	0.39        	0.07834     
1           	492         	8.85        	0.2366      	0.3887      	0.07592     
1           	493         	8.85        	0.2363      	0.3896      	0.07453     
1           	494         	8.85        	0.2356      	0.3882      	0.07487     
1           	495         	9           	0.2331      	0.3842      	0.0736      
1           	496         	8.95        	0.2334      	0.3843      	0.0745      
1           	497         	9.05        	0.2344      	0.3869      	0.07339     
1           	498         	8.85        	0.2343      	0.3855      	0.07459     
1           	499         	8.7         	0.2343      	0.386       	0.07455     
1           	500         	8.75        	0.2348      	0.3832      	0.07779     
1           	501         	8.95        	0.2363      	0.3865      	0.07717     
1           	502         	8.85        	0.2381      	0.3889      	0.07845     
1           	503         	8.9         	0.2377      	0.3896      	0.07659     
1           	504         	8.6         	0.2336      	0.3833      	0.07503     
1           	505         	8.65        	0.2369      	0.3879      	0.07685     
1           	506         	8.65        	0.2336      	0.3806      	0.07786     
1           	507         	8.7         	0.2374      	0.3855      	0.08044     
1           	508         	8.6         	0.238       	0.3868      	0.08028     
1           	509         	8.65        	0.2361      	0.3833      	0.08035     
1           	510         	8.7         	0.2332      	0.376       	0.08188     
1           	511         	8.7         	0.2341      	0.3775      	0.08212     
1           	512         	8.8         	0.235       	0.3782      	0.08309     
1           	513         	8.7         	0.2351      	0.3799      	0.08164     
1           	514         	8.7         	0.2363      	0.3807      	0.08288     
1           	515         	8.55        	0.2379      	0.3784      	0.08845     
1           	516         	8.6         	0.2382      	0.3773      	0.09008     
1           	517         	8.75        	0.2374      	0.3765      	0.08941     
1           	518         	8.8         	0.2357      	0.3753      	0.08692     
1           	519         	8.65        	0.2349      	0.3752      	0.08532     
1           	520         	8.8         	0.233       	0.3759      	0.08115     
1           	521         	9           	0.2371      	0.3849      	0.08038     
1           	522         	8.9         	0.2369      	0.3853      	0.0793      
1           	523         	8.95        	0.2361      	0.383       	0.08007     
1           	524         	8.95        	0.2394      	0.3874      	0.08223     
1           	525         	9.1         	0.2377      	0.3816      	0.085       
1           	526         	8.95        	0.2392      	0.387       	0.08229     
1           	527         	8.85        	0.2398      	0.388       	0.08236     
1           	528         	8.75        	0.2399      	0.3871      	0.08325     
1           	529         	8.75        	0.235       	0.3782      	0.08264     
1           	530         	8.75        	0.2358      	0.3809      	0.0819      
1           	531         	8.8         	0.2376      	0.3848      	0.08128     
1           	532         	9.05        	0.2373      	0.3845      	0.08094     
1           	533         	8.75        	0.237       	0.3833      	0.08159     
1           	534         	8.65        	0.2368      	0.3819      	0.08296     
1           	535         	8.8         	0.237       	0.3812      	0.08393     
1           	536         	8.75        	0.2367      	0.3818      	0.08273     
1           	537         	8.8         	0.2369      	0.3835      	0.08148     
1           	538         	8.85        	0.2371      	0.3844      	0.08099     
1           	539         	8.9         	0.2345      	0.3798      	0.08064     
1           	540         	8.9         	0.2335      	0.3775      	0.0811      
1           	541         	8.75        	0.2304      	0.3729      	0.07978     
1           	542         	8.65        	0.2313      	0.3725      	0.08208     
1           	543         	8.75        	0.2348      	0.3791      	0.08227     
1           	544         	8.75        	0.2347      	0.3783      	0.0831      
1           	545         	8.65        	0.2345      	0.3767      	0.08462     
1           	546         	8.6         	0.2328      	0.372       	0.0862      
1           	547         	8.7         	0.2321      	0.3701      	0.08671     
1           	548         	8.95        	0.2328      	0.3709      	0.08719     
1           	549         	9.05        	0.2356      	0.3736      	0.0898      
1           	550         	8.9         	0.2355      	0.3738      	0.08934     
1           	551         	8.95        	0.2364      	0.3735      	0.09156     
1           	552         	8.95        	0.2371      	0.3756      	0.09093     
1           	553         	8.95        	0.2402      	0.3812      	0.09127     
1           	554         	8.95        	0.2413      	0.3803      	0.09415     
1           	555         	8.85        	0.2422      	0.3819      	0.09442     
1           	556         	9.05        	0.2388      	0.3741      	0.09585     
1           	557         	8.95        	0.237       	0.3695      	0.09682     
1           	558         	8.95        	0.2381      	0.3713      	0.09703     
1           	559         	8.9         	0.2424      	0.377       	0.09974     
1           	560         	8.9         	0.2448      	0.3821      	0.09918     
1           	561         	8.85        	0.2451      	0.3851      	0.09628     
1           	562         	8.85        	0.2445      	0.3832      	0.09698     
1           	563         	9           	0.2461      	0.3842      	0.09926     
1           	564         	8.9         	0.2476      	0.3887      	0.09753     
1           	565         	8.9         	0.2467      	0.3856      	0.09874     
1           	566         	8.65        	0.2461      	0.3852      	0.09777     
1           	567         	8.85        	0.2448      	0.3819      	0.09854     
1           	568         	8.75        	0.2428      	0.3768      	0.09971     
1           	569         	8.95        	0.2433      	0.3771      	0.1004      
1           	570         	8.85        	0.246       	0.382       	0.1006      
1           	571         	8.8         	0.246       	0.3822      	0.1006      
1           	572         	8.8         	0.2448      	0.3803      	0.09993     
1           	573         	8.75        	0.2467      	0.3844      	0.09952     
1           	574         	8.55        	0.2479      	0.384       	0.1022      
1           	575         	8.6         	0.2474      	0.3815      	0.1039      
1           	576         	8.7         	0.2482      	0.3849      	0.1017      
1           	577         	8.8         	0.2485      	0.3868      	0.1002      
1           	578         	8.9         	0.2504      	0.3895      	0.1012      
1           	579         	8.75        	0.2511      	0.3902      	0.1018      
1           	580         	8.85        	0.2455      	0.3809      	0.1004      
1           	581         	8.75        	0.2445      	0.3803      	0.09922     
1           	582         	8.7         	0.2451      	0.3816      	0.09924     
1           	583         	8.6         	0.2485      	0.3872      	0.1001      
1           	584         	8.65        	0.2485      	0.3889      	0.09825     
1           	585         	8.7         	0.2456      	0.3856      	0.09612     
1           	586         	8.7         	0.247       	0.3886      	0.09533     
1           	587         	8.65        	0.2446      	0.3857      	0.09344     
1           	588         	8.55        	0.245       	0.3845      	0.09598     
1           	589         	8.6         	0.2481      	0.3887      	0.0972      
1           	590         	8.55        	0.2466      	0.387       	0.09565     
1           	591         	8.65        	0.2473      	0.3868      	0.09744     
1           	592         	8.95        	0.246       	0.386       	0.09566     
1           	593         	8.8         	0.2463      	0.387       	0.09546     
1           	594         	8.95        	0.2457      	0.3849      	0.09636     
1           	595         	8.9         	0.2482      	0.3862      	0.1001      
1           	596         	8.9         	0.2483      	0.3862      	0.1003      
1           	597         	8.85        	0.251       	0.3913      	0.1002      
1           	598         	8.8         	0.2472      	0.3856      	0.09837     
1           	599         	8.7         	0.2492      	0.3913      	0.09605     
1           	600         	9           	0.2428      	0.3777      	0.09722     
1           	601         	9.05        	0.2409      	0.3753      	0.0956      
1           	602         	8.95        	0.239       	0.3722      	0.09543     
1           	603         	9.1         	0.2418      	0.3751      	0.09788     
1           	604         	9.1         	0.2419      	0.3758      	0.09761     
1           	605         	9.05        	0.242       	0.3761      	0.0976      
1           	606         	9           	0.2423      	0.3761      	0.09842     
1           	607         	8.9         	0.2438      	0.3772      	0.1002      
1           	608         	8.85        	0.2448      	0.3763      	0.1032      
1           	609         	8.9         	0.2474      	0.3778      	0.1066      
1           	610         	8.75        	0.2481      	0.3789      	0.1066      
1           	611         	8.65        	0.2463      	0.3751      	0.1071      
1           	612         	8.6         	0.2465      	0.3747      	0.1081      
1           	613         	8.85        	0.2454      	0.372       	0.1087      
1           	614         	8.95        	0.2504      	0.3802      	0.1107      
1           	615         	8.9         	0.254       	0.3893      	0.1085      
1           	616         	8.85        	0.2524      	0.3879      	0.1067      
1           	617         	8.95        	0.2557      	0.3912      	0.1102      
1           	618         	9           	0.2541      	0.3902      	0.1081      
1           	619         	9           	0.2512      	0.3833      	0.1099      
1           	620         	8.8         	0.2495      	0.3811      	0.1091      
1           	621         	8.85        	0.2477      	0.3773      	0.1096      
1           	622         	9.05        	0.2476      	0.3787      	0.1081      
1           	623         	9.05        	0.2469      	0.378       	0.1071      
1           	624         	8.95        	0.2437      	0.3732      	0.1053      
1           	625         	8.95        	0.2473      	0.3794      	0.1063      
1           	626         	8.95        	0.2491      	0.3807      	0.1083      
1           	627         	8.85        	0.2501      	0.3815      	0.1096      
1           	628         	8.7         	0.2514      	0.3807      	0.1129      
1           	629         	8.75        	0.2513      	0.3799      	0.1136      
1           	630         	8.9         	0.2497      	0.3773      	0.1127      
1           	631         	8.9         	0.2504      	0.3798      	0.1118      
1           	632         	8.7         	0.2445      	0.3688      	0.1114      
1           	633         	8.6         	0.2426      	0.3647      	0.1118      
1           	634         	8.65        	0.2392      	0.3582      	0.1119      
1           	635         	8.7         	0.2385      	0.3574      	0.1114      
1           	636         	8.9         	0.2352      	0.3505      	0.1119      
1           	637         	8.9         	0.2369      	0.3516      	0.1139      
1           	638         	8.95        	0.2349      	0.3493      	0.1125      
1           	639         	8.95        	0.2376      	0.3524      	0.1147      
1           	640         	8.8         	0.2363      	0.3477      	0.117       
1           	641         	9.05        	0.2364      	0.3464      	0.1186      
1           	642         	9.1         	0.2369      	0.3479      	0.1178      
1           	643         	9.1         	0.2338      	0.3431      	0.1171      
1           	644         	9.05        	0.2345      	0.3428      	0.1191      
1           	645         	9.05        	0.2333      	0.3408      	0.1189      
1           	646         	9           	0.2394      	0.3526      	0.1184      
1           	647         	8.95        	0.2367      	0.3457      	0.1203      
1           	648         	9.05        	0.2381      	0.3469      	0.1217      
1           	649         	8.95        	0.2381      	0.3489      	0.1196      
1           	650         	8.95        	0.234       	0.3427      	0.118       
1           	651         	8.7         	0.2366      	0.3468      	0.1189      
1           	652         	8.7         	0.2346      	0.3439      	0.1178      
1           	653         	8.6         	0.2343      	0.3437      	0.1171      
1           	654         	8.85        	0.2346      	0.3421      	0.1194      
1           	655         	8.8         	0.2364      	0.3466      	0.1184      
1           	656         	8.65        	0.2391      	0.3518      	0.118       
1           	657         	8.9         	0.2369      	0.3487      	0.117       
1           	658         	8.8         	0.2375      	0.3496      	0.1173      
1           	659         	8.65        	0.2348      	0.3462      	0.1156      
1           	660         	8.7         	0.2394      	0.3507      	0.1204      
1           	661         	8.7         	0.2394      	0.3515      	0.1196      
1           	662         	8.75        	0.2415      	0.3538      	0.1215      
1           	663         	8.8         	0.2416      	0.3556      	0.1198      
1           	664         	8.75        	0.2431      	0.3582      	0.1205      
1           	665         	8.65        	0.2409      	0.3548      	0.1192      
1           	666         	8.7         	0.2373      	0.3477      	0.1196      
1           	667         	8.8         	0.2428      	0.3555      	0.1225      
1           	668         	8.8         	0.2427      	0.3512      	0.1269      
1           	669         	8.85        	0.2468      	0.3583      	0.1279      
1           	670         	8.75        	0.2496      	0.3606      	0.1312      
1           	671         	8.55        	0.2494      	0.3582      	0.1333      
1           	672         	8.5         	0.2443      	0.3512      	0.1303      
1           	673         	8.65        	0.2448      	0.3513      	0.131       
1           	674         	8.45        	0.2423      	0.3485      	0.1293      
1           	675         	8.55        	0.2436      	0.3493      	0.1311      
1           	676         	8.55        	0.2451      	0.352       	0.1313      
1           	677         	8.6         	0.2476      	0.3555      	0.1328      
1           	678         	8.65        	0.2479      	0.3524      	0.1366      
1           	679         	8.7         	0.25        	0.3548      	0.1383      
1           	680         	8.55        	0.252       	0.3549      	0.1425      
1           	681         	8.45        	0.2538      	0.3584      	0.1422      
1           	682         	8.3         	0.2549      	0.3586      	0.1445      
1           	683         	8.45        	0.2533      	0.3572      	0.1428      
1           	684         	8.5         	0.2529      	0.3572      	0.1419      
1           	685         	8.5         	0.254       	0.3574      	0.1439      
1           	686         	8.35        	0.257       	0.3621      	0.145       
1           	687         	8.35        	0.2583      	0.3632      	0.1464      
1           	688         	8.4         	0.257       	0.3602      	0.1469      
1           	689         	8.35        	0.254       	0.3526      	0.1487      
1           	690         	8.3         	0.2567      	0.3578      	0.1486      
1           	691         	8.3         	0.2565      	0.3568      	0.1493      
1           	692         	8.4         	0.2562      	0.3561      	0.1492      
1           	693         	8.45        	0.256       	0.3538      	0.1514      
1           	694         	8.6         	0.2526      	0.347       	0.1518      
1           	695         	8.5         	0.2523      	0.3462      	0.1519      
1           	696         	8.6         	0.2503      	0.3441      	0.1504      
1           	697         	8.5         	0.2492      	0.3402      	0.1522      
1           	698         	8.8         	0.2503      	0.3415      	0.1532      
1           	699         	8.7         	0.2514      	0.3414      	0.1554      
1           	700         	8.6         	0.2491      	0.3362      	0.1559      
1           	701         	8.55        	0.2497      	0.3375      	0.156       
1           	702         	8.6         	0.2527      	0.3427      	0.1564      
1           	703         	8.55        	0.2531      	0.3447      	0.1553      
1           	704         	8.5         	0.2577      	0.3525      	0.1564      
1           	705         	8.4         	0.2559      	0.3488      	0.1564      
1           	706         	8.45        	0.2572      	0.3524      	0.1549      
1           	707         	8.55        	0.2575      	0.354       	0.1539      
1           	708         	8.5         	0.2539      	0.3469      	0.1541      
1           	709         	8.4         	0.252       	0.3437      	0.1534      
1           	710         	8.55        	0.2489      	0.34        	0.1507      
1           	711         	8.2         	0.2509      	0.3401      	0.1545      
1           	712         	8.4         	0.2526      	0.3417      	0.1559      
1           	713         	8.6         	0.2524      	0.3384      	0.1593      
1           	714         	8.5         	0.2542      	0.3424      	0.1589      
1           	715         	8.55        	0.2513      	0.3375      	0.158       
1           	716         	8.45        	0.2489      	0.3338      	0.1569      
1           	717         	8.55        	0.2483      	0.3335      	0.1561      
1           	718         	8.45        	0.2491      	0.3321      	0.1591      
1           	719         	8.2         	0.2472      	0.3285      	0.159       
1           	720         	8.55        	0.2489      	0.3296      	0.1614      
1           	721         	8.5         	0.2466      	0.3239      	0.1627      
1           	722         	8.55        	0.2437      	0.3203      	0.1605      
1           	723         	8.4         	0.2431      	0.3169      	0.1628      
1           	724         	8.4         	0.242       	0.3167      	0.1608      
1           	725         	8.65        	0.2433      	0.32        	0.1602      
1           	726         	8.65        	0.2422      	0.3179      	0.1601      
1           	727         	8.35        	0.2462      	0.3232      	0.1631      
1           	728         	8.45        	0.2487      	0.3272      	0.1637      
1           	729         	8.45        	0.2471      	0.3228      	0.1655      
1           	730         	8.45        	0.2492      	0.3229      	0.1698      
1           	731         	8.55        	0.2457      	0.3158      	0.1699      
1           	732         	8.35        	0.2469      	0.3179      	0.1704      
1           	733         	8.4         	0.2454      	0.3159      	0.1693      
1           	734         	8.5         	0.2464      	0.3136      	0.1739      
1           	735         	8.3         	0.2466      	0.3127      	0.1751      
1           	736         	8.45        	0.2481      	0.3096      	0.1813      
1           	737         	8.2         	0.2465      	0.3071      	0.1809      
1           	738         	8.25        	0.2473      	0.3087      	0.181       
1           	739         	8.35        	0.2456      	0.3073      	0.1789      
1           	740         	8.4         	0.2471      	0.309       	0.1802      
1           	741         	8.4         	0.2475      	0.3068      	0.1834      
1           	742         	8.45        	0.2497      	0.3097      	0.1847      
1           	743         	8.55        	0.2499      	0.3095      	0.1853      
1           	744         	8.45        	0.2506      	0.3093      	0.1868      
1           	745         	8.3         	0.2521      	0.3133      	0.1857      
1           	746         	8.3         	0.252       	0.3114      	0.1876      
1           	747         	8.2         	0.2502      	0.3103      	0.185       
1           	748         	8.25        	0.2515      	0.3117      	0.1863      
1           	749         	8.2         	0.2532      	0.3139      	0.1874      
1           	750         	8.35        	0.2535      	0.3155      	0.1862      
1           	751         	8.45        	0.2522      	0.3112      	0.1884      
1           	752         	8.5         	0.2541      	0.3171      	0.1859      
1           	753         	8.4         	0.2551      	0.316       	0.1893      
1           	754         	8.4         	0.2514      	0.3102      	0.188       
1           	755         	8.35        	0.2552      	0.3161      	0.1893      
1           	756         	8.2         	0.2529      	0.311       	0.1899      
1           	757         	8.45        	0.2499      	0.3081      	0.1869      
1           	758         	8.45        	0.2508      	0.3104      	0.1864      
1           	759         	8.6         	0.2525      	0.3094      	0.1907      
1           	760         	8.75        	0.2507      	0.3075      	0.189       
1           	761         	8.45        	0.25        	0.307       	0.188       
1           	762         	8.4         	0.2502      	0.3056      	0.1898      
1           	763         	8.5         	0.2519      	0.3061      	0.1928      
1           	764         	8.6         	0.2518      	0.3046      	0.1943      
1           	765         	8.55        	0.2505      	0.3028      	0.1936      
1           	766         	8.7         	0.2463      	0.2994      	0.1887      
1           	767         	8.7         	0.2457      	0.2999      	0.1867      
1           	768         	8.85        	0.2472      	0.3038      	0.1855      
1           	769         	8.75        	0.2463      	0.3038      	0.1837      
1           	770         	8.65        	0.2458      	0.3018      	0.1851      
1           	771         	8.65        	0.2477      	0.3058      	0.1845      
1           	772         	8.7         	0.2495      	0.3061      	0.1879      
1           	773         	8.55        	0.2478      	0.3046      	0.1859      
1           	774         	8.5         	0.2461      	0.3008      	0.1864      
1           	775         	8.5         	0.2446      	0.3002      	0.184       
1           	776         	8.45        	0.2442      	0.3026      	0.1808      
1           	777         	8.5         	0.2422      	0.301       	0.1781      
1           	778         	8.25        	0.2439      	0.3039      	0.1785      
1           	779         	8.3         	0.2472      	0.3076      	0.1813      
1           	780         	8.55        	0.2455      	0.3049      	0.1807      
1           	781         	8.6         	0.2481      	0.3064      	0.1843      
1           	782         	8.65        	0.2462      	0.304       	0.183       
1           	783         	8.75        	0.2473      	0.3053      	0.1838      
1           	784         	8.7         	0.2483      	0.3063      	0.1848      
1           	785         	8.85        	0.2457      	0.3019      	0.1844      
1           	786         	8.8         	0.245       	0.3018      	0.1833      
1           	787         	8.7         	0.2449      	0.3021      	0.1826      
1           	788         	8.7         	0.2453      	0.3007      	0.185       
1           	789         	8.65        	0.2452      	0.2984      	0.1874      
1           	790         	8.65        	0.2468      	0.3027      	0.186       
1           	791         	8.75        	0.2456      	0.3003      	0.1862      
1           	792         	8.85        	0.2467      	0.2998      	0.1891      
1           	793         	8.8         	0.2447      	0.3011      	0.1834      
1           	794         	8.75        	0.2463      	0.3041      	0.1834      
1           	795         	8.85        	0.2436      	0.2998      	0.1825      
1           	796         	8.85        	0.2465      	0.304       	0.1841      
1           	797         	8.7         	0.2459      	0.3012      	0.1859      
1           	798         	8.7         	0.2499      	0.306       	0.1889      
1           	799         	8.65        	0.2471      	0.2999      	0.1896      
1           	800         	8.75        	0.246       	0.2964      	0.191       
1           	801         	8.65        	0.2477      	0.2981      	0.1928      
1           	802         	8.7         	0.246       	0.2971      	0.1902      
1           	803         	8.75        	0.2448      	0.2935      	0.1915      
1           	804         	8.65        	0.244       	0.2923      	0.1911      
1           	805         	8.5         	0.2435      	0.2939      	0.1882      
1           	806         	8.45        	0.2423      	0.292       	0.1878      
1           	807         	8.5         	0.2432      	0.293       	0.1886      
1           	808         	8.6         	0.2417      	0.2906      	0.1879      
1           	809         	8.45        	0.2413      	0.292       	0.1859      
1           	810         	8.55        	0.2412      	0.2878      	0.1901      
1           	811         	8.55        	0.2442      	0.2924      	0.1914      
1           	812         	8.4         	0.2408      	0.2868      	0.1904      
1           	813         	8.3         	0.2422      	0.286       	0.1943      
1           	814         	8.45        	0.244       	0.2897      	0.1941      
1           	815         	8.7         	0.2435      	0.288       	0.1951      
1           	816         	8.65        	0.242       	0.2881      	0.1917      
1           	817         	8.15        	0.2403      	0.2892      	0.187       
1           	818         	8.15        	0.2425      	0.292       	0.1884      
1           	819         	8.2         	0.2376      	0.284       	0.1869      
1           	820         	8.2         	0.237       	0.2829      	0.1869      
1           	821         	8.35        	0.2374      	0.2821      	0.1883      
1           	822         	8.15        	0.2394      	0.2855      	0.1892      
1           	823         	8.1         	0.2403      	0.2873      	0.1892      
1           	824         	8.1         	0.2385      	0.2869      	0.1856      
1           	825         	8.25        	0.238       	0.2879      	0.1834      
1           	826         	8.3         	0.2349      	0.2866      	0.1783      
1           	827         	8.25        	0.2383      	0.2916      	0.1798      
1           	828         	8.25        	0.2363      	0.2922      	0.1751      
1           	829         	8.55        	0.236       	0.2909      	0.1759      
1           	830         	8.6         	0.2356      	0.291       	0.1748      
1           	831         	8.35        	0.2343      	0.2918      	0.1712      
1           	832         	8.35        	0.2304      	0.2851      	0.1704      
1           	833         	8.3         	0.2291      	0.2827      	0.1703      
1           	834         	8.5         	0.2279      	0.2824      	0.1681      
1           	835         	8.45        	0.2289      	0.284       	0.1683      
1           	836         	8.5         	0.2296      	0.2834      	0.1706      
1           	837         	8.45        	0.2306      	0.2847      	0.1712      
1           	838         	8.45        	0.2305      	0.2799      	0.1762      
1           	839         	8.6         	0.2296      	0.2799      	0.1743      
1           	840         	8.55        	0.2257      	0.2762      	0.1703      
1           	841         	8.65        	0.225       	0.2758      	0.1692      
1           	842         	8.55        	0.221       	0.2726      	0.1645      
1           	843         	8.55        	0.2195      	0.2729      	0.1609      
1           	844         	8.55        	0.2223      	0.2752      	0.164       
1           	845         	8.45        	0.2229      	0.2743      	0.1662      
1           	846         	8.45        	0.2226      	0.275       	0.165       
1           	847         	8.35        	0.2238      	0.2763      	0.1659      
1           	848         	8.4         	0.2241      	0.2741      	0.1689      
1           	849         	8.3         	0.2244      	0.2738      	0.1697      
1           	850         	8.5         	0.2245      	0.2776      	0.1658      
1           	851         	8.55        	0.2249      	0.2724      	0.1725      
1           	852         	8.5         	0.2233      	0.271       	0.1705      
1           	853         	8.3         	0.2248      	0.2751      	0.1692      
1           	854         	8.3         	0.2227      	0.2748      	0.1653      
1           	855         	8.25        	0.2223      	0.2726      	0.1669      
1           	856         	8.25        	0.2232      	0.2763      	0.1648      
1           	857         	8.3         	0.2219      	0.2735      	0.1652      
1           	858         	8.2         	0.2249      	0.2753      	0.1696      
1           	859         	8.1         	0.2249      	0.2734      	0.1717      
1           	860         	8.15        	0.2251      	0.2728      	0.1726      
1           	861         	8.1         	0.2226      	0.267       	0.1739      
1           	862         	7.9         	0.2234      	0.2659      	0.1765      
1           	863         	7.9         	0.2248      	0.2668      	0.1783      
1           	864         	8.2         	0.2257      	0.2687      	0.1782      
1           	865         	8.2         	0.2274      	0.2678      	0.1826      
1           	866         	8.35        	0.2252      	0.265       	0.1812      
1           	867         	8.15        	0.2256      	0.2648      	0.1823      
1           	868         	8.5         	0.2221      	0.2606      	0.1796      
1           	869         	8.45        	0.2237      	0.2612      	0.1822      
1           	870         	8.6         	0.2237      	0.2617      	0.1817      
1           	871         	8.5         	0.2181      	0.2536      	0.1789      
1           	872         	8.6         	0.2189      	0.2541      	0.1799      
1           	873         	8.5         	0.2223      	0.2578      	0.1829      
1           	874         	8.75        	0.2186      	0.2526      	0.1808      
1           	875         	8.5         	0.2178      	0.2483      	0.1838      
1           	876         	8.5         	0.217       	0.2458      	0.1849      
1           	877         	8.4         	0.2156      	0.2437      	0.1843      
1           	878         	8.6         	0.2142      	0.2416      	0.1836      
1           	879         	8.8         	0.2132      	0.2431      	0.1798      
1           	880         	8.7         	0.2133      	0.2444      	0.1787      
1           	881         	8.7         	0.212       	0.2446      	0.1757      
1           	882         	8.6         	0.2099      	0.2387      	0.1777      
1           	883         	8.6         	0.2091      	0.2372      	0.1778      
1           	884         	8.6         	0.2062      	0.2297      	0.18        
1           	885         	8.6         	0.2071      	0.2323      	0.1789      
1           	886         	8.4         	0.203       	0.227       	0.1763      
1           	887         	8.3         	0.2019      	0.224       	0.1773      
1           	888         	8.5         	0.1999      	0.2232      	0.1737      
1           	889         	8.35        	0.1985      	0.2188      	0.1758      
1           	890         	8.25        	0.1975      	0.2186      	0.174       
1           	891         	8.15        	0.1971      	0.2167      	0.1751      
1           	892         	8.1         	0.1981      	0.2165      	0.1774      
1           	893         	8.15        	0.199       	0.2167      	0.1791      
1           	894         	8           	0.1968      	0.2144      	0.1769      
1           	895         	7.9         	0.1966      	0.2161      	0.1745      
1           	896         	8.2         	0.1989      	0.2184      	0.1769      
1           	897         	8.1         	0.199       	0.2194      	0.1759      
1           	898         	8.15        	0.1979      	0.2161      	0.1774      
1           	899         	8.1         	0.2007      	0.2217      	0.1771      
1           	900         	8.2         	0.2001      	0.219       	0.1788      
1           	901         	8.2         	0.2004      	0.2212      	0.1769      
1           	902         	8.25        	0.2008      	0.2198      	0.1793      
1           	903         	8.2         	0.2027      	0.221       	0.1822      
1           	904         	8.1         	0.2007      	0.2219      	0.1768      
1           	905         	8.2         	0.2         	0.2236      	0.1735      
1           	906         	8.25        	0.199       	0.2226      	0.1725      
1           	907         	8.5         	0.2009      	0.2243      	0.1746      
1           	908         	8.6         	0.2012      	0.2232      	0.1765      
1           	909         	8.4         	0.2005      	0.2223      	0.176       
1           	910         	8.45        	0.2008      	0.2183      	0.1809      
1           	911         	8.25        	0.2015      	0.2183      	0.1826      
1           	912         	8.15        	0.2004      	0.2148      	0.1841      
1           	913         	8.3         	0.2004      	0.2172      	0.1815      
1           	914         	8.5         	0.2014      	0.2201      	0.1802      
1           	915         	8.4         	0.2013      	0.222       	0.178       
1           	916         	8.35        	0.2032      	0.2252      	0.1784      
1           	917         	8.3         	0.2011      	0.221       	0.1786      
1           	918         	8.1         	0.2013      	0.222       	0.178       
1           	919         	8.3         	0.1988      	0.2188      	0.1761      
1           	920         	8.25        	0.199       	0.2193      	0.1761      
1           	921         	8.4         	0.2007      	0.2223      	0.1763      
1           	922         	8.35        	0.2003      	0.2233      	0.1741      
1           	923         	8.15        	0.2003      	0.2208      	0.1769      
1           	924         	8.1         	0.199       	0.2195      	0.1757      
1           	925         	8.25        	0.2008      	0.2193      	0.1797      
1           	926         	8.2         	0.2015      	0.2159      	0.185       
1           	927         	8.3         	0.2014      	0.2166      	0.184       
1           	928         	8.2         	0.2034      	0.2204      	0.1838      
1           	929         	8.1         	0.2051      	0.2204      	0.1875      
1           	930         	8.25        	0.2044      	0.2207      	0.1858      
1           	931         	8.4         	0.202       	0.2203      	0.1812      
1           	932         	8.4         	0.2         	0.2199      	0.1774      
1           	933         	8.5         	0.2018      	0.2205      	0.1804      
1           	934         	8.45        	0.2018      	0.2171      	0.1843      
1           	935         	8.35        	0.1999      	0.216       	0.1815      
1           	936         	8.15        	0.2013      	0.213       	0.188       
1           	937         	8.2         	0.2021      	0.2115      	0.1914      
1           	938         	8.25        	0.2026      	0.2105      	0.1935      
1           	939         	8.15        	0.2016      	0.21        	0.192       
1           	940         	8.1         	0.1997      	0.2106      	0.1873      
1           	941         	8.05        	0.1998      	0.2088      	0.1896      
1           	942         	8.1         	0.2007      	0.2072      	0.1932      
1           	943         	7.95        	0.2023      	0.2092      	0.1942      
1           	944         	8           	0.2017      	0.2099      	0.1923      
1           	945         	7.95        	0.2005      	0.207       	0.1931      
1           	946         	8.05        	0.1999      	0.2064      	0.1924      
1           	947         	8.05        	0.1999      	0.2071      	0.1916      
1           	948         	8.1         	0.2012      	0.2081      	0.1932      
1           	949         	7.9         	0.2019      	0.2081      	0.1948      
1           	950         	7.6         	0.2008      	0.2059      	0.195       
1           	951         	7.6         	0.2013      	0.2045      	0.1976      
1           	952         	7.6         	0.2027      	0.2064      	0.1984      
1           	953         	7.8         	0.2035      	0.2084      	0.1978      
1           	954         	7.75        	0.2033      	0.209       	0.1968      
1           	955         	7.75        	0.2067      	0.2103      	0.2025      
1           	956         	7.8         	0.208       	0.2104      	0.2052      
1           	957         	7.7         	0.2072      	0.2074      	0.2071      
1           	958         	7.65        	0.2057      	0.2071      	0.204       
1           	959         	7.65        	0.2067      	0.2088      	0.2043      
1           	960         	7.85        	0.2061      	0.2093      	0.2025      
1           	961         	7.8         	0.2073      	0.21        	0.2043      
1           	962         	7.8         	0.2077      	0.21        	0.205       
1           	963         	7.75        	0.2091      	0.2125      	0.2053      
1           	964         	7.6         	0.2091      	0.2118      	0.206       
1           	965         	7.65        	0.2068      	0.2103      	0.2028      
1           	966         	7.35        	0.2089      	0.2105      	0.2071      
1           	967         	7.4         	0.2095      	0.2126      	0.206       
1           	968         	7.6         	0.2072      	0.2106      	0.2033      
1           	969         	7.55        	0.208       	0.2101      	0.2056      
1           	970         	7.6         	0.2108      	0.2145      	0.2066      
1           	971         	7.5         	0.2119      	0.2164      	0.2067      
1           	972         	7.45        	0.2101      	0.2151      	0.2044      
1           	973         	7.55        	0.2114      	0.2159      	0.2062      
1           	974         	7.6         	0.2091      	0.2149      	0.2025      
1           	975         	7.3         	0.2066      	0.2124      	0.2001      
1           	976         	7.4         	0.2101      	0.2151      	0.2044      
1           	977         	7.4         	0.2097      	0.2177      	0.2006      
1           	978         	7.5         	0.2086      	0.2138      	0.2026      
1           	979         	7.45        	0.2081      	0.2101      	0.2058      
1           	980         	7.5         	0.2116      	0.2125      	0.2106      
1           	981         	7.55        	0.2116      	0.2072      	0.2166      
1           	982         	7.55        	0.2147      	0.2097      	0.2204      
1           	983         	7.65        	0.2169      	0.212       	0.2225      
1           	984         	7.55        	0.2184      	0.2118      	0.2258      
1           	985         	7.6         	0.2201      	0.2163      	0.2244      
1           	986         	7.6         	0.2198      	0.2146      	0.2257      
1           	987         	7.55        	0.2212      	0.2145      	0.2288      
1           	988         	7.65        	0.2188      	0.2143      	0.2239      
1           	989         	7.75        	0.2192      	0.2152      	0.2237      
1           	990         	7.7         	0.2188      	0.2174      	0.2205      
1           	991         	7.85        	0.2169      	0.2138      	0.2204      
1           	992         	7.9         	0.2184      	0.2137      	0.2238      
1           	993         	7.85        	0.2221      	0.2163      	0.2288      
1           	994         	7.95        	0.2189      	0.2155      	0.2227      
1           	995         	7.9         	0.2209      	0.2145      	0.2281      
1           	996         	7.75        	0.2209      	0.2149      	0.2277      
1           	997         	7.85        	0.2196      	0.213       	0.2271      
1           	998         	7.85        	0.2221      	0.215       	0.2303      
1           	999         	7.85        	0.2184      	0.2112      	0.2267      
1           	1000        	7.9         	0.2174      	0.2107      	0.2251      
