generation  	alive.rpl   	n.adlt.nbAll	n.adlt.fst  	n.adlt.fst_l1	n.adlt.fst_l2
1           	1           	5.5         	0.5058      	1           	9.764e-06   
2           	1           	5.9         	0.5056      	0.9978      	0.0007923   
3           	1           	6.7         	0.5045      	0.9946      	0.001216    
4           	1           	6.9         	0.5037      	0.992       	0.001642    
5           	1           	7.1         	0.503       	0.99        	0.00249     
6           	1           	7.3         	0.5014      	0.9857      	0.002999    
7           	1           	7.55        	0.5003      	0.9831      	0.003455    
8           	1           	7.6         	0.5004      	0.9828      	0.003829    
9           	1           	7.45        	0.5006      	0.9823      	0.004046    
10          	1           	7.45        	0.4993      	0.9806      	0.00395     
11          	1           	7.5         	0.4986      	0.9772      	0.00535     
12          	1           	7.75        	0.4982      	0.9762      	0.005481    
13          	1           	7.55        	0.4972      	0.9738      	0.005507    
14          	1           	7.75        	0.4945      	0.9693      	0.005404    
15          	1           	8.1         	0.4929      	0.9664      	0.005418    
16          	1           	8           	0.4922      	0.9647      	0.005843    
17          	1           	8.05        	0.4921      	0.9645      	0.00604     
18          	1           	8.25        	0.4894      	0.9588      	0.006411    
19          	1           	8           	0.4882      	0.9555      	0.007075    
20          	1           	8.15        	0.4869      	0.9521      	0.007812    
21          	1           	8.3         	0.4858      	0.9494      	0.007692    
22          	1           	8.35        	0.484       	0.9453      	0.007883    
23          	1           	8.35        	0.4831      	0.944       	0.00773     
24          	1           	8.45        	0.4816      	0.9414      	0.007554    
25          	1           	8.45        	0.4817      	0.9412      	0.007749    
26          	1           	8.4         	0.4817      	0.9424      	0.00742     
27          	1           	8.35        	0.482       	0.9418      	0.008631    
28          	1           	8.4         	0.4812      	0.939       	0.009586    
29          	1           	8.4         	0.4811      	0.9385      	0.01001     
30          	1           	8.35        	0.4791      	0.9339      	0.01029     
31          	1           	8.7         	0.4768      	0.9281      	0.01099     
32          	1           	8.7         	0.4765      	0.9269      	0.01176     
33          	1           	8.8         	0.4739      	0.9215      	0.01233     
34          	1           	8.85        	0.4735      	0.9202      	0.01236     
35          	1           	8.85        	0.4728      	0.9182      	0.01386     
36          	1           	8.75        	0.474       	0.9195      	0.01508     
37          	1           	8.7         	0.4716      	0.9136      	0.01608     
38          	1           	8.8         	0.4731      	0.9167      	0.01552     
39          	1           	8.7         	0.4729      	0.9158      	0.01643     
40          	1           	8.75        	0.4748      	0.9184      	0.01723     
41          	1           	8.95        	0.4741      	0.9165      	0.0181      
42          	1           	8.8         	0.4763      	0.9209      	0.01839     
43          	1           	8.75        	0.4737      	0.9143      	0.0192      
44          	1           	8.85        	0.4717      	0.9091      	0.0202      
45          	1           	8.75        	0.4717      	0.9082      	0.02025     
46          	1           	8.75        	0.473       	0.9097      	0.02155     
47          	1           	8.75        	0.4704      	0.9034      	0.02253     
48          	1           	8.75        	0.4693      	0.9006      	0.02297     
49          	1           	8.75        	0.4695      	0.9015      	0.02293     
50          	1           	8.95        	0.4679      	0.8973      	0.02399     
51          	1           	8.85        	0.4687      	0.8972      	0.02512     
52          	1           	8.75        	0.4674      	0.8951      	0.02489     
53          	1           	8.55        	0.469       	0.8961      	0.02628     
54          	1           	8.6         	0.4675      	0.8936      	0.02549     
55          	1           	8.6         	0.4679      	0.894       	0.02568     
56          	1           	8.65        	0.467       	0.8931      	0.02539     
57          	1           	8.85        	0.4659      	0.8901      	0.02699     
58          	1           	8.8         	0.4672      	0.8927      	0.02703     
59          	1           	8.75        	0.4666      	0.8918      	0.02661     
60          	1           	8.7         	0.467       	0.8925      	0.02702     
61          	1           	8.75        	0.4657      	0.8897      	0.02677     
62          	1           	8.7         	0.4641      	0.8868      	0.02624     
63          	1           	8.8         	0.4617      	0.8821      	0.02641     
64          	1           	8.95        	0.4611      	0.8786      	0.02818     
65          	1           	9           	0.4602      	0.8766      	0.02824     
66          	1           	9           	0.4592      	0.8742      	0.02828     
67          	1           	9.1         	0.4552      	0.8659      	0.02944     
68          	1           	8.95        	0.4542      	0.8627      	0.03127     
69          	1           	9           	0.4528      	0.8605      	0.03126     
70          	1           	9.05        	0.4488      	0.8533      	0.03072     
71          	1           	9.2         	0.4478      	0.8514      	0.03065     
72          	1           	9           	0.4492      	0.8546      	0.02983     
73          	1           	8.95        	0.4498      	0.8557      	0.03003     
74          	1           	9.05        	0.4468      	0.8492      	0.03052     
75          	1           	8.9         	0.4458      	0.8477      	0.02957     
76          	1           	9           	0.4437      	0.8445      	0.02896     
77          	1           	9.05        	0.4452      	0.8492      	0.02689     
78          	1           	9           	0.4482      	0.8542      	0.02771     
79          	1           	8.95        	0.4484      	0.8544      	0.02768     
80          	1           	8.95        	0.448       	0.8543      	0.02755     
81          	1           	8.95        	0.4482      	0.854       	0.02855     
82          	1           	8.8         	0.4501      	0.8559      	0.03013     
83          	1           	8.8         	0.4485      	0.8517      	0.03104     
84          	1           	8.65        	0.4499      	0.8537      	0.03218     
85          	1           	8.6         	0.4466      	0.8473      	0.03246     
86          	1           	8.65        	0.4471      	0.8487      	0.03225     
87          	1           	8.55        	0.4438      	0.8414      	0.03326     
88          	1           	8.6         	0.4443      	0.8437      	0.03188     
89          	1           	8.65        	0.4425      	0.8398      	0.03181     
90          	1           	8.75        	0.4428      	0.8405      	0.03179     
91          	1           	9           	0.4426      	0.8389      	0.03285     
92          	1           	8.95        	0.4422      	0.8378      	0.03302     
93          	1           	9           	0.4411      	0.8333      	0.03488     
94          	1           	8.95        	0.4424      	0.8359      	0.03517     
95          	1           	9           	0.4461      	0.8415      	0.03735     
96          	1           	8.95        	0.4496      	0.848       	0.03748     
97          	1           	8.8         	0.4482      	0.8457      	0.03653     
98          	1           	8.7         	0.4445      	0.8376      	0.03686     
99          	1           	8.65        	0.4413      	0.8307      	0.03712     
100         	1           	8.7         	0.4449      	0.8365      	0.03818     
101         	1           	8.95        	0.4425      	0.8319      	0.03763     
102         	1           	8.95        	0.4395      	0.8263      	0.03753     
103         	1           	8.9         	0.4379      	0.8231      	0.03773     
104         	1           	9.1         	0.4336      	0.8136      	0.03833     
105         	1           	9.05        	0.4334      	0.8124      	0.03896     
106         	1           	8.95        	0.4343      	0.8115      	0.04154     
107         	1           	9.15        	0.4305      	0.8054      	0.04046     
108         	1           	9.1         	0.433       	0.8094      	0.04103     
109         	1           	9           	0.4309      	0.8039      	0.04289     
110         	1           	8.7         	0.433       	0.8087      	0.04253     
111         	1           	8.7         	0.4322      	0.8074      	0.0424      
112         	1           	8.6         	0.4319      	0.8068      	0.04294     
113         	1           	8.8         	0.4317      	0.8065      	0.04344     
114         	1           	8.75        	0.434       	0.8117      	0.04289     
115         	1           	8.7         	0.4311      	0.8054      	0.04368     
116         	1           	8.7         	0.4324      	0.8067      	0.04469     
117         	1           	8.7         	0.4329      	0.805       	0.04702     
118         	1           	8.85        	0.432       	0.8023      	0.04779     
119         	1           	8.8         	0.4321      	0.8032      	0.04718     
120         	1           	8.85        	0.4319      	0.8008      	0.04966     
121         	1           	8.85        	0.4339      	0.8027      	0.05201     
122         	1           	8.8         	0.4333      	0.8006      	0.05278     
123         	1           	8.75        	0.4315      	0.7964      	0.05385     
124         	1           	8.7         	0.4285      	0.79        	0.05472     
125         	1           	8.85        	0.4295      	0.7915      	0.05528     
126         	1           	9           	0.4275      	0.7886      	0.05483     
127         	1           	9.05        	0.4274      	0.7884      	0.05442     
128         	1           	8.95        	0.4227      	0.7795      	0.0542      
129         	1           	9           	0.4212      	0.7759      	0.05466     
130         	1           	8.85        	0.4193      	0.7727      	0.05387     
131         	1           	8.65        	0.419       	0.7731      	0.0527      
132         	1           	8.7         	0.4208      	0.7768      	0.05223     
133         	1           	8.5         	0.4192      	0.7729      	0.05369     
134         	1           	8.5         	0.4214      	0.7773      	0.05338     
135         	1           	8.55        	0.4211      	0.7759      	0.05445     
136         	1           	8.75        	0.4181      	0.7688      	0.05568     
137         	1           	8.75        	0.4177      	0.7692      	0.05442     
138         	1           	8.75        	0.4176      	0.7694      	0.05439     
139         	1           	8.7         	0.4149      	0.7642      	0.05435     
140         	1           	8.6         	0.4148      	0.7629      	0.05561     
141         	1           	8.85        	0.4149      	0.765       	0.05324     
142         	1           	8.85        	0.4102      	0.7552      	0.05375     
143         	1           	8.75        	0.4087      	0.7505      	0.05577     
144         	1           	8.7         	0.4085      	0.7526      	0.05359     
145         	1           	8.65        	0.4063      	0.7469      	0.05491     
146         	1           	8.85        	0.4062      	0.7464      	0.05544     
147         	1           	8.9         	0.4053      	0.7435      	0.05668     
148         	1           	8.65        	0.4066      	0.7465      	0.05576     
149         	1           	8.7         	0.4051      	0.743       	0.05676     
150         	1           	8.7         	0.4035      	0.7379      	0.05879     
151         	1           	8.6         	0.4026      	0.736       	0.05846     
152         	1           	8.7         	0.402       	0.7351      	0.05798     
153         	1           	8.95        	0.4028      	0.7377      	0.05711     
154         	1           	8.8         	0.4056      	0.7402      	0.06018     
155         	1           	8.85        	0.4037      	0.7371      	0.0597      
156         	1           	8.7         	0.4052      	0.7401      	0.05968     
157         	1           	8.8         	0.4058      	0.7405      	0.0601      
158         	1           	8.75        	0.4045      	0.7384      	0.06032     
159         	1           	8.8         	0.408       	0.7453      	0.06034     
160         	1           	8.75        	0.4079      	0.7442      	0.06109     
161         	1           	8.9         	0.4096      	0.7474      	0.0611      
162         	1           	8.8         	0.4127      	0.7506      	0.06435     
163         	1           	8.85        	0.411       	0.7462      	0.06553     
164         	1           	8.85        	0.4093      	0.7421      	0.06605     
165         	1           	9           	0.4091      	0.741       	0.06689     
166         	1           	8.85        	0.4106      	0.7426      	0.06773     
167         	1           	8.9         	0.4109      	0.7432      	0.0684      
168         	1           	8.9         	0.4112      	0.7438      	0.06811     
169         	1           	8.95        	0.4091      	0.742       	0.065       
170         	1           	8.7         	0.403       	0.7326      	0.06164     
171         	1           	8.9         	0.4031      	0.7334      	0.06111     
172         	1           	8.9         	0.4037      	0.7336      	0.06226     
173         	1           	8.85        	0.4006      	0.7299      	0.05971     
174         	1           	8.75        	0.4004      	0.7295      	0.06004     
175         	1           	8.6         	0.4042      	0.7366      	0.06022     
176         	1           	8.55        	0.4054      	0.7388      	0.06017     
177         	1           	8.45        	0.4019      	0.7314      	0.06054     
178         	1           	8.35        	0.4058      	0.7386      	0.06079     
179         	1           	8.6         	0.4077      	0.7425      	0.06011     
180         	1           	8.5         	0.4081      	0.7434      	0.06024     
181         	1           	8.45        	0.4055      	0.7388      	0.06047     
182         	1           	8.45        	0.4092      	0.7448      	0.06197     
183         	1           	8.55        	0.4105      	0.7467      	0.06235     
184         	1           	8.55        	0.4096      	0.7448      	0.06217     
185         	1           	8.55        	0.4114      	0.7472      	0.06301     
186         	1           	8.65        	0.4106      	0.7444      	0.06436     
187         	1           	8.55        	0.4084      	0.7407      	0.06338     
188         	1           	8.55        	0.4055      	0.7345      	0.0641      
189         	1           	8.85        	0.4028      	0.73        	0.06263     
190         	1           	8.85        	0.3999      	0.7257      	0.06104     
191         	1           	8.65        	0.3998      	0.726       	0.06047     
192         	1           	8.55        	0.4025      	0.7309      	0.06089     
193         	1           	8.55        	0.4018      	0.7302      	0.06002     
194         	1           	8.65        	0.402       	0.7306      	0.06051     
195         	1           	8.5         	0.4027      	0.7321      	0.06072     
196         	1           	8.5         	0.4013      	0.7322      	0.05808     
197         	1           	8.5         	0.4007      	0.7296      	0.05911     
198         	1           	8.8         	0.3966      	0.7225      	0.05815     
199         	1           	8.9         	0.3942      	0.7201      	0.05609     
200         	1           	9.05        	0.3895      	0.7123      	0.05463     
201         	1           	8.85        	0.3885      	0.7103      	0.0545      
202         	1           	8.9         	0.3888      	0.712       	0.05346     
203         	1           	9           	0.3926      	0.7209      	0.05151     
204         	1           	8.75        	0.3902      	0.7163      	0.05104     
205         	1           	8.95        	0.3887      	0.7142      	0.05067     
206         	1           	8.9         	0.3911      	0.7191      	0.05082     
207         	1           	8.75        	0.3911      	0.7183      	0.0516      
208         	1           	8.8         	0.3882      	0.7126      	0.05083     
209         	1           	8.7         	0.3897      	0.7135      	0.05347     
210         	1           	8.75        	0.3879      	0.7104      	0.05311     
211         	1           	8.7         	0.3888      	0.7114      	0.05419     
212         	1           	8.8         	0.3889      	0.71        	0.05618     
213         	1           	8.85        	0.3919      	0.7127      	0.05963     
214         	1           	8.65        	0.3922      	0.7126      	0.05955     
215         	1           	8.75        	0.3897      	0.707       	0.06066     
216         	1           	8.75        	0.3887      	0.7034      	0.06212     
217         	1           	8.5         	0.3868      	0.7006      	0.06073     
218         	1           	8.55        	0.3868      	0.6996      	0.06261     
219         	1           	8.6         	0.3862      	0.699       	0.06214     
220         	1           	8.85        	0.3856      	0.6981      	0.06212     
221         	1           	8.7         	0.3824      	0.691       	0.06283     
222         	1           	8.55        	0.3832      	0.6909      	0.06505     
223         	1           	8.85        	0.3831      	0.6894      	0.06563     
224         	1           	8.95        	0.3827      	0.6896      	0.06487     
225         	1           	8.8         	0.3839      	0.6915      	0.06602     
226         	1           	9.1         	0.3808      	0.6884      	0.06274     
227         	1           	8.95        	0.3778      	0.6844      	0.06069     
228         	1           	8.75        	0.3802      	0.6883      	0.06176     
229         	1           	8.6         	0.3792      	0.6855      	0.06268     
230         	1           	8.7         	0.3783      	0.6837      	0.06295     
231         	1           	8.65        	0.381       	0.6879      	0.06362     
232         	1           	8.65        	0.3812      	0.6895      	0.06266     
233         	1           	8.8         	0.3819      	0.6911      	0.06311     
234         	1           	8.75        	0.3816      	0.6927      	0.06121     
235         	1           	8.65        	0.3808      	0.6909      	0.06176     
236         	1           	8.75        	0.3785      	0.6871      	0.06121     
237         	1           	8.9         	0.3734      	0.6795      	0.05836     
238         	1           	8.75        	0.3716      	0.6753      	0.05889     
239         	1           	8.75        	0.3702      	0.6734      	0.05776     
240         	1           	8.85        	0.3664      	0.6645      	0.05862     
241         	1           	8.65        	0.3657      	0.6638      	0.05798     
242         	1           	8.75        	0.3624      	0.6575      	0.05788     
243         	1           	8.65        	0.3635      	0.6577      	0.06025     
244         	1           	8.75        	0.3627      	0.6562      	0.06007     
245         	1           	8.8         	0.3601      	0.6512      	0.06002     
246         	1           	8.75        	0.3611      	0.6517      	0.06162     
247         	1           	8.8         	0.3562      	0.643       	0.06036     
248         	1           	8.7         	0.3572      	0.6441      	0.06144     
249         	1           	8.95        	0.3512      	0.6331      	0.06068     
250         	1           	8.7         	0.3502      	0.6316      	0.06031     
251         	1           	8.8         	0.3492      	0.6296      	0.0603      
252         	1           	8.7         	0.3447      	0.6213      	0.05954     
253         	1           	9.05        	0.3458      	0.6217      	0.06132     
254         	1           	8.95        	0.3445      	0.6181      	0.06233     
255         	1           	8.95        	0.3424      	0.615       	0.06107     
256         	1           	9           	0.3412      	0.6134      	0.06046     
257         	1           	9.1         	0.3396      	0.6077      	0.06303     
258         	1           	9.05        	0.3396      	0.6102      	0.06041     
259         	1           	9           	0.3364      	0.605       	0.05891     
260         	1           	8.95        	0.3374      	0.6071      	0.05798     
261         	1           	9           	0.3347      	0.6021      	0.05785     
262         	1           	9           	0.3335      	0.5986      	0.05871     
263         	1           	9.15        	0.3324      	0.5957      	0.05971     
264         	1           	8.95        	0.3299      	0.5887      	0.06148     
265         	1           	9.1         	0.3283      	0.5852      	0.06218     
266         	1           	9.15        	0.3276      	0.5836      	0.06258     
267         	1           	9.2         	0.327       	0.584       	0.06109     
268         	1           	9.15        	0.3295      	0.5902      	0.05969     
269         	1           	9.15        	0.3271      	0.5869      	0.05843     
270         	1           	9.1         	0.3228      	0.5787      	0.05819     
271         	1           	9.05        	0.3244      	0.5813      	0.05875     
272         	1           	9.05        	0.3239      	0.5803      	0.05872     
273         	1           	9           	0.3253      	0.5832      	0.05823     
274         	1           	9.1         	0.3231      	0.5797      	0.05721     
275         	1           	8.95        	0.3223      	0.5783      	0.05706     
276         	1           	8.95        	0.3193      	0.5711      	0.05813     
277         	1           	9.05        	0.3167      	0.5661      	0.05815     
278         	1           	9.1         	0.3182      	0.5694      	0.05773     
279         	1           	9.15        	0.3191      	0.5693      	0.05948     
280         	1           	9.25        	0.3217      	0.5757      	0.05818     
281         	1           	9.15        	0.3246      	0.579       	0.06069     
282         	1           	8.9         	0.3246      	0.5801      	0.05929     
283         	1           	9.1         	0.3183      	0.5673      	0.05924     
284         	1           	9.1         	0.3185      	0.5677      	0.05926     
285         	1           	9.15        	0.3189      	0.5666      	0.0609      
286         	1           	9.05        	0.3179      	0.5665      	0.05917     
287         	1           	9.1         	0.3166      	0.5652      	0.0577      
288         	1           	8.85        	0.3159      	0.564       	0.05754     
289         	1           	8.7         	0.316       	0.5649      	0.05707     
290         	1           	8.8         	0.3177      	0.5669      	0.05861     
291         	1           	8.85        	0.3183      	0.5687      	0.05729     
292         	1           	8.85        	0.3144      	0.5612      	0.05726     
293         	1           	8.95        	0.3147      	0.5634      	0.0557      
294         	1           	8.8         	0.3162      	0.5659      	0.05592     
295         	1           	8.7         	0.319       	0.5691      	0.05813     
296         	1           	8.9         	0.3157      	0.5598      	0.06076     
297         	1           	8.75        	0.3175      	0.5647      	0.05932     
298         	1           	8.65        	0.3136      	0.5538      	0.06239     
299         	1           	8.7         	0.3151      	0.5548      	0.06424     
300         	1           	8.85        	0.3166      	0.5559      	0.06631     
301         	1           	8.85        	0.3176      	0.5558      	0.06845     
302         	1           	9           	0.3183      	0.5568      	0.06928     
303         	1           	8.95        	0.319       	0.5554      	0.07216     
304         	1           	8.8         	0.3139      	0.5478      	0.06961     
305         	1           	8.9         	0.3127      	0.5424      	0.07326     
306         	1           	8.9         	0.314       	0.5439      	0.07427     
307         	1           	8.9         	0.3159      	0.5489      	0.07324     
308         	1           	9           	0.3152      	0.547       	0.07389     
309         	1           	8.95        	0.3093      	0.5333      	0.07612     
310         	1           	9           	0.3056      	0.5257      	0.07609     
311         	1           	9.1         	0.3034      	0.5223      	0.07551     
312         	1           	9           	0.3046      	0.5268      	0.07353     
313         	1           	9.05        	0.3021      	0.5229      	0.07228     
314         	1           	9.1         	0.3006      	0.5217      	0.07056     
315         	1           	9           	0.2975      	0.5135      	0.07284     
316         	1           	8.85        	0.2995      	0.5169      	0.07302     
317         	1           	9.05        	0.3005      	0.5201      	0.07199     
318         	1           	8.9         	0.3046      	0.5235      	0.07668     
319         	1           	8.95        	0.3049      	0.5257      	0.07514     
320         	1           	8.95        	0.3061      	0.5293      	0.07408     
321         	1           	8.95        	0.3063      	0.5303      	0.07325     
322         	1           	9.05        	0.3071      	0.5311      	0.07395     
323         	1           	9.1         	0.3103      	0.5347      	0.07628     
324         	1           	9.05        	0.3127      	0.5388      	0.0765      
325         	1           	8.95        	0.3121      	0.5376      	0.07696     
326         	1           	8.95        	0.313       	0.5411      	0.07536     
327         	1           	9           	0.3138      	0.5432      	0.07469     
328         	1           	9.1         	0.3136      	0.541       	0.07626     
329         	1           	9           	0.3134      	0.5411      	0.07544     
330         	1           	9.1         	0.31        	0.534       	0.07609     
331         	1           	9           	0.308       	0.5335      	0.07261     
332         	1           	9.05        	0.3075      	0.5331      	0.07257     
333         	1           	9.2         	0.3113      	0.5396      	0.07348     
334         	1           	9.15        	0.3099      	0.5337      	0.07684     
335         	1           	9           	0.3127      	0.5377      	0.07853     
336         	1           	8.85        	0.3071      	0.5301      	0.07558     
337         	1           	8.8         	0.3049      	0.5255      	0.07607     
338         	1           	8.9         	0.3076      	0.5284      	0.07801     
339         	1           	8.9         	0.3041      	0.5223      	0.07747     
340         	1           	8.85        	0.3002      	0.5148      	0.07728     
341         	1           	8.9         	0.2994      	0.5158      	0.07468     
342         	1           	8.8         	0.298       	0.5124      	0.07488     
343         	1           	8.85        	0.2969      	0.5106      	0.07432     
344         	1           	8.8         	0.2963      	0.5101      	0.07369     
345         	1           	8.75        	0.2967      	0.5104      	0.07409     
346         	1           	8.9         	0.2963      	0.5094      	0.07443     
347         	1           	8.95        	0.296       	0.5094      	0.07347     
348         	1           	8.95        	0.2928      	0.5029      	0.07361     
349         	1           	8.85        	0.2932      	0.5059      	0.07156     
350         	1           	8.85        	0.2946      	0.5079      	0.07199     
351         	1           	8.95        	0.2907      	0.4985      	0.07395     
352         	1           	9.1         	0.2906      	0.4993      	0.07331     
353         	1           	9.25        	0.2905      	0.5016      	0.07075     
354         	1           	9.2         	0.2891      	0.4994      	0.07025     
355         	1           	9.2         	0.2878      	0.4989      	0.06786     
356         	1           	9.15        	0.2882      	0.501       	0.06635     
357         	1           	9.05        	0.2856      	0.496       	0.06568     
358         	1           	8.9         	0.2816      	0.4892      	0.06478     
359         	1           	9.2         	0.2814      	0.4873      	0.06641     
360         	1           	9.3         	0.281       	0.4858      	0.067       
361         	1           	9.25        	0.2795      	0.4802      	0.07037     
362         	1           	9.25        	0.2827      	0.4859      	0.071       
363         	1           	9.15        	0.2801      	0.4795      	0.07215     
364         	1           	9.15        	0.2792      	0.4778      	0.07215     
365         	1           	9.35        	0.2809      	0.4794      	0.07435     
366         	1           	9.15        	0.2793      	0.4769      	0.07391     
367         	1           	9.1         	0.2756      	0.4695      	0.07383     
368         	1           	9.15        	0.2757      	0.4686      	0.07508     
369         	1           	9.15        	0.2716      	0.4622      	0.07315     
370         	1           	9           	0.2717      	0.4602      	0.07557     
371         	1           	8.95        	0.2684      	0.4541      	0.075       
372         	1           	9.05        	0.2681      	0.453       	0.07596     
373         	1           	9.15        	0.2683      	0.4533      	0.07591     
374         	1           	9           	0.2665      	0.4512      	0.07441     
375         	1           	9           	0.268       	0.4544      	0.07422     
376         	1           	8.85        	0.2684      	0.4546      	0.07433     
377         	1           	8.8         	0.2687      	0.4565      	0.07294     
378         	1           	8.7         	0.2698      	0.4577      	0.07364     
379         	1           	8.95        	0.2693      	0.4592      	0.07126     
380         	1           	8.8         	0.2688      	0.4577      	0.07208     
381         	1           	8.85        	0.2682      	0.4565      	0.07231     
382         	1           	8.8         	0.2746      	0.4686      	0.07258     
383         	1           	8.9         	0.278       	0.4758      	0.07228     
384         	1           	9           	0.2771      	0.4726      	0.07392     
385         	1           	8.9         	0.276       	0.4694      	0.07503     
386         	1           	8.9         	0.2754      	0.4677      	0.07551     
387         	1           	8.7         	0.2728      	0.4627      	0.07534     
388         	1           	8.65        	0.2697      	0.4549      	0.07702     
389         	1           	8.45        	0.275       	0.4672      	0.075       
390         	1           	8.45        	0.2786      	0.4724      	0.07694     
391         	1           	8.45        	0.2789      	0.4729      	0.07697     
392         	1           	8.5         	0.2786      	0.4749      	0.07433     
393         	1           	8.35        	0.2785      	0.4738      	0.07519     
394         	1           	8.5         	0.2776      	0.4744      	0.07302     
395         	1           	8.5         	0.276       	0.47        	0.07383     
396         	1           	8.3         	0.278       	0.4729      	0.07466     
397         	1           	8.5         	0.2764      	0.4702      	0.07415     
398         	1           	8.5         	0.2748      	0.4705      	0.0706      
399         	1           	8.7         	0.2723      	0.4672      	0.06902     
400         	1           	8.55        	0.2746      	0.4707      	0.06988     
401         	1           	8.65        	0.2763      	0.4739      	0.07019     
402         	1           	8.65        	0.2784      	0.4754      	0.07266     
403         	1           	8.7         	0.2789      	0.4749      	0.074       
404         	1           	8.55        	0.2801      	0.4763      	0.07497     
405         	1           	8.45        	0.2795      	0.475       	0.07517     
406         	1           	8.55        	0.2799      	0.4771      	0.07376     
407         	1           	8.55        	0.278       	0.476       	0.07102     
408         	1           	8.6         	0.2821      	0.4855      	0.06979     
409         	1           	8.5         	0.2815      	0.4844      	0.06947     
410         	1           	8.4         	0.2836      	0.4892      	0.06916     
411         	1           	8.45        	0.2836      	0.4888      	0.06966     
412         	1           	8.55        	0.2827      	0.4867      	0.06998     
413         	1           	8.55        	0.2819      	0.4834      	0.07185     
414         	1           	8.45        	0.2841      	0.4833      	0.07632     
415         	1           	8.5         	0.2811      	0.4755      	0.07852     
416         	1           	8.4         	0.2806      	0.4751      	0.07825     
417         	1           	8.4         	0.2826      	0.4763      	0.08086     
418         	1           	8.5         	0.2786      	0.468       	0.08159     
419         	1           	8.65        	0.2813      	0.4716      	0.08335     
420         	1           	8.55        	0.2787      	0.4668      	0.08278     
421         	1           	8.5         	0.2796      	0.4665      	0.08466     
422         	1           	8.45        	0.2745      	0.4544      	0.08705     
423         	1           	8.35        	0.2762      	0.4581      	0.08646     
424         	1           	8.4         	0.2727      	0.4537      	0.0839      
425         	1           	8.45        	0.2716      	0.4518      	0.08337     
426         	1           	8.3         	0.2687      	0.4463      	0.08291     
427         	1           	8.45        	0.2693      	0.4464      	0.08393     
428         	1           	8.45        	0.2669      	0.4404      	0.08536     
429         	1           	8.55        	0.2651      	0.4384      	0.08408     
430         	1           	8.6         	0.2632      	0.4353      	0.08331     
431         	1           	8.65        	0.2657      	0.4402      	0.08352     
432         	1           	8.45        	0.2644      	0.4399      	0.08093     
433         	1           	8.4         	0.2646      	0.4406      	0.08067     
434         	1           	8.35        	0.2662      	0.444       	0.08019     
435         	1           	8.6         	0.2653      	0.4406      	0.08174     
436         	1           	8.5         	0.2643      	0.4385      	0.08172     
437         	1           	8.6         	0.2658      	0.4412      	0.08186     
438         	1           	8.8         	0.2672      	0.4466      	0.0791      
439         	1           	8.75        	0.2705      	0.4538      	0.07801     
440         	1           	8.7         	0.2666      	0.4478      	0.0766      
441         	1           	8.75        	0.2648      	0.4434      	0.07734     
442         	1           	8.65        	0.267       	0.4462      	0.07878     
443         	1           	8.45        	0.2661      	0.4447      	0.0789      
444         	1           	8.6         	0.2693      	0.4494      	0.0803      
445         	1           	8.5         	0.2728      	0.4552      	0.08178     
446         	1           	8.6         	0.273       	0.4536      	0.08356     
447         	1           	8.55        	0.2737      	0.4565      	0.08173     
448         	1           	8.5         	0.2736      	0.4559      	0.08259     
449         	1           	8.45        	0.2713      	0.4528      	0.08101     
450         	1           	8.7         	0.2705      	0.4504      	0.082       
451         	1           	8.65        	0.2672      	0.4427      	0.08319     
452         	1           	8.45        	0.2736      	0.4542      	0.0839      
453         	1           	8.7         	0.2708      	0.4481      	0.08466     
454         	1           	9.05        	0.2674      	0.4415      	0.08434     
455         	1           	8.85        	0.2637      	0.4352      	0.08362     
456         	1           	8.8         	0.2634      	0.4363      	0.08186     
457         	1           	8.8         	0.2606      	0.4293      	0.0837      
458         	1           	8.65        	0.262       	0.4318      	0.08405     
459         	1           	8.75        	0.2634      	0.4345      	0.08439     
460         	1           	8.6         	0.2607      	0.4292      	0.08446     
461         	1           	8.65        	0.2621      	0.4338      	0.0826      
462         	1           	8.55        	0.2582      	0.4287      	0.07952     
463         	1           	8.55        	0.262       	0.4338      	0.08186     
464         	1           	8.4         	0.2617      	0.4292      	0.08587     
465         	1           	8.4         	0.2606      	0.4276      	0.08506     
466         	1           	8.5         	0.2577      	0.4232      	0.08338     
467         	1           	8.3         	0.2571      	0.4232      	0.08188     
468         	1           	8.35        	0.2556      	0.4195      	0.0826      
469         	1           	8.4         	0.2507      	0.4099      	0.08289     
470         	1           	8.6         	0.2492      	0.4095      	0.08003     
471         	1           	8.4         	0.2491      	0.4067      	0.0826      
472         	1           	8.2         	0.2501      	0.4074      	0.0838      
473         	1           	8.5         	0.2488      	0.4037      	0.08502     
474         	1           	8.5         	0.2482      	0.4025      	0.08517     
475         	1           	8.65        	0.2485      	0.4007      	0.08772     
476         	1           	8.6         	0.2476      	0.4007      	0.08601     
477         	1           	8.6         	0.2469      	0.3979      	0.08727     
478         	1           	8.7         	0.2467      	0.3971      	0.08792     
479         	1           	8.6         	0.2474      	0.4         	0.0866      
480         	1           	8.7         	0.244       	0.3964      	0.08331     
481         	1           	8.85        	0.2431      	0.3929      	0.08507     
482         	1           	8.8         	0.2442      	0.3964      	0.08391     
483         	1           	8.75        	0.2493      	0.4056      	0.08436     
484         	1           	8.95        	0.2485      	0.405       	0.08318     
485         	1           	8.65        	0.2474      	0.402       	0.08414     
486         	1           	8.65        	0.248       	0.4031      	0.08442     
487         	1           	8.7         	0.2436      	0.3962      	0.08287     
488         	1           	8.7         	0.2447      	0.4007      	0.08035     
489         	1           	8.7         	0.2444      	0.4021      	0.07808     
490         	1           	8.95        	0.2411      	0.3964      	0.07752     
491         	1           	8.7         	0.2383      	0.39        	0.07834     
492         	1           	8.85        	0.2366      	0.3887      	0.07592     
493         	1           	8.85        	0.2363      	0.3896      	0.07453     
494         	1           	8.85        	0.2356      	0.3882      	0.07487     
495         	1           	9           	0.2331      	0.3842      	0.0736      
496         	1           	8.95        	0.2334      	0.3843      	0.0745      
497         	1           	9.05        	0.2344      	0.3869      	0.07339     
498         	1           	8.85        	0.2343      	0.3855      	0.07459     
499         	1           	8.7         	0.2343      	0.386       	0.07455     
500         	1           	8.75        	0.2348      	0.3832      	0.07779     
501         	1           	8.95        	0.2363      	0.3865      	0.07717     
502         	1           	8.85        	0.2381      	0.3889      	0.07845     
503         	1           	8.9         	0.2377      	0.3896      	0.07659     
504         	1           	8.6         	0.2336      	0.3833      	0.07503     
505         	1           	8.65        	0.2369      	0.3879      	0.07685     
506         	1           	8.65        	0.2336      	0.3806      	0.07786     
507         	1           	8.7         	0.2374      	0.3855      	0.08044     
508         	1           	8.6         	0.238       	0.3868      	0.08028     
509         	1           	8.65        	0.2361      	0.3833      	0.08035     
510         	1           	8.7         	0.2332      	0.376       	0.08188     
511         	1           	8.7         	0.2341      	0.3775      	0.08212     
512         	1           	8.8         	0.235       	0.3782      	0.08309     
513         	1           	8.7         	0.2351      	0.3799      	0.08164     
514         	1           	8.7         	0.2363      	0.3807      	0.08288     
515         	1           	8.55        	0.2379      	0.3784      	0.08845     
516         	1           	8.6         	0.2382      	0.3773      	0.09008     
517         	1           	8.75        	0.2374      	0.3765      	0.08941     
518         	1           	8.8         	0.2357      	0.3753      	0.08692     
519         	1           	8.65        	0.2349      	0.3752      	0.08532     
520         	1           	8.8         	0.233       	0.3759      	0.08115     
521         	1           	9           	0.2371      	0.3849      	0.08038     
522         	1           	8.9         	0.2369      	0.3853      	0.0793      
523         	1           	8.95        	0.2361      	0.383       	0.08007     
524         	1           	8.95        	0.2394      	0.3874      	0.08223     
525         	1           	9.1         	0.2377      	0.3816      	0.085       
526         	1           	8.95        	0.2392      	0.387       	0.08229     
527         	1           	8.85        	0.2398      	0.388       	0.08236     
528         	1           	8.75        	0.2399      	0.3871      	0.08325     
529         	1           	8.75        	0.235       	0.3782      	0.08264     
530         	1           	8.75        	0.2358      	0.3809      	0.0819      
531         	1           	8.8         	0.2376      	0.3848      	0.08128     
532         	1           	9.05        	0.2373      	0.3845      	0.08094     
533         	1           	8.75        	0.237       	0.3833      	0.08159     
534         	1           	8.65        	0.2368      	0.3819      	0.08296     
535         	1           	8.8         	0.237       	0.3812      	0.08393     
536         	1           	8.75        	0.2367      	0.3818      	0.08273     
537         	1           	8.8         	0.2369      	0.3835      	0.08148     
538         	1           	8.85        	0.2371      	0.3844      	0.08099     
539         	1           	8.9         	0.2345      	0.3798      	0.08064     
540         	1           	8.9         	0.2335      	0.3775      	0.0811      
541         	1           	8.75        	0.2304      	0.3729      	0.07978     
542         	1           	8.65        	0.2313      	0.3725      	0.08208     
543         	1           	8.75        	0.2348      	0.3791      	0.08227     
544         	1           	8.75        	0.2347      	0.3783      	0.0831      
545         	1           	8.65        	0.2345      	0.3767      	0.08462     
546         	1           	8.6         	0.2328      	0.372       	0.0862      
547         	1           	8.7         	0.2321      	0.3701      	0.08671     
548         	1           	8.95        	0.2328      	0.3709      	0.08719     
549         	1           	9.05        	0.2356      	0.3736      	0.0898      
550         	1           	8.9         	0.2355      	0.3738      	0.08934     
551         	1           	8.95        	0.2364      	0.3735      	0.09156     
552         	1           	8.95        	0.2371      	0.3756      	0.09093     
553         	1           	8.95        	0.2402      	0.3812      	0.09127     
554         	1           	8.95        	0.2413      	0.3803      	0.09415     
555         	1           	8.85        	0.2422      	0.3819      	0.09442     
556         	1           	9.05        	0.2388      	0.3741      	0.09585     
557         	1           	8.95        	0.237       	0.3695      	0.09682     
558         	1           	8.95        	0.2381      	0.3713      	0.09703     
559         	1           	8.9         	0.2424      	0.377       	0.09974     
560         	1           	8.9         	0.2448      	0.3821      	0.09918     
561         	1           	8.85        	0.2451      	0.3851      	0.09628     
562         	1           	8.85        	0.2445      	0.3832      	0.09698     
563         	1           	9           	0.2461      	0.3842      	0.09926     
564         	1           	8.9         	0.2476      	0.3887      	0.09753     
565         	1           	8.9         	0.2467      	0.3856      	0.09874     
566         	1           	8.65        	0.2461      	0.3852      	0.09777     
567         	1           	8.85        	0.2448      	0.3819      	0.09854     
568         	1           	8.75        	0.2428      	0.3768      	0.09971     
569         	1           	8.95        	0.2433      	0.3771      	0.1004      
570         	1           	8.85        	0.246       	0.382       	0.1006      
571         	1           	8.8         	0.246       	0.3822      	0.1006      
572         	1           	8.8         	0.2448      	0.3803      	0.09993     
573         	1           	8.75        	0.2467      	0.3844      	0.09952     
574         	1           	8.55        	0.2479      	0.384       	0.1022      
575         	1           	8.6         	0.2474      	0.3815      	0.1039      
576         	1           	8.7         	0.2482      	0.3849      	0.1017      
577         	1           	8.8         	0.2485      	0.3868      	0.1002      
578         	1           	8.9         	0.2504      	0.3895      	0.1012      
579         	1           	8.75        	0.2511      	0.3902      	0.1018      
580         	1           	8.85        	0.2455      	0.3809      	0.1004      
581         	1           	8.75        	0.2445      	0.3803      	0.09922     
582         	1           	8.7         	0.2451      	0.3816      	0.09924     
583         	1           	8.6         	0.2485      	0.3872      	0.1001      
584         	1           	8.65        	0.2485      	0.3889      	0.09825     
585         	1           	8.7         	0.2456      	0.3856      	0.09612     
586         	1           	8.7         	0.247       	0.3886      	0.09533     
587         	1           	8.65        	0.2446      	0.3857      	0.09344     
588         	1           	8.55        	0.245       	0.3845      	0.09598     
589         	1           	8.6         	0.2481      	0.3887      	0.0972      
590         	1           	8.55        	0.2466      	0.387       	0.09565     
591         	1           	8.65        	0.2473      	0.3868      	0.09744     
592         	1           	8.95        	0.246       	0.386       	0.09566     
593         	1           	8.8         	0.2463      	0.387       	0.09546     
594         	1           	8.95        	0.2457      	0.3849      	0.09636     
595         	1           	8.9         	0.2482      	0.3862      	0.1001      
596         	1           	8.9         	0.2483      	0.3862      	0.1003      
597         	1           	8.85        	0.251       	0.3913      	0.1002      
598         	1           	8.8         	0.2472      	0.3856      	0.09837     
599         	1           	8.7         	0.2492      	0.3913      	0.09605     
600         	1           	9           	0.2428      	0.3777      	0.09722     
601         	1           	9.05        	0.2409      	0.3753      	0.0956      
602         	1           	8.95        	0.239       	0.3722      	0.09543     
603         	1           	9.1         	0.2418      	0.3751      	0.09788     
604         	1           	9.1         	0.2419      	0.3758      	0.09761     
605         	1           	9.05        	0.242       	0.3761      	0.0976      
606         	1           	9           	0.2423      	0.3761      	0.09842     
607         	1           	8.9         	0.2438      	0.3772      	0.1002      
608         	1           	8.85        	0.2448      	0.3763      	0.1032      
609         	1           	8.9         	0.2474      	0.3778      	0.1066      
610         	1           	8.75        	0.2481      	0.3789      	0.1066      
611         	1           	8.65        	0.2463      	0.3751      	0.1071      
612         	1           	8.6         	0.2465      	0.3747      	0.1081      
613         	1           	8.85        	0.2454      	0.372       	0.1087      
614         	1           	8.95        	0.2504      	0.3802      	0.1107      
615         	1           	8.9         	0.254       	0.3893      	0.1085      
616         	1           	8.85        	0.2524      	0.3879      	0.1067      
617         	1           	8.95        	0.2557      	0.3912      	0.1102      
618         	1           	9           	0.2541      	0.3902      	0.1081      
619         	1           	9           	0.2512      	0.3833      	0.1099      
620         	1           	8.8         	0.2495      	0.3811      	0.1091      
621         	1           	8.85        	0.2477      	0.3773      	0.1096      
622         	1           	9.05        	0.2476      	0.3787      	0.1081      
623         	1           	9.05        	0.2469      	0.378       	0.1071      
624         	1           	8.95        	0.2437      	0.3732      	0.1053      
625         	1           	8.95        	0.2473      	0.3794      	0.1063      
626         	1           	8.95        	0.2491      	0.3807      	0.1083      
627         	1           	8.85        	0.2501      	0.3815      	0.1096      
628         	1           	8.7         	0.2514      	0.3807      	0.1129      
629         	1           	8.75        	0.2513      	0.3799      	0.1136      
630         	1           	8.9         	0.2497      	0.3773      	0.1127      
631         	1           	8.9         	0.2504      	0.3798      	0.1118      
632         	1           	8.7         	0.2445      	0.3688      	0.1114      
633         	1           	8.6         	0.2426      	0.3647      	0.1118      
634         	1           	8.65        	0.2392      	0.3582      	0.1119      
635         	1           	8.7         	0.2385      	0.3574      	0.1114      
636         	1           	8.9         	0.2352      	0.3505      	0.1119      
637         	1           	8.9         	0.2369      	0.3516      	0.1139      
638         	1           	8.95        	0.2349      	0.3493      	0.1125      
639         	1           	8.95        	0.2376      	0.3524      	0.1147      
640         	1           	8.8         	0.2363      	0.3477      	0.117       
641         	1           	9.05        	0.2364      	0.3464      	0.1186      
642         	1           	9.1         	0.2369      	0.3479      	0.1178      
643         	1           	9.1         	0.2338      	0.3431      	0.1171      
644         	1           	9.05        	0.2345      	0.3428      	0.1191      
645         	1           	9.05        	0.2333      	0.3408      	0.1189      
646         	1           	9           	0.2394      	0.3526      	0.1184      
647         	1           	8.95        	0.2367      	0.3457      	0.1203      
648         	1           	9.05        	0.2381      	0.3469      	0.1217      
649         	1           	8.95        	0.2381      	0.3489      	0.1196      
650         	1           	8.95        	0.234       	0.3427      	0.118       
651         	1           	8.7         	0.2366      	0.3468      	0.1189      
652         	1           	8.7         	0.2346      	0.3439      	0.1178      
653         	1           	8.6         	0.2343      	0.3437      	0.1171      
654         	1           	8.85        	0.2346      	0.3421      	0.1194      
655         	1           	8.8         	0.2364      	0.3466      	0.1184      
656         	1           	8.65        	0.2391      	0.3518      	0.118       
657         	1           	8.9         	0.2369      	0.3487      	0.117       
658         	1           	8.8         	0.2375      	0.3496      	0.1173      
659         	1           	8.65        	0.2348      	0.3462      	0.1156      
660         	1           	8.7         	0.2394      	0.3507      	0.1204      
661         	1           	8.7         	0.2394      	0.3515      	0.1196      
662         	1           	8.75        	0.2415      	0.3538      	0.1215      
663         	1           	8.8         	0.2416      	0.3556      	0.1198      
664         	1           	8.75        	0.2431      	0.3582      	0.1205      
665         	1           	8.65        	0.2409      	0.3548      	0.1192      
666         	1           	8.7         	0.2373      	0.3477      	0.1196      
667         	1           	8.8         	0.2428      	0.3555      	0.1225      
668         	1           	8.8         	0.2427      	0.3512      	0.1269      
669         	1           	8.85        	0.2468      	0.3583      	0.1279      
670         	1           	8.75        	0.2496      	0.3606      	0.1312      
671         	1           	8.55        	0.2494      	0.3582      	0.1333      
672         	1           	8.5         	0.2443      	0.3512      	0.1303      
673         	1           	8.65        	0.2448      	0.3513      	0.131       
674         	1           	8.45        	0.2423      	0.3485      	0.1293      
675         	1           	8.55        	0.2436      	0.3493      	0.1311      
676         	1           	8.55        	0.2451      	0.352       	0.1313      
677         	1           	8.6         	0.2476      	0.3555      	0.1328      
678         	1           	8.65        	0.2479      	0.3524      	0.1366      
679         	1           	8.7         	0.25        	0.3548      	0.1383      
680         	1           	8.55        	0.252       	0.3549      	0.1425      
681         	1           	8.45        	0.2538      	0.3584      	0.1422      
682         	1           	8.3         	0.2549      	0.3586      	0.1445      
683         	1           	8.45        	0.2533      	0.3572      	0.1428      
684         	1           	8.5         	0.2529      	0.3572      	0.1419      
685         	1           	8.5         	0.254       	0.3574      	0.1439      
686         	1           	8.35        	0.257       	0.3621      	0.145       
687         	1           	8.35        	0.2583      	0.3632      	0.1464      
688         	1           	8.4         	0.257       	0.3602      	0.1469      
689         	1           	8.35        	0.254       	0.3526      	0.1487      
690         	1           	8.3         	0.2567      	0.3578      	0.1486      
691         	1           	8.3         	0.2565      	0.3568      	0.1493      
692         	1           	8.4         	0.2562      	0.3561      	0.1492      
693         	1           	8.45        	0.256       	0.3538      	0.1514      
694         	1           	8.6         	0.2526      	0.347       	0.1518      
695         	1           	8.5         	0.2523      	0.3462      	0.1519      
696         	1           	8.6         	0.2503      	0.3441      	0.1504      
697         	1           	8.5         	0.2492      	0.3402      	0.1522      
698         	1           	8.8         	0.2503      	0.3415      	0.1532      
699         	1           	8.7         	0.2514      	0.3414      	0.1554      
700         	1           	8.6         	0.2491      	0.3362      	0.1559      
701         	1           	8.55        	0.2497      	0.3375      	0.156       
702         	1           	8.6         	0.2527      	0.3427      	0.1564      
703         	1           	8.55        	0.2531      	0.3447      	0.1553      
704         	1           	8.5         	0.2577      	0.3525      	0.1564      
705         	1           	8.4         	0.2559      	0.3488      	0.1564      
706         	1           	8.45        	0.2572      	0.3524      	0.1549      
707         	1           	8.55        	0.2575      	0.354       	0.1539      
708         	1           	8.5         	0.2539      	0.3469      	0.1541      
709         	1           	8.4         	0.252       	0.3437      	0.1534      
710         	1           	8.55        	0.2489      	0.34        	0.1507      
711         	1           	8.2         	0.2509      	0.3401      	0.1545      
712         	1           	8.4         	0.2526      	0.3417      	0.1559      
713         	1           	8.6         	0.2524      	0.3384      	0.1593      
714         	1           	8.5         	0.2542      	0.3424      	0.1589      
715         	1           	8.55        	0.2513      	0.3375      	0.158       
716         	1           	8.45        	0.2489      	0.3338      	0.1569      
717         	1           	8.55        	0.2483      	0.3335      	0.1561      
718         	1           	8.45        	0.2491      	0.3321      	0.1591      
719         	1           	8.2         	0.2472      	0.3285      	0.159       
720         	1           	8.55        	0.2489      	0.3296      	0.1614      
721         	1           	8.5         	0.2466      	0.3239      	0.1627      
722         	1           	8.55        	0.2437      	0.3203      	0.1605      
723         	1           	8.4         	0.2431      	0.3169      	0.1628      
724         	1           	8.4         	0.242       	0.3167      	0.1608      
725         	1           	8.65        	0.2433      	0.32        	0.1602      
726         	1           	8.65        	0.2422      	0.3179      	0.1601      
727         	1           	8.35        	0.2462      	0.3232      	0.1631      
728         	1           	8.45        	0.2487      	0.3272      	0.1637      
729         	1           	8.45        	0.2471      	0.3228      	0.1655      
730         	1           	8.45        	0.2492      	0.3229      	0.1698      
731         	1           	8.55        	0.2457      	0.3158      	0.1699      
732         	1           	8.35        	0.2469      	0.3179      	0.1704      
733         	1           	8.4         	0.2454      	0.3159      	0.1693      
734         	1           	8.5         	0.2464      	0.3136      	0.1739      
735         	1           	8.3         	0.2466      	0.3127      	0.1751      
736         	1           	8.45        	0.2481      	0.3096      	0.1813      
737         	1           	8.2         	0.2465      	0.3071      	0.1809      
738         	1           	8.25        	0.2473      	0.3087      	0.181       
739         	1           	8.35        	0.2456      	0.3073      	0.1789      
740         	1           	8.4         	0.2471      	0.309       	0.1802      
741         	1           	8.4         	0.2475      	0.3068      	0.1834      
742         	1           	8.45        	0.2497      	0.3097      	0.1847      
743         	1           	8.55        	0.2499      	0.3095      	0.1853      
744         	1           	8.45        	0.2506      	0.3093      	0.1868      
745         	1           	8.3         	0.2521      	0.3133      	0.1857      
746         	1           	8.3         	0.252       	0.3114      	0.1876      
747         	1           	8.2         	0.2502      	0.3103      	0.185       
748         	1           	8.25        	0.2515      	0.3117      	0.1863      
749         	1           	8.2         	0.2532      	0.3139      	0.1874      
750         	1           	8.35        	0.2535      	0.3155      	0.1862      
751         	1           	8.45        	0.2522      	0.3112      	0.1884      
752         	1           	8.5         	0.2541      	0.3171      	0.1859      
753         	1           	8.4         	0.2551      	0.316       	0.1893      
754         	1           	8.4         	0.2514      	0.3102      	0.188       
755         	1           	8.35        	0.2552      	0.3161      	0.1893      
756         	1           	8.2         	0.2529      	0.311       	0.1899      
757         	1           	8.45        	0.2499      	0.3081      	0.1869      
758         	1           	8.45        	0.2508      	0.3104      	0.1864      
759         	1           	8.6         	0.2525      	0.3094      	0.1907      
760         	1           	8.75        	0.2507      	0.3075      	0.189       
761         	1           	8.45        	0.25        	0.307       	0.188       
762         	1           	8.4         	0.2502      	0.3056      	0.1898      
763         	1           	8.5         	0.2519      	0.3061      	0.1928      
764         	1           	8.6         	0.2518      	0.3046      	0.1943      
765         	1           	8.55        	0.2505      	0.3028      	0.1936      
766         	1           	8.7         	0.2463      	0.2994      	0.1887      
767         	1           	8.7         	0.2457      	0.2999      	0.1867      
768         	1           	8.85        	0.2472      	0.3038      	0.1855      
769         	1           	8.75        	0.2463      	0.3038      	0.1837      
770         	1           	8.65        	0.2458      	0.3018      	0.1851      
771         	1           	8.65        	0.2477      	0.3058      	0.1845      
772         	1           	8.7         	0.2495      	0.3061      	0.1879      
773         	1           	8.55        	0.2478      	0.3046      	0.1859      
774         	1           	8.5         	0.2461      	0.3008      	0.1864      
775         	1           	8.5         	0.2446      	0.3002      	0.184       
776         	1           	8.45        	0.2442      	0.3026      	0.1808      
777         	1           	8.5         	0.2422      	0.301       	0.1781      
778         	1           	8.25        	0.2439      	0.3039      	0.1785      
779         	1           	8.3         	0.2472      	0.3076      	0.1813      
780         	1           	8.55        	0.2455      	0.3049      	0.1807      
781         	1           	8.6         	0.2481      	0.3064      	0.1843      
782         	1           	8.65        	0.2462      	0.304       	0.183       
783         	1           	8.75        	0.2473      	0.3053      	0.1838      
784         	1           	8.7         	0.2483      	0.3063      	0.1848      
785         	1           	8.85        	0.2457      	0.3019      	0.1844      
786         	1           	8.8         	0.245       	0.3018      	0.1833      
787         	1           	8.7         	0.2449      	0.3021      	0.1826      
788         	1           	8.7         	0.2453      	0.3007      	0.185       
789         	1           	8.65        	0.2452      	0.2984      	0.1874      
790         	1           	8.65        	0.2468      	0.3027      	0.186       
791         	1           	8.75        	0.2456      	0.3003      	0.1862      
792         	1           	8.85        	0.2467      	0.2998      	0.1891      
793         	1           	8.8         	0.2447      	0.3011      	0.1834      
794         	1           	8.75        	0.2463      	0.3041      	0.1834      
795         	1           	8.85        	0.2436      	0.2998      	0.1825      
796         	1           	8.85        	0.2465      	0.304       	0.1841      
797         	1           	8.7         	0.2459      	0.3012      	0.1859      
798         	1           	8.7         	0.2499      	0.306       	0.1889      
799         	1           	8.65        	0.2471      	0.2999      	0.1896      
800         	1           	8.75        	0.246       	0.2964      	0.191       
801         	1           	8.65        	0.2477      	0.2981      	0.1928      
802         	1           	8.7         	0.246       	0.2971      	0.1902      
803         	1           	8.75        	0.2448      	0.2935      	0.1915      
804         	1           	8.65        	0.244       	0.2923      	0.1911      
805         	1           	8.5         	0.2435      	0.2939      	0.1882      
806         	1           	8.45        	0.2423      	0.292       	0.1878      
807         	1           	8.5         	0.2432      	0.293       	0.1886      
808         	1           	8.6         	0.2417      	0.2906      	0.1879      
809         	1           	8.45        	0.2413      	0.292       	0.1859      
810         	1           	8.55        	0.2412      	0.2878      	0.1901      
811         	1           	8.55        	0.2442      	0.2924      	0.1914      
812         	1           	8.4         	0.2408      	0.2868      	0.1904      
813         	1           	8.3         	0.2422      	0.286       	0.1943      
814         	1           	8.45        	0.244       	0.2897      	0.1941      
815         	1           	8.7         	0.2435      	0.288       	0.1951      
816         	1           	8.65        	0.242       	0.2881      	0.1917      
817         	1           	8.15        	0.2403      	0.2892      	0.187       
818         	1           	8.15        	0.2425      	0.292       	0.1884      
819         	1           	8.2         	0.2376      	0.284       	0.1869      
820         	1           	8.2         	0.237       	0.2829      	0.1869      
821         	1           	8.35        	0.2374      	0.2821      	0.1883      
822         	1           	8.15        	0.2394      	0.2855      	0.1892      
823         	1           	8.1         	0.2403      	0.2873      	0.1892      
824         	1           	8.1         	0.2385      	0.2869      	0.1856      
825         	1           	8.25        	0.238       	0.2879      	0.1834      
826         	1           	8.3         	0.2349      	0.2866      	0.1783      
827         	1           	8.25        	0.2383      	0.2916      	0.1798      
828         	1           	8.25        	0.2363      	0.2922      	0.1751      
829         	1           	8.55        	0.236       	0.2909      	0.1759      
830         	1           	8.6         	0.2356      	0.291       	0.1748      
831         	1           	8.35        	0.2343      	0.2918      	0.1712      
832         	1           	8.35        	0.2304      	0.2851      	0.1704      
833         	1           	8.3         	0.2291      	0.2827      	0.1703      
834         	1           	8.5         	0.2279      	0.2824      	0.1681      
835         	1           	8.45        	0.2289      	0.284       	0.1683      
836         	1           	8.5         	0.2296      	0.2834      	0.1706      
837         	1           	8.45        	0.2306      	0.2847      	0.1712      
838         	1           	8.45        	0.2305      	0.2799      	0.1762      
839         	1           	8.6         	0.2296      	0.2799      	0.1743      
840         	1           	8.55        	0.2257      	0.2762      	0.1703      
841         	1           	8.65        	0.225       	0.2758      	0.1692      
842         	1           	8.55        	0.221       	0.2726      	0.1645      
843         	1           	8.55        	0.2195      	0.2729      	0.1609      
844         	1           	8.55        	0.2223      	0.2752      	0.164       
845         	1           	8.45        	0.2229      	0.2743      	0.1662      
846         	1           	8.45        	0.2226      	0.275       	0.165       
847         	1           	8.35        	0.2238      	0.2763      	0.1659      
848         	1           	8.4         	0.2241      	0.2741      	0.1689      
849         	1           	8.3         	0.2244      	0.2738      	0.1697      
850         	1           	8.5         	0.2245      	0.2776      	0.1658      
851         	1           	8.55        	0.2249      	0.2724      	0.1725      
852         	1           	8.5         	0.2233      	0.271       	0.1705      
853         	1           	8.3         	0.2248      	0.2751      	0.1692      
854         	1           	8.3         	0.2227      	0.2748      	0.1653      
855         	1           	8.25        	0.2223      	0.2726      	0.1669      
856         	1           	8.25        	0.2232      	0.2763      	0.1648      
857         	1           	8.3         	0.2219      	0.2735      	0.1652      
858         	1           	8.2         	0.2249      	0.2753      	0.1696      
859         	1           	8.1         	0.2249      	0.2734      	0.1717      
860         	1           	8.15        	0.2251      	0.2728      	0.1726      
861         	1           	8.1         	0.2226      	0.267       	0.1739      
862         	1           	7.9         	0.2234      	0.2659      	0.1765      
863         	1           	7.9         	0.2248      	0.2668      	0.1783      
864         	1           	8.2         	0.2257      	0.2687      	0.1782      
865         	1           	8.2         	0.2274      	0.2678      	0.1826      
866         	1           	8.35        	0.2252      	0.265       	0.1812      
867         	1           	8.15        	0.2256      	0.2648      	0.1823      
868         	1           	8.5         	0.2221      	0.2606      	0.1796      
869         	1           	8.45        	0.2237      	0.2612      	0.1822      
870         	1           	8.6         	0.2237      	0.2617      	0.1817      
871         	1           	8.5         	0.2181      	0.2536      	0.1789      
872         	1           	8.6         	0.2189      	0.2541      	0.1799      
873         	1           	8.5         	0.2223      	0.2578      	0.1829      
874         	1           	8.75        	0.2186      	0.2526      	0.1808      
875         	1           	8.5         	0.2178      	0.2483      	0.1838      
876         	1           	8.5         	0.217       	0.2458      	0.1849      
877         	1           	8.4         	0.2156      	0.2437      	0.1843      
878         	1           	8.6         	0.2142      	0.2416      	0.1836      
879         	1           	8.8         	0.2132      	0.2431      	0.1798      
880         	1           	8.7         	0.2133      	0.2444      	0.1787      
881         	1           	8.7         	0.212       	0.2446      	0.1757      
882         	1           	8.6         	0.2099      	0.2387      	0.1777      
883         	1           	8.6         	0.2091      	0.2372      	0.1778      
884         	1           	8.6         	0.2062      	0.2297      	0.18        
885         	1           	8.6         	0.2071      	0.2323      	0.1789      
886         	1           	8.4         	0.203       	0.227       	0.1763      
887         	1           	8.3         	0.2019      	0.224       	0.1773      
888         	1           	8.5         	0.1999      	0.2232      	0.1737      
889         	1           	8.35        	0.1985      	0.2188      	0.1758      
890         	1           	8.25        	0.1975      	0.2186      	0.174       
891         	1           	8.15        	0.1971      	0.2167      	0.1751      
892         	1           	8.1         	0.1981      	0.2165      	0.1774      
893         	1           	8.15        	0.199       	0.2167      	0.1791      
894         	1           	8           	0.1968      	0.2144      	0.1769      
895         	1           	7.9         	0.1966      	0.2161      	0.1745      
896         	1           	8.2         	0.1989      	0.2184      	0.1769      
897         	1           	8.1         	0.199       	0.2194      	0.1759      
898         	1           	8.15        	0.1979      	0.2161      	0.1774      
899         	1           	8.1         	0.2007      	0.2217      	0.1771      
900         	1           	8.2         	0.2001      	0.219       	0.1788      
901         	1           	8.2         	0.2004      	0.2212      	0.1769      
902         	1           	8.25        	0.2008      	0.2198      	0.1793      
903         	1           	8.2         	0.2027      	0.221       	0.1822      
904         	1           	8.1         	0.2007      	0.2219      	0.1768      
905         	1           	8.2         	0.2         	0.2236      	0.1735      
906         	1           	8.25        	0.199       	0.2226      	0.1725      
907         	1           	8.5         	0.2009      	0.2243      	0.1746      
908         	1           	8.6         	0.2012      	0.2232      	0.1765      
909         	1           	8.4         	0.2005      	0.2223      	0.176       
910         	1           	8.45        	0.2008      	0.2183      	0.1809      
911         	1           	8.25        	0.2015      	0.2183      	0.1826      
912         	1           	8.15        	0.2004      	0.2148      	0.1841      
913         	1           	8.3         	0.2004      	0.2172      	0.1815      
914         	1           	8.5         	0.2014      	0.2201      	0.1802      
915         	1           	8.4         	0.2013      	0.222       	0.178       
916         	1           	8.35        	0.2032      	0.2252      	0.1784      
917         	1           	8.3         	0.2011      	0.221       	0.1786      
918         	1           	8.1         	0.2013      	0.222       	0.178       
919         	1           	8.3         	0.1988      	0.2188      	0.1761      
920         	1           	8.25        	0.199       	0.2193      	0.1761      
921         	1           	8.4         	0.2007      	0.2223      	0.1763      
922         	1           	8.35        	0.2003      	0.2233      	0.1741      
923         	1           	8.15        	0.2003      	0.2208      	0.1769      
924         	1           	8.1         	0.199       	0.2195      	0.1757      
925         	1           	8.25        	0.2008      	0.2193      	0.1797      
926         	1           	8.2         	0.2015      	0.2159      	0.185       
927         	1           	8.3         	0.2014      	0.2166      	0.184       
928         	1           	8.2         	0.2034      	0.2204      	0.1838      
929         	1           	8.1         	0.2051      	0.2204      	0.1875      
930         	1           	8.25        	0.2044      	0.2207      	0.1858      
931         	1           	8.4         	0.202       	0.2203      	0.1812      
932         	1           	8.4         	0.2         	0.2199      	0.1774      
933         	1           	8.5         	0.2018      	0.2205      	0.1804      
934         	1           	8.45        	0.2018      	0.2171      	0.1843      
935         	1           	8.35        	0.1999      	0.216       	0.1815      
936         	1           	8.15        	0.2013      	0.213       	0.188       
937         	1           	8.2         	0.2021      	0.2115      	0.1914      
938         	1           	8.25        	0.2026      	0.2105      	0.1935      
939         	1           	8.15        	0.2016      	0.21        	0.192       
940         	1           	8.1         	0.1997      	0.2106      	0.1873      
941         	1           	8.05        	0.1998      	0.2088      	0.1896      
942         	1           	8.1         	0.2007      	0.2072      	0.1932      
943         	1           	7.95        	0.2023      	0.2092      	0.1942      
944         	1           	8           	0.2017      	0.2099      	0.1923      
945         	1           	7.95        	0.2005      	0.207       	0.1931      
946         	1           	8.05        	0.1999      	0.2064      	0.1924      
947         	1           	8.05        	0.1999      	0.2071      	0.1916      
948         	1           	8.1         	0.2012      	0.2081      	0.1932      
949         	1           	7.9         	0.2019      	0.2081      	0.1948      
950         	1           	7.6         	0.2008      	0.2059      	0.195       
951         	1           	7.6         	0.2013      	0.2045      	0.1976      
952         	1           	7.6         	0.2027      	0.2064      	0.1984      
953         	1           	7.8         	0.2035      	0.2084      	0.1978      
954         	1           	7.75        	0.2033      	0.209       	0.1968      
955         	1           	7.75        	0.2067      	0.2103      	0.2025      
956         	1           	7.8         	0.208       	0.2104      	0.2052      
957         	1           	7.7         	0.2072      	0.2074      	0.2071      
958         	1           	7.65        	0.2057      	0.2071      	0.204       
959         	1           	7.65        	0.2067      	0.2088      	0.2043      
960         	1           	7.85        	0.2061      	0.2093      	0.2025      
961         	1           	7.8         	0.2073      	0.21        	0.2043      
962         	1           	7.8         	0.2077      	0.21        	0.205       
963         	1           	7.75        	0.2091      	0.2125      	0.2053      
964         	1           	7.6         	0.2091      	0.2118      	0.206       
965         	1           	7.65        	0.2068      	0.2103      	0.2028      
966         	1           	7.35        	0.2089      	0.2105      	0.2071      
967         	1           	7.4         	0.2095      	0.2126      	0.206       
968         	1           	7.6         	0.2072      	0.2106      	0.2033      
969         	1           	7.55        	0.208       	0.2101      	0.2056      
970         	1           	7.6         	0.2108      	0.2145      	0.2066      
971         	1           	7.5         	0.2119      	0.2164      	0.2067      
972         	1           	7.45        	0.2101      	0.2151      	0.2044      
973         	1           	7.55        	0.2114      	0.2159      	0.2062      
974         	1           	7.6         	0.2091      	0.2149      	0.2025      
975         	1           	7.3         	0.2066      	0.2124      	0.2001      
976         	1           	7.4         	0.2101      	0.2151      	0.2044      
977         	1           	7.4         	0.2097      	0.2177      	0.2006      
978         	1           	7.5         	0.2086      	0.2138      	0.2026      
979         	1           	7.45        	0.2081      	0.2101      	0.2058      
980         	1           	7.5         	0.2116      	0.2125      	0.2106      
981         	1           	7.55        	0.2116      	0.2072      	0.2166      
982         	1           	7.55        	0.2147      	0.2097      	0.2204      
983         	1           	7.65        	0.2169      	0.212       	0.2225      
984         	1           	7.55        	0.2184      	0.2118      	0.2258      
985         	1           	7.6         	0.2201      	0.2163      	0.2244      
986         	1           	7.6         	0.2198      	0.2146      	0.2257      
987         	1           	7.55        	0.2212      	0.2145      	0.2288      
988         	1           	7.65        	0.2188      	0.2143      	0.2239      
989         	1           	7.75        	0.2192      	0.2152      	0.2237      
990         	1           	7.7         	0.2188      	0.2174      	0.2205      
991         	1           	7.85        	0.2169      	0.2138      	0.2204      
992         	1           	7.9         	0.2184      	0.2137      	0.2238      
993         	1           	7.85        	0.2221      	0.2163      	0.2288      
994         	1           	7.95        	0.2189      	0.2155      	0.2227      
995         	1           	7.9         	0.2209      	0.2145      	0.2281      
996         	1           	7.75        	0.2209      	0.2149      	0.2277      
997         	1           	7.85        	0.2196      	0.213       	0.2271      
998         	1           	7.85        	0.2221      	0.215       	0.2303      
999         	1           	7.85        	0.2184      	0.2112      	0.2267      
1000        	1           	7.9         	0.2174      	0.2107      	0.2251      
