replicate   	generation  	n.adlt.nbAll	n.adlt.fst  	n.adlt.fst_l1	n.adlt.fst_l2
1           	1           	5.5         	0.5055      	1           	1.984e-05   
1           	2           	5.9         	0.5047      	0.9982      	0.0004334   
1           	3           	6.1         	0.5043      	0.9968      	0.000856    
1           	4           	6.5         	0.5037      	0.9951      	0.001402    
1           	5           	6.7         	0.5027      	0.9926      	0.001534    
1           	6           	6.95        	0.5017      	0.9902      	0.002043    
1           	7           	6.95        	0.5012      	0.9888      	0.002151    
1           	8           	7.2         	0.5         	0.986       	0.002352    
1           	9           	7.25        	0.4992      	0.9841      	0.002549    
1           	10          	7           	0.5006      	0.986       	0.00301     
1           	11          	7.25        	0.4997      	0.9841      	0.003844    
1           	12          	7.45        	0.4978      	0.98        	0.004231    
1           	13          	7.55        	0.4975      	0.9789      	0.004578    
1           	14          	7.25        	0.4974      	0.9785      	0.005271    
1           	15          	7.45        	0.4969      	0.9771      	0.005763    
1           	16          	7.55        	0.497       	0.9762      	0.005956    
1           	17          	7.8         	0.4962      	0.9744      	0.005873    
1           	18          	8.05        	0.4953      	0.972       	0.006147    
1           	19          	7.85        	0.4959      	0.9715      	0.007244    
1           	20          	7.8         	0.4965      	0.9719      	0.007284    
1           	21          	7.5         	0.4957      	0.9689      	0.007562    
1           	22          	7.95        	0.4945      	0.9663      	0.007323    
1           	23          	8.1         	0.4919      	0.9611      	0.007265    
1           	24          	8.35        	0.4898      	0.9567      	0.007289    
1           	25          	8.5         	0.4873      	0.9512      	0.008505    
1           	26          	8.4         	0.4886      	0.9515      	0.009749    
1           	27          	8.4         	0.4895      	0.9508      	0.01099     
1           	28          	8.3         	0.49        	0.9521      	0.01088     
1           	29          	8.25        	0.4907      	0.953       	0.01086     
1           	30          	7.85        	0.4924      	0.9546      	0.01154     
1           	31          	8.1         	0.4927      	0.9555      	0.0114      
1           	32          	8.2         	0.4918      	0.9535      	0.0116      
1           	33          	8.45        	0.4921      	0.9541      	0.01094     
1           	34          	8.55        	0.4908      	0.9513      	0.01091     
1           	35          	8.6         	0.4891      	0.9475      	0.01141     
1           	36          	8.35        	0.4893      	0.9476      	0.01191     
1           	37          	8.2         	0.489       	0.946       	0.01313     
1           	38          	8.25        	0.4876      	0.9421      	0.01347     
1           	39          	8.15        	0.4873      	0.9412      	0.01374     
1           	40          	8.15        	0.4875      	0.9413      	0.01383     
1           	41          	8.25        	0.4848      	0.9375      	0.01368     
1           	42          	8.45        	0.4825      	0.934       	0.01321     
1           	43          	8.7         	0.482       	0.9333      	0.01307     
1           	44          	8.45        	0.4793      	0.9282      	0.0136      
1           	45          	8.3         	0.4783      	0.9255      	0.01419     
1           	46          	8.4         	0.4791      	0.9259      	0.01545     
1           	47          	8.4         	0.4785      	0.9233      	0.01645     
1           	48          	8.65        	0.4776      	0.9211      	0.0166      
1           	49          	8.65        	0.4809      	0.9272      	0.01655     
1           	50          	8.7         	0.4805      	0.9258      	0.01733     
1           	51          	8.35        	0.4797      	0.9235      	0.01807     
1           	52          	8.4         	0.4812      	0.9253      	0.01885     
1           	53          	8.4         	0.4814      	0.9258      	0.0183      
1           	54          	8.45        	0.4792      	0.9211      	0.01831     
1           	55          	8.55        	0.4774      	0.9177      	0.01865     
1           	56          	8.75        	0.4779      	0.9175      	0.02042     
1           	57          	8.7         	0.4742      	0.9096      	0.02121     
1           	58          	8.7         	0.4729      	0.9078      	0.02094     
1           	59          	8.75        	0.4743      	0.9103      	0.02144     
1           	60          	8.9         	0.4744      	0.9102      	0.02189     
1           	61          	8.95        	0.4724      	0.9051      	0.02336     
1           	62          	8.9         	0.4739      	0.907       	0.02413     
1           	63          	9           	0.4704      	0.9011      	0.02336     
1           	64          	8.8         	0.4691      	0.8975      	0.0236      
1           	65          	8.95        	0.4696      	0.8977      	0.02408     
1           	66          	8.75        	0.4717      	0.9022      	0.02415     
1           	67          	8.7         	0.4707      	0.9004      	0.02381     
1           	68          	8.75        	0.4699      	0.8972      	0.02599     
1           	69          	8.7         	0.4691      	0.8953      	0.02597     
1           	70          	8.75        	0.4657      	0.8894      	0.02595     
1           	71          	8.85        	0.4641      	0.8872      	0.025       
1           	72          	8.8         	0.464       	0.8879      	0.02489     
1           	73          	8.7         	0.4613      	0.8839      	0.02366     
1           	74          	8.7         	0.4606      	0.882       	0.02416     
1           	75          	8.75        	0.4615      	0.8841      	0.02337     
1           	76          	8.9         	0.4626      	0.887       	0.0227      
1           	77          	8.75        	0.4624      	0.8851      	0.0243      
1           	78          	8.65        	0.4636      	0.8866      	0.02544     
1           	79          	8.75        	0.4633      	0.8852      	0.02515     
1           	80          	8.6         	0.4636      	0.8842      	0.0264      
1           	81          	8.6         	0.4619      	0.8798      	0.02769     
1           	82          	8.7         	0.4656      	0.8867      	0.02781     
1           	83          	8.75        	0.4659      	0.8876      	0.02789     
1           	84          	8.7         	0.4641      	0.8838      	0.02876     
1           	85          	8.85        	0.464       	0.8838      	0.02807     
1           	86          	8.7         	0.4628      	0.8809      	0.02873     
1           	87          	8.65        	0.463       	0.8816      	0.02881     
1           	88          	8.65        	0.46        	0.8755      	0.02917     
1           	89          	8.85        	0.4617      	0.8788      	0.02991     
1           	90          	8.9         	0.461       	0.8778      	0.02931     
1           	91          	9           	0.4584      	0.8725      	0.03        
1           	92          	8.9         	0.4605      	0.8752      	0.03104     
1           	93          	8.85        	0.4578      	0.8696      	0.03109     
1           	94          	8.85        	0.4538      	0.8623      	0.03083     
1           	95          	8.85        	0.4607      	0.8729      	0.03361     
1           	96          	9           	0.4582      	0.8689      	0.03255     
1           	97          	8.95        	0.4582      	0.8679      	0.03385     
1           	98          	8.85        	0.4586      	0.8672      	0.03535     
1           	99          	8.75        	0.4578      	0.8637      	0.03735     
1           	100         	8.95        	0.4551      	0.8596      	0.03577     
1           	101         	8.95        	0.4553      	0.8593      	0.03655     
1           	102         	8.85        	0.4561      	0.8607      	0.03692     
1           	103         	9           	0.4525      	0.852       	0.03847     
1           	104         	8.9         	0.4497      	0.8446      	0.0401      
1           	105         	8.85        	0.4455      	0.8352      	0.04123     
1           	106         	8.9         	0.4454      	0.8371      	0.0391      
1           	107         	8.85        	0.4445      	0.8355      	0.03903     
1           	108         	8.8         	0.4449      	0.8352      	0.04079     
1           	109         	8.9         	0.4457      	0.8357      	0.04152     
1           	110         	8.9         	0.4476      	0.8401      	0.04111     
1           	111         	8.85        	0.4483      	0.8417      	0.04078     
1           	112         	8.75        	0.4489      	0.843       	0.04091     
1           	113         	8.75        	0.45        	0.8437      	0.04204     
1           	114         	8.7         	0.4484      	0.8412      	0.04228     
1           	115         	8.7         	0.4467      	0.8377      	0.0419      
1           	116         	8.65        	0.448       	0.8382      	0.04459     
1           	117         	8.6         	0.4444      	0.831       	0.04459     
1           	118         	8.7         	0.4421      	0.827       	0.04372     
1           	119         	8.5         	0.441       	0.8253      	0.04398     
1           	120         	8.75        	0.4419      	0.827       	0.04391     
1           	121         	8.7         	0.4353      	0.815       	0.0431      
1           	122         	8.75        	0.4361      	0.8172      	0.04281     
1           	123         	8.9         	0.4382      	0.8194      	0.04395     
1           	124         	8.95        	0.4381      	0.8196      	0.04384     
1           	125         	8.95        	0.4368      	0.8165      	0.044       
1           	126         	8.95        	0.4358      	0.8135      	0.04537     
1           	127         	8.95        	0.4339      	0.8104      	0.04461     
1           	128         	9           	0.4316      	0.8054      	0.0449      
1           	129         	8.9         	0.4319      	0.8031      	0.04803     
1           	130         	8.85        	0.4311      	0.8012      	0.04905     
1           	131         	9           	0.432       	0.8012      	0.05134     
1           	132         	8.7         	0.4343      	0.8047      	0.05218     
1           	133         	8.8         	0.4295      	0.7945      	0.05272     
1           	134         	9           	0.4302      	0.7932      	0.05535     
1           	135         	8.85        	0.4323      	0.7959      	0.05702     
1           	136         	8.9         	0.4342      	0.8         	0.05645     
1           	137         	8.95        	0.4321      	0.7944      	0.05786     
1           	138         	8.85        	0.4344      	0.7981      	0.05874     
1           	139         	8.95        	0.4378      	0.802       	0.06137     
1           	140         	8.85        	0.4362      	0.7995      	0.06115     
1           	141         	8.8         	0.4308      	0.7893      	0.06042     
1           	142         	8.85        	0.429       	0.7875      	0.05843     
1           	143         	8.9         	0.425       	0.779       	0.05938     
1           	144         	8.85        	0.4258      	0.781       	0.0587      
1           	145         	9.1         	0.4223      	0.7753      	0.05785     
1           	146         	9           	0.4219      	0.7719      	0.06073     
1           	147         	8.9         	0.4194      	0.7651      	0.06241     
1           	148         	8.85        	0.4189      	0.7634      	0.06292     
1           	149         	8.8         	0.4184      	0.7621      	0.06343     
1           	150         	8.8         	0.4154      	0.7564      	0.06379     
1           	151         	8.95        	0.4133      	0.7527      	0.06325     
1           	152         	9           	0.4133      	0.7526      	0.06328     
1           	153         	8.95        	0.4178      	0.7596      	0.06465     
1           	154         	9           	0.4176      	0.76        	0.0635      
1           	155         	8.95        	0.4174      	0.7557      	0.0676      
1           	156         	8.95        	0.4171      	0.753       	0.06941     
1           	157         	8.9         	0.4208      	0.7612      	0.06805     
1           	158         	8.8         	0.4222      	0.7661      	0.06571     
1           	159         	8.8         	0.4202      	0.7605      	0.06705     
1           	160         	8.8         	0.4179      	0.7544      	0.0685      
1           	161         	8.95        	0.4168      	0.751       	0.07025     
1           	162         	8.75        	0.4227      	0.7637      	0.06986     
1           	163         	8.75        	0.4233      	0.7642      	0.07046     
1           	164         	8.8         	0.4249      	0.7672      	0.0703      
1           	165         	8.75        	0.4218      	0.7635      	0.0679      
1           	166         	8.75        	0.4235      	0.7655      	0.06939     
1           	167         	8.6         	0.4263      	0.7703      	0.07025     
1           	168         	8.6         	0.4239      	0.7644      	0.07075     
1           	169         	8.75        	0.421       	0.759       	0.07056     
1           	170         	8.8         	0.4198      	0.7532      	0.07368     
1           	171         	8.7         	0.4201      	0.7536      	0.07392     
1           	172         	8.8         	0.4151      	0.7448      	0.07308     
1           	173         	9           	0.412       	0.7376      	0.07433     
1           	174         	8.9         	0.4069      	0.729       	0.07278     
1           	175         	8.95        	0.4059      	0.7267      	0.07365     
1           	176         	8.95        	0.404       	0.7231      	0.07337     
1           	177         	9.05        	0.4053      	0.7234      	0.07558     
1           	178         	8.85        	0.4062      	0.7249      	0.07554     
1           	179         	8.95        	0.4087      	0.7306      	0.07476     
1           	180         	8.85        	0.4058      	0.7262      	0.07364     
1           	181         	8.9         	0.4034      	0.7232      	0.07228     
1           	182         	8.95        	0.3986      	0.7142      	0.07252     
1           	183         	8.75        	0.3997      	0.7141      	0.07427     
1           	184         	8.75        	0.398       	0.7123      	0.07272     
1           	185         	8.7         	0.4043      	0.7198      	0.07735     
1           	186         	8.6         	0.4033      	0.7152      	0.07977     
1           	187         	8.65        	0.4038      	0.7154      	0.08068     
1           	188         	8.65        	0.4069      	0.7217      	0.08059     
1           	189         	8.65        	0.4069      	0.7235      	0.07889     
1           	190         	8.45        	0.4052      	0.7192      	0.07985     
1           	191         	8.6         	0.4045      	0.7193      	0.0787      
1           	192         	8.65        	0.4044      	0.7182      	0.07952     
1           	193         	8.85        	0.4052      	0.7192      	0.08001     
1           	194         	8.75        	0.405       	0.7201      	0.07866     
1           	195         	8.65        	0.4058      	0.7215      	0.07908     
1           	196         	8.65        	0.406       	0.7211      	0.07957     
1           	197         	8.6         	0.4053      	0.7236      	0.076       
1           	198         	8.7         	0.4043      	0.7221      	0.07487     
1           	199         	8.65        	0.4052      	0.726       	0.07289     
1           	200         	8.6         	0.4054      	0.7248      	0.07444     
1           	201         	8.85        	0.4062      	0.7217      	0.0793      
1           	202         	8.85        	0.4056      	0.7215      	0.0781      
1           	203         	8.8         	0.407       	0.723       	0.07934     
1           	204         	8.75        	0.4039      	0.719       	0.07672     
1           	205         	8.75        	0.3991      	0.7108      	0.07533     
1           	206         	8.75        	0.3983      	0.708       	0.07564     
1           	207         	8.85        	0.399       	0.7103      	0.0745      
1           	208         	8.75        	0.4054      	0.7204      	0.07712     
1           	209         	8.9         	0.4065      	0.7234      	0.07683     
1           	210         	8.95        	0.4058      	0.7222      	0.07665     
1           	211         	8.95        	0.4026      	0.7175      	0.07502     
1           	212         	8.85        	0.3987      	0.7103      	0.07398     
1           	213         	8.75        	0.4028      	0.7157      	0.07656     
1           	214         	8.8         	0.3989      	0.7103      	0.07397     
1           	215         	8.75        	0.3984      	0.7074      	0.0761      
1           	216         	8.5         	0.3968      	0.7045      	0.07587     
1           	217         	8.4         	0.3952      	0.7007      	0.07665     
1           	218         	8.6         	0.394       	0.6972      	0.07822     
1           	219         	8.65        	0.3895      	0.6891      	0.07719     
1           	220         	8.7         	0.3887      	0.6911      	0.07416     
1           	221         	8.65        	0.3851      	0.6817      	0.07697     
1           	222         	8.85        	0.3839      	0.6795      	0.07707     
1           	223         	8.7         	0.3818      	0.6745      	0.07848     
1           	224         	8.6         	0.38        	0.6706      	0.0792      
1           	225         	8.55        	0.3823      	0.6724      	0.08159     
1           	226         	8.5         	0.3821      	0.6688      	0.08518     
1           	227         	8.65        	0.3768      	0.6594      	0.08382     
1           	228         	8.65        	0.3735      	0.6538      	0.08323     
1           	229         	8.7         	0.3717      	0.6514      	0.08236     
1           	230         	8.8         	0.375       	0.6565      	0.08399     
1           	231         	8.6         	0.3805      	0.6657      	0.08563     
1           	232         	8.8         	0.3814      	0.6675      	0.08581     
1           	233         	8.5         	0.382       	0.6648      	0.09033     
1           	234         	8.55        	0.3873      	0.6769      	0.08825     
1           	235         	8.4         	0.3873      	0.6785      	0.08644     
1           	236         	8.4         	0.3871      	0.6784      	0.08616     
1           	237         	8.6         	0.3856      	0.6774      	0.08451     
1           	238         	8.6         	0.3899      	0.6853      	0.08567     
1           	239         	8.4         	0.389       	0.6842      	0.08461     
1           	240         	8.45        	0.3895      	0.6855      	0.08452     
1           	241         	8.5         	0.3883      	0.681       	0.08636     
1           	242         	8.6         	0.3934      	0.6887      	0.08912     
1           	243         	8.6         	0.3954      	0.691       	0.09113     
1           	244         	8.55        	0.3932      	0.6895      	0.0883      
1           	245         	8.45        	0.3882      	0.6795      	0.08819     
1           	246         	8.6         	0.3878      	0.6804      	0.08626     
1           	247         	8.9         	0.3849      	0.6733      	0.08722     
1           	248         	8.85        	0.3848      	0.6718      	0.08824     
1           	249         	8.9         	0.3848      	0.6705      	0.08885     
1           	250         	9.05        	0.3792      	0.663       	0.08523     
1           	251         	8.8         	0.382       	0.6681      	0.08534     
1           	252         	8.85        	0.3837      	0.6696      	0.08714     
1           	253         	9.1         	0.3812      	0.6659      	0.08526     
1           	254         	9.1         	0.3766      	0.6586      	0.08349     
1           	255         	8.95        	0.3737      	0.652       	0.08454     
1           	256         	9.05        	0.3735      	0.6533      	0.08286     
1           	257         	9.05        	0.372       	0.6498      	0.08319     
1           	258         	9           	0.3715      	0.6456      	0.08698     
1           	259         	8.85        	0.3719      	0.6451      	0.08836     
1           	260         	8.9         	0.3728      	0.6447      	0.09078     
1           	261         	8.9         	0.3694      	0.6415      	0.08711     
1           	262         	8.85        	0.367       	0.6377      	0.08623     
1           	263         	8.75        	0.3635      	0.6328      	0.0847      
1           	264         	8.85        	0.3647      	0.636       	0.08396     
1           	265         	8.65        	0.3647      	0.6355      	0.08454     
1           	266         	8.75        	0.3595      	0.6252      	0.08422     
1           	267         	8.75        	0.3572      	0.6206      	0.08443     
1           	268         	9.1         	0.3514      	0.6072      	0.08679     
1           	269         	9.1         	0.3499      	0.6025      	0.08877     
1           	270         	9           	0.3444      	0.5947      	0.08574     
1           	271         	8.95        	0.3452      	0.5942      	0.08749     
1           	272         	9.1         	0.3416      	0.5877      	0.08637     
1           	273         	8.95        	0.3395      	0.5859      	0.08458     
1           	274         	8.9         	0.34        	0.5877      	0.08389     
1           	275         	8.9         	0.3361      	0.5817      	0.08194     
1           	276         	8.75        	0.3331      	0.5747      	0.08316     
1           	277         	8.7         	0.335       	0.5778      	0.08324     
1           	278         	8.85        	0.3341      	0.5775      	0.0816      
1           	279         	8.95        	0.3352      	0.5809      	0.08063     
1           	280         	8.85        	0.3353      	0.5808      	0.08089     
1           	281         	8.9         	0.335       	0.5811      	0.07982     
1           	282         	8.9         	0.3323      	0.5749      	0.08101     
1           	283         	8.85        	0.3333      	0.5749      	0.08307     
1           	284         	9           	0.3284      	0.5665      	0.0816      
1           	285         	9           	0.3264      	0.5634      	0.08136     
1           	286         	9.25        	0.3235      	0.5568      	0.08276     
1           	287         	8.9         	0.3258      	0.5609      	0.08279     
1           	288         	8.95        	0.3293      	0.5665      	0.0836      
1           	289         	8.85        	0.3308      	0.5682      	0.08523     
1           	290         	8.65        	0.3278      	0.565       	0.08257     
1           	291         	8.55        	0.3237      	0.5554      	0.08385     
1           	292         	8.6         	0.3243      	0.5568      	0.08344     
1           	293         	8.8         	0.3247      	0.5567      	0.08441     
1           	294         	8.8         	0.3252      	0.5581      	0.08402     
1           	295         	8.95        	0.3236      	0.5546      	0.08434     
1           	296         	8.9         	0.3182      	0.5438      	0.0849      
1           	297         	9.1         	0.322       	0.5512      	0.08503     
1           	298         	9.1         	0.3239      	0.5568      	0.08306     
1           	299         	9.1         	0.3195      	0.5483      	0.0829      
1           	300         	9.3         	0.3212      	0.5521      	0.08175     
1           	301         	9.3         	0.321       	0.5517      	0.0817      
1           	302         	9.2         	0.3223      	0.5538      	0.08214     
1           	303         	9.15        	0.3218      	0.5523      	0.08218     
1           	304         	9.3         	0.3184      	0.5454      	0.08228     
1           	305         	9           	0.3215      	0.5499      	0.08394     
1           	306         	9.1         	0.3245      	0.5555      	0.08377     
1           	307         	9.05        	0.3232      	0.554       	0.08242     
1           	308         	9.05        	0.3256      	0.5577      	0.08355     
1           	309         	9.05        	0.3277      	0.5621      	0.08364     
1           	310         	9.05        	0.3303      	0.5656      	0.08514     
1           	311         	9           	0.3332      	0.5736      	0.08251     
1           	312         	8.95        	0.3353      	0.5769      	0.08338     
1           	313         	9           	0.3372      	0.5801      	0.08431     
1           	314         	8.95        	0.331       	0.5698      	0.08269     
1           	315         	9.05        	0.3299      	0.5681      	0.08201     
1           	316         	8.9         	0.3301      	0.5685      	0.08164     
1           	317         	9           	0.3258      	0.5587      	0.08332     
1           	318         	9.05        	0.3283      	0.5631      	0.08342     
1           	319         	9.05        	0.3327      	0.5736      	0.08167     
1           	320         	8.95        	0.3319      	0.57        	0.08384     
1           	321         	8.9         	0.3288      	0.5623      	0.08537     
1           	322         	8.95        	0.328       	0.5617      	0.08485     
1           	323         	9.2         	0.3234      	0.5531      	0.08382     
1           	324         	9.05        	0.3233      	0.5525      	0.08443     
1           	325         	9           	0.3222      	0.5516      	0.08269     
1           	326         	9           	0.3197      	0.5457      	0.08388     
1           	327         	8.85        	0.3208      	0.5482      	0.08324     
1           	328         	8.75        	0.3187      	0.5447      	0.08257     
1           	329         	8.65        	0.3224      	0.5514      	0.0834      
1           	330         	8.7         	0.3219      	0.548       	0.08573     
1           	331         	8.65        	0.3222      	0.5507      	0.08441     
1           	332         	8.7         	0.3238      	0.5544      	0.08406     
1           	333         	8.65        	0.3196      	0.5461      	0.08384     
1           	334         	8.95        	0.3209      	0.5473      	0.08544     
1           	335         	9.1         	0.3223      	0.549       	0.0866      
1           	336         	8.95        	0.324       	0.5509      	0.08767     
1           	337         	8.85        	0.3232      	0.5497      	0.08714     
1           	338         	8.8         	0.3185      	0.5416      	0.08615     
1           	339         	8.75        	0.3153      	0.5348      	0.08699     
1           	340         	8.75        	0.3132      	0.5292      	0.08871     
1           	341         	8.8         	0.3102      	0.5256      	0.0866      
1           	342         	8.85        	0.3107      	0.5279      	0.08514     
1           	343         	8.75        	0.3085      	0.5258      	0.08274     
1           	344         	8.75        	0.3054      	0.5192      	0.08315     
1           	345         	8.85        	0.3041      	0.5161      	0.08341     
1           	346         	8.75        	0.3014      	0.5114      	0.08244     
1           	347         	8.65        	0.2986      	0.5062      	0.08228     
1           	348         	8.9         	0.2995      	0.5087      	0.082       
1           	349         	9.1         	0.3006      	0.5102      	0.08237     
1           	350         	8.95        	0.2982      	0.5035      	0.08445     
1           	351         	8.95        	0.2956      	0.4962      	0.08661     
1           	352         	8.9         	0.2969      	0.4984      	0.08745     
1           	353         	8.95        	0.2966      	0.4979      	0.08747     
1           	354         	9.05        	0.2987      	0.501       	0.08847     
1           	355         	9.05        	0.3023      	0.5083      	0.08817     
1           	356         	9           	0.3037      	0.5111      	0.08772     
1           	357         	9           	0.3057      	0.517       	0.0856      
1           	358         	8.8         	0.305       	0.5163      	0.08484     
1           	359         	8.9         	0.3061      	0.5181      	0.08526     
1           	360         	8.95        	0.3046      	0.5153      	0.08538     
1           	361         	9           	0.3087      	0.5217      	0.08715     
1           	362         	9           	0.3037      	0.5135      	0.08574     
1           	363         	9.1         	0.3042      	0.5141      	0.0862      
1           	364         	9.05        	0.3027      	0.5113      	0.08593     
1           	365         	9.05        	0.3043      	0.5128      	0.08721     
1           	366         	8.95        	0.3044      	0.5131      	0.08696     
1           	367         	8.8         	0.3068      	0.5147      	0.09018     
1           	368         	9           	0.3083      	0.5174      	0.09041     
1           	369         	8.85        	0.3063      	0.5141      	0.08965     
1           	370         	8.8         	0.3015      	0.5039      	0.09049     
1           	371         	8.95        	0.2981      	0.4953      	0.09275     
1           	372         	8.8         	0.298       	0.4944      	0.09336     
1           	373         	9           	0.2899      	0.4794      	0.09275     
1           	374         	8.7         	0.2885      	0.4759      	0.09344     
1           	375         	8.65        	0.2875      	0.4755      	0.0915      
1           	376         	8.7         	0.289       	0.4781      	0.09205     
1           	377         	8.75        	0.2881      	0.4755      	0.09332     
1           	378         	8.85        	0.2868      	0.4725      	0.09357     
1           	379         	8.75        	0.2885      	0.476       	0.09342     
1           	380         	8.8         	0.2865      	0.4727      	0.09272     
1           	381         	8.85        	0.2899      	0.4774      	0.09436     
1           	382         	8.8         	0.2886      	0.4736      	0.09569     
1           	383         	8.9         	0.2849      	0.466       	0.09593     
1           	384         	8.7         	0.2841      	0.4639      	0.09614     
1           	385         	8.7         	0.2867      	0.4683      	0.09686     
1           	386         	8.55        	0.2887      	0.471       	0.09829     
1           	387         	8.6         	0.292       	0.4748      	0.1009      
1           	388         	8.5         	0.2905      	0.4701      	0.103       
1           	389         	8.5         	0.287       	0.462       	0.1041      
1           	390         	8.75        	0.2822      	0.4512      	0.1051      
1           	391         	8.5         	0.2816      	0.4464      	0.1089      
1           	392         	8.5         	0.2819      	0.4452      	0.1105      
1           	393         	8.55        	0.2809      	0.4416      	0.1124      
1           	394         	8.9         	0.2774      	0.4365      	0.1107      
1           	395         	8.9         	0.2736      	0.4305      	0.1093      
1           	396         	8.75        	0.2753      	0.4331      	0.11        
1           	397         	8.8         	0.2718      	0.428       	0.1084      
1           	398         	8.75        	0.267       	0.4214      	0.1056      
1           	399         	8.7         	0.267       	0.4217      	0.105       
1           	400         	8.8         	0.2666      	0.4213      	0.1046      
1           	401         	8.5         	0.2641      	0.4158      	0.1053      
1           	402         	8.55        	0.262       	0.412       	0.1052      
1           	403         	8.55        	0.2628      	0.4127      	0.1057      
1           	404         	8.7         	0.2625      	0.4129      	0.1051      
1           	405         	8.8         	0.262       	0.4099      	0.1068      
1           	406         	8.75        	0.2615      	0.4101      	0.1055      
1           	407         	8.6         	0.2613      	0.4095      	0.1061      
1           	408         	8.6         	0.2642      	0.4165      	0.1049      
1           	409         	8.7         	0.2604      	0.4108      	0.1032      
1           	410         	8.9         	0.2625      	0.4102      	0.1079      
1           	411         	8.9         	0.262       	0.4082      	0.1089      
1           	412         	8.9         	0.2603      	0.4028      	0.1111      
1           	413         	8.95        	0.2594      	0.4001      	0.1123      
1           	414         	9.05        	0.2573      	0.3972      	0.111       
1           	415         	9.05        	0.2602      	0.4012      	0.1126      
1           	416         	9.1         	0.2617      	0.4047      	0.1116      
1           	417         	9.1         	0.2621      	0.4055      	0.1117      
1           	418         	9.1         	0.2649      	0.4079      	0.1149      
1           	419         	9.1         	0.2609      	0.4026      	0.1122      
1           	420         	9.2         	0.2603      	0.4001      	0.1138      
1           	421         	9.2         	0.2577      	0.3967      	0.112       
1           	422         	9.25        	0.2597      	0.3968      	0.1159      
1           	423         	9.15        	0.2585      	0.395       	0.115       
1           	424         	9.2         	0.2597      	0.3935      	0.1192      
1           	425         	9.2         	0.259       	0.3953      	0.1159      
1           	426         	9.2         	0.2568      	0.391       	0.1161      
1           	427         	9.2         	0.2571      	0.393       	0.1149      
1           	428         	9.15        	0.2558      	0.3869      	0.1188      
1           	429         	9.15        	0.2576      	0.3885      	0.1208      
1           	430         	9.1         	0.2621      	0.3959      	0.1223      
1           	431         	9.1         	0.261       	0.3944      	0.1218      
1           	432         	9           	0.2577      	0.3874      	0.1223      
1           	433         	9           	0.2559      	0.3878      	0.118       
1           	434         	9.05        	0.2533      	0.3841      	0.1166      
1           	435         	8.95        	0.2555      	0.3878      	0.1172      
1           	436         	8.9         	0.2543      	0.3876      	0.1148      
1           	437         	8.85        	0.2544      	0.3892      	0.1135      
1           	438         	8.8         	0.2524      	0.3837      	0.1149      
1           	439         	8.95        	0.2498      	0.3784      	0.1154      
1           	440         	8.8         	0.2473      	0.3732      	0.1157      
1           	441         	8.85        	0.2445      	0.3685      	0.1145      
1           	442         	8.65        	0.2448      	0.3664      	0.1174      
1           	443         	8.7         	0.243       	0.3643      	0.1157      
1           	444         	8.85        	0.245       	0.3668      	0.1173      
1           	445         	8.8         	0.2425      	0.3633      	0.1159      
1           	446         	8.9         	0.2418      	0.3665      	0.1112      
1           	447         	8.75        	0.2419      	0.3666      	0.1113      
1           	448         	8.9         	0.2449      	0.3709      	0.113       
1           	449         	8.85        	0.2434      	0.3661      	0.115       
1           	450         	8.9         	0.2431      	0.3635      	0.1169      
1           	451         	8.85        	0.243       	0.365       	0.1152      
1           	452         	8.95        	0.2449      	0.3688      	0.115       
1           	453         	9.05        	0.2457      	0.3705      	0.1149      
1           	454         	8.95        	0.2457      	0.3705      	0.1147      
1           	455         	8.95        	0.247       	0.3717      	0.1163      
1           	456         	8.75        	0.2464      	0.3735      	0.1132      
1           	457         	8.9         	0.2441      	0.369       	0.113       
1           	458         	8.85        	0.2481      	0.3758      	0.1141      
1           	459         	8.9         	0.2538      	0.3863      	0.1148      
1           	460         	8.85        	0.2542      	0.3848      	0.1171      
1           	461         	8.8         	0.2576      	0.3891      	0.1196      
1           	462         	8.85        	0.2598      	0.3908      	0.1224      
1           	463         	8.8         	0.2588      	0.3912      	0.1198      
1           	464         	8.55        	0.2612      	0.3953      	0.1207      
1           	465         	8.85        	0.2617      	0.3984      	0.1184      
1           	466         	8.7         	0.2596      	0.3944      	0.1187      
1           	467         	8.75        	0.2571      	0.3893      	0.1189      
1           	468         	8.8         	0.2577      	0.3894      	0.1199      
1           	469         	8.8         	0.258       	0.3896      	0.12        
1           	470         	8.7         	0.2567      	0.387       	0.12        
1           	471         	8.8         	0.2569      	0.3851      	0.1226      
1           	472         	8.9         	0.2597      	0.39        	0.1232      
1           	473         	8.8         	0.2576      	0.3868      	0.1224      
1           	474         	8.9         	0.2555      	0.3845      	0.1207      
1           	475         	8.95        	0.2544      	0.383       	0.1199      
1           	476         	9.05        	0.2534      	0.3772      	0.1238      
1           	477         	9.05        	0.252       	0.3763      	0.1215      
1           	478         	8.95        	0.255       	0.3823      	0.1216      
1           	479         	9           	0.2559      	0.3848      	0.1209      
1           	480         	8.9         	0.2598      	0.393       	0.1202      
1           	481         	8.85        	0.2591      	0.3935      	0.1183      
1           	482         	9           	0.2598      	0.395       	0.1182      
1           	483         	8.85        	0.2603      	0.3953      	0.1191      
1           	484         	8.8         	0.2619      	0.3983      	0.1193      
1           	485         	8.75        	0.261       	0.3968      	0.1189      
1           	486         	9.1         	0.2569      	0.3914      	0.116       
1           	487         	8.9         	0.2566      	0.3937      	0.1131      
1           	488         	8.9         	0.2544      	0.3908      	0.1117      
1           	489         	8.75        	0.2523      	0.3875      	0.111       
1           	490         	8.7         	0.2581      	0.3942      	0.1159      
1           	491         	8.75        	0.2572      	0.3927      	0.1157      
1           	492         	8.7         	0.2567      	0.393       	0.1145      
1           	493         	8.8         	0.2564      	0.3919      	0.115       
1           	494         	8.8         	0.2524      	0.3878      	0.1112      
1           	495         	8.75        	0.2514      	0.3867      	0.1106      
1           	496         	8.75        	0.2528      	0.3873      	0.1126      
1           	497         	8.8         	0.254       	0.3873      	0.115       
1           	498         	8.8         	0.2526      	0.3819      	0.1178      
1           	499         	8.8         	0.2525      	0.3823      	0.117       
1           	500         	9           	0.2528      	0.3792      	0.121       
1           	501         	9.1         	0.255       	0.3801      	0.1244      
1           	502         	9.15        	0.2503      	0.3735      	0.1215      
1           	503         	9.25        	0.2513      	0.374       	0.1232      
1           	504         	9.15        	0.2517      	0.3743      	0.1234      
1           	505         	9.1         	0.2515      	0.3743      	0.1232      
1           	506         	9.1         	0.2499      	0.3748      	0.1195      
1           	507         	9.1         	0.252       	0.3763      	0.1223      
1           	508         	8.9         	0.2528      	0.376       	0.1242      
1           	509         	8.95        	0.2535      	0.3779      	0.1238      
1           	510         	8.85        	0.2552      	0.3787      	0.1265      
1           	511         	8.7         	0.2567      	0.38        	0.1282      
1           	512         	8.85        	0.2542      	0.3752      	0.128       
1           	513         	8.7         	0.2558      	0.3753      	0.1311      
1           	514         	8.65        	0.2537      	0.3716      	0.1307      
1           	515         	8.65        	0.2518      	0.3684      	0.1302      
1           	516         	8.6         	0.2555      	0.3732      	0.1322      
1           	517         	8.4         	0.2538      	0.3717      	0.1303      
1           	518         	8.4         	0.2529      	0.366       	0.1348      
1           	519         	8.3         	0.2547      	0.3704      	0.1336      
1           	520         	8.35        	0.2553      	0.3762      	0.1288      
1           	521         	8.45        	0.2552      	0.3755      	0.1295      
1           	522         	8.65        	0.2522      	0.3708      	0.1283      
1           	523         	8.7         	0.2506      	0.3677      	0.1283      
1           	524         	8.85        	0.2495      	0.3643      	0.1296      
1           	525         	8.9         	0.252       	0.3685      	0.1301      
1           	526         	8.8         	0.2553      	0.371       	0.1343      
1           	527         	8.55        	0.2568      	0.3734      	0.1346      
1           	528         	8.7         	0.2521      	0.3698      	0.1287      
1           	529         	8.9         	0.2511      	0.3671      	0.1293      
1           	530         	8.45        	0.2506      	0.3653      	0.1303      
1           	531         	8.4         	0.2502      	0.3631      	0.1317      
1           	532         	8.25        	0.2499      	0.3641      	0.1301      
1           	533         	8.25        	0.2493      	0.3606      	0.1325      
1           	534         	8.5         	0.2545      	0.3677      	0.1359      
1           	535         	8.6         	0.2521      	0.3644      	0.1345      
1           	536         	8.6         	0.2529      	0.3667      	0.1338      
1           	537         	8.8         	0.2551      	0.3696      	0.1353      
1           	538         	8.65        	0.2562      	0.3692      	0.1378      
1           	539         	8.6         	0.2573      	0.3697      	0.1396      
1           	540         	8.6         	0.2573      	0.3679      	0.1413      
1           	541         	8.55        	0.2549      	0.3656      	0.1388      
1           	542         	8.6         	0.2541      	0.3646      	0.1381      
1           	543         	8.65        	0.2512      	0.3592      	0.138       
1           	544         	8.75        	0.2506      	0.3555      	0.1407      
1           	545         	8.6         	0.2487      	0.3529      	0.1396      
1           	546         	8.7         	0.2498      	0.3543      	0.1403      
1           	547         	8.6         	0.2522      	0.3573      	0.1421      
1           	548         	8.55        	0.2526      	0.3552      	0.1454      
1           	549         	8.4         	0.2564      	0.3606      	0.1473      
1           	550         	8.35        	0.2587      	0.361       	0.1517      
1           	551         	8.55        	0.2554      	0.3555      	0.1506      
1           	552         	8.7         	0.2554      	0.3545      	0.1516      
1           	553         	8.7         	0.2571      	0.3532      	0.1566      
1           	554         	8.7         	0.2592      	0.3573      	0.1564      
1           	555         	8.7         	0.2562      	0.3527      	0.1551      
1           	556         	8.8         	0.2576      	0.3536      	0.1569      
1           	557         	8.6         	0.2575      	0.3555      	0.1548      
1           	558         	8.55        	0.2571      	0.3561      	0.1535      
1           	559         	8.6         	0.257       	0.3575      	0.1519      
1           	560         	8.7         	0.2551      	0.3524      	0.1535      
1           	561         	8.55        	0.2567      	0.356       	0.153       
1           	562         	8.7         	0.2559      	0.3552      	0.1522      
1           	563         	8.65        	0.2568      	0.3557      	0.1533      
1           	564         	8.75        	0.2576      	0.3576      	0.1527      
1           	565         	8.65        	0.2591      	0.3622      	0.151       
1           	566         	8.65        	0.2565      	0.3586      	0.1492      
1           	567         	8.55        	0.2572      	0.3624      	0.1469      
1           	568         	8.45        	0.2582      	0.3619      	0.1495      
1           	569         	8.35        	0.2603      	0.3639      	0.1518      
1           	570         	8.35        	0.2584      	0.3584      	0.1534      
1           	571         	8.45        	0.2587      	0.3574      	0.1546      
1           	572         	8.55        	0.2572      	0.3571      	0.152       
1           	573         	8.5         	0.2593      	0.3606      	0.1526      
1           	574         	8.55        	0.2606      	0.3625      	0.1532      
1           	575         	8.5         	0.2594      	0.3606      	0.153       
1           	576         	8.45        	0.2567      	0.3539      	0.1547      
1           	577         	8.45        	0.2564      	0.3523      	0.1557      
1           	578         	8.45        	0.2548      	0.3503      	0.1544      
1           	579         	8.35        	0.2551      	0.3496      	0.1558      
1           	580         	8.65        	0.2537      	0.3474      	0.1554      
1           	581         	8.65        	0.2542      	0.3448      	0.159       
1           	582         	8.7         	0.2528      	0.3422      	0.1589      
1           	583         	8.35        	0.2482      	0.3343      	0.1577      
1           	584         	8.35        	0.2485      	0.3342      	0.1585      
1           	585         	8.45        	0.2513      	0.3381      	0.1604      
1           	586         	8.5         	0.2496      	0.336       	0.159       
1           	587         	8.2         	0.2491      	0.336       	0.158       
1           	588         	8.6         	0.2484      	0.3335      	0.159       
1           	589         	8.65        	0.2473      	0.3308      	0.1597      
1           	590         	8.6         	0.248       	0.3306      	0.1613      
1           	591         	8.55        	0.2441      	0.3256      	0.1585      
1           	592         	8.5         	0.2435      	0.3258      	0.1569      
1           	593         	8.45        	0.2453      	0.3292      	0.1569      
1           	594         	8.6         	0.2437      	0.3285      	0.1545      
1           	595         	8.55        	0.2436      	0.3303      	0.1523      
1           	596         	8.35        	0.2436      	0.3275      	0.1552      
1           	597         	8.45        	0.2411      	0.3247      	0.1531      
1           	598         	8.55        	0.2422      	0.3255      	0.1547      
1           	599         	8.6         	0.2396      	0.3235      	0.1515      
1           	600         	8.55        	0.2394      	0.3233      	0.1512      
1           	601         	8.8         	0.2368      	0.3169      	0.1527      
1           	602         	8.7         	0.2351      	0.3156      	0.1502      
1           	603         	8.6         	0.2338      	0.312       	0.1514      
1           	604         	8.5         	0.232       	0.3082      	0.1517      
1           	605         	8.5         	0.2337      	0.3118      	0.1511      
1           	606         	8.55        	0.2325      	0.3105      	0.1498      
1           	607         	8.45        	0.232       	0.3118      	0.1473      
1           	608         	8.4         	0.2314      	0.309       	0.1489      
1           	609         	8.6         	0.2286      	0.3027      	0.1498      
1           	610         	8.6         	0.2266      	0.3011      	0.1476      
1           	611         	8.6         	0.2308      	0.3018      	0.1554      
1           	612         	8.65        	0.2297      	0.3013      	0.1536      
1           	613         	8.65        	0.2307      	0.301       	0.156       
1           	614         	8.7         	0.2304      	0.2985      	0.1579      
1           	615         	8.7         	0.232       	0.2997      	0.16        
1           	616         	8.6         	0.23        	0.2994      	0.1561      
1           	617         	8.5         	0.2288      	0.296       	0.1576      
1           	618         	8.5         	0.2273      	0.2941      	0.1563      
1           	619         	8.4         	0.2303      	0.2921      	0.1647      
1           	620         	8.45        	0.229       	0.2906      	0.1634      
1           	621         	8.55        	0.2309      	0.2928      	0.1652      
1           	622         	8.45        	0.2308      	0.291       	0.1668      
1           	623         	8.6         	0.231       	0.2918      	0.1664      
1           	624         	8.55        	0.229       	0.2902      	0.164       
1           	625         	8.65        	0.2286      	0.2891      	0.1643      
1           	626         	8.65        	0.2304      	0.2907      	0.1665      
1           	627         	8.65        	0.2327      	0.2914      	0.1707      
1           	628         	8.8         	0.2298      	0.2887      	0.1676      
1           	629         	8.5         	0.2303      	0.2898      	0.1675      
1           	630         	8.65        	0.2283      	0.286       	0.1675      
1           	631         	8.4         	0.2279      	0.285       	0.1676      
1           	632         	8.2         	0.2291      	0.2896      	0.1653      
1           	633         	8.35        	0.2256      	0.2836      	0.1645      
1           	634         	8.3         	0.2256      	0.284       	0.1641      
1           	635         	8.15        	0.226       	0.2855      	0.1633      
1           	636         	8.1         	0.2219      	0.2788      	0.1617      
1           	637         	8.15        	0.2215      	0.2771      	0.1628      
1           	638         	8.35        	0.2209      	0.277       	0.1616      
1           	639         	8.65        	0.2203      	0.2766      	0.1607      
1           	640         	8.5         	0.2196      	0.2738      	0.1624      
1           	641         	8.35        	0.2188      	0.2733      	0.1612      
1           	642         	8.35        	0.2243      	0.2766      	0.1691      
1           	643         	8.25        	0.223       	0.2761      	0.1668      
1           	644         	8.35        	0.2229      	0.2747      	0.1681      
1           	645         	8.4         	0.2224      	0.2754      	0.1663      
1           	646         	8.4         	0.2223      	0.2784      	0.163       
1           	647         	8.55        	0.2189      	0.2768      	0.1577      
1           	648         	8.55        	0.2179      	0.2784      	0.1537      
1           	649         	8.65        	0.2179      	0.2778      	0.1544      
1           	650         	8.5         	0.2203      	0.2816      	0.1553      
1           	651         	8.6         	0.2197      	0.2834      	0.1522      
1           	652         	8.4         	0.2183      	0.2842      	0.1483      
1           	653         	8.55        	0.2145      	0.2813      	0.1435      
1           	654         	8.35        	0.2152      	0.2829      	0.1433      
1           	655         	8.2         	0.2151      	0.2805      	0.1457      
1           	656         	8.1         	0.2188      	0.2827      	0.1509      
1           	657         	8.15        	0.2191      	0.2844      	0.1496      
1           	658         	8.2         	0.2189      	0.2844      	0.1494      
1           	659         	8.05        	0.2191      	0.2832      	0.151       
1           	660         	8           	0.2219      	0.2864      	0.1535      
1           	661         	8.05        	0.2214      	0.2855      	0.1533      
1           	662         	8           	0.2186      	0.2804      	0.153       
1           	663         	8           	0.2178      	0.2793      	0.1526      
1           	664         	7.95        	0.2158      	0.2749      	0.153       
1           	665         	7.8         	0.2141      	0.2742      	0.1502      
1           	666         	7.85        	0.2139      	0.2709      	0.1534      
1           	667         	7.95        	0.2128      	0.2702      	0.1517      
1           	668         	7.9         	0.2156      	0.2742      	0.153       
1           	669         	8.1         	0.2119      	0.2713      	0.1488      
1           	670         	7.9         	0.2107      	0.2699      	0.1476      
1           	671         	8.25        	0.2146      	0.2761      	0.1492      
1           	672         	8           	0.2166      	0.2765      	0.1528      
1           	673         	8           	0.2188      	0.2814      	0.152       
1           	674         	8.05        	0.2211      	0.2843      	0.1536      
1           	675         	7.95        	0.2208      	0.282       	0.1556      
1           	676         	7.9         	0.219       	0.2834      	0.1505      
1           	677         	8.2         	0.2176      	0.2834      	0.1475      
1           	678         	8.25        	0.214       	0.2789      	0.145       
1           	679         	8.25        	0.2161      	0.2811      	0.147       
1           	680         	8.4         	0.2169      	0.283       	0.1467      
1           	681         	8.5         	0.2162      	0.2812      	0.147       
1           	682         	8.35        	0.2153      	0.2813      	0.1449      
1           	683         	8.25        	0.2177      	0.2804      	0.151       
1           	684         	8.4         	0.2182      	0.2828      	0.1495      
1           	685         	8.35        	0.2174      	0.2819      	0.1487      
1           	686         	8.2         	0.217       	0.2814      	0.1483      
1           	687         	8.2         	0.2156      	0.2789      	0.1482      
1           	688         	8.2         	0.2146      	0.2772      	0.1479      
1           	689         	8.05        	0.216       	0.2802      	0.1476      
1           	690         	7.95        	0.2156      	0.2797      	0.1473      
1           	691         	7.9         	0.2139      	0.2778      	0.1458      
1           	692         	7.8         	0.2162      	0.2813      	0.1468      
1           	693         	8           	0.2142      	0.2756      	0.1485      
1           	694         	8.1         	0.2122      	0.2719      	0.1485      
1           	695         	8.25        	0.2127      	0.2724      	0.1489      
1           	696         	8.1         	0.2133      	0.2742      	0.1481      
1           	697         	8.15        	0.2176      	0.2798      	0.1512      
1           	698         	8.1         	0.2142      	0.2717      	0.1529      
1           	699         	8.15        	0.2138      	0.2701      	0.1537      
1           	700         	8.2         	0.2141      	0.2713      	0.153       
1           	701         	8.25        	0.2119      	0.2695      	0.1504      
1           	702         	8.2         	0.2114      	0.27        	0.1487      
1           	703         	8.05        	0.2132      	0.2694      	0.1532      
1           	704         	8.1         	0.2136      	0.2719      	0.1512      
1           	705         	8.15        	0.2131      	0.2702      	0.1521      
1           	706         	8           	0.2148      	0.2734      	0.1521      
1           	707         	8.15        	0.2137      	0.2718      	0.1516      
1           	708         	8           	0.2141      	0.2727      	0.1516      
1           	709         	8.1         	0.2142      	0.2748      	0.1494      
1           	710         	8.2         	0.2134      	0.2754      	0.147       
1           	711         	8.15        	0.2101      	0.2701      	0.1459      
1           	712         	8.35        	0.208       	0.2678      	0.1442      
1           	713         	8.35        	0.2083      	0.2655      	0.1474      
1           	714         	8.25        	0.2081      	0.2644      	0.1481      
1           	715         	8.25        	0.2099      	0.2694      	0.1464      
1           	716         	8.3         	0.2132      	0.2728      	0.1497      
1           	717         	8.2         	0.2146      	0.2712      	0.1544      
1           	718         	7.95        	0.2119      	0.2664      	0.1539      
1           	719         	7.95        	0.2129      	0.268       	0.1544      
1           	720         	8.05        	0.2154      	0.2712      	0.1563      
1           	721         	7.95        	0.2212      	0.2794      	0.1595      
1           	722         	8.05        	0.2227      	0.2803      	0.1615      
1           	723         	8           	0.2228      	0.2813      	0.1606      
1           	724         	8           	0.2229      	0.2818      	0.1603      
1           	725         	8           	0.2187      	0.2761      	0.1577      
1           	726         	7.85        	0.219       	0.2778      	0.1567      
1           	727         	7.9         	0.2201      	0.2796      	0.157       
1           	728         	8.2         	0.2187      	0.2776      	0.1563      
1           	729         	8.1         	0.2185      	0.2759      	0.1577      
1           	730         	7.9         	0.2193      	0.2777      	0.1575      
1           	731         	7.95        	0.22        	0.2795      	0.1571      
1           	732         	8.25        	0.2192      	0.2772      	0.1581      
1           	733         	8.15        	0.223       	0.2853      	0.1573      
1           	734         	8.15        	0.2247      	0.2919      	0.1538      
1           	735         	8.3         	0.2252      	0.2948      	0.1516      
1           	736         	8.25        	0.2239      	0.2927      	0.1512      
1           	737         	8.35        	0.225       	0.2935      	0.1526      
1           	738         	8.15        	0.2234      	0.2916      	0.1512      
1           	739         	8.1         	0.2224      	0.2914      	0.1494      
1           	740         	8.25        	0.224       	0.2947      	0.1492      
1           	741         	8.35        	0.221       	0.2914      	0.1468      
1           	742         	8.3         	0.2211      	0.2906      	0.1475      
1           	743         	8.4         	0.2206      	0.291       	0.1462      
1           	744         	8.4         	0.216       	0.2862      	0.1419      
1           	745         	8           	0.2128      	0.2806      	0.1412      
1           	746         	8.05        	0.2095      	0.2784      	0.1368      
1           	747         	8.15        	0.2094      	0.2763      	0.1389      
1           	748         	8.2         	0.2137      	0.281       	0.1427      
1           	749         	8.2         	0.2116      	0.2797      	0.1395      
1           	750         	8.2         	0.2131      	0.2833      	0.1389      
1           	751         	8.1         	0.2136      	0.2864      	0.1365      
1           	752         	8.15        	0.2143      	0.2911      	0.1331      
1           	753         	7.95        	0.2153      	0.2925      	0.1334      
1           	754         	7.9         	0.2149      	0.2906      	0.1347      
1           	755         	8.05        	0.2128      	0.2886      	0.1326      
1           	756         	7.85        	0.2134      	0.2901      	0.1322      
1           	757         	7.85        	0.2137      	0.2895      	0.1334      
1           	758         	7.95        	0.2118      	0.2856      	0.1338      
1           	759         	7.7         	0.2115      	0.2846      	0.134       
1           	760         	7.7         	0.2106      	0.2843      	0.1326      
1           	761         	7.65        	0.2124      	0.2904      	0.1298      
1           	762         	7.7         	0.2114      	0.2879      	0.1301      
1           	763         	7.85        	0.2139      	0.2877      	0.1355      
1           	764         	7.85        	0.2152      	0.2871      	0.1387      
1           	765         	7.8         	0.2147      	0.2828      	0.1422      
1           	766         	7.85        	0.2133      	0.2801      	0.1421      
1           	767         	7.8         	0.2133      	0.2772      	0.1452      
1           	768         	8           	0.2167      	0.2797      	0.1498      
1           	769         	8.3         	0.2177      	0.2836      	0.1475      
1           	770         	8           	0.2167      	0.2791      	0.1505      
1           	771         	8           	0.22        	0.286       	0.1499      
1           	772         	7.9         	0.2203      	0.2832      	0.1535      
1           	773         	8.1         	0.2185      	0.2797      	0.1535      
1           	774         	7.95        	0.2176      	0.2757      	0.156       
1           	775         	7.9         	0.217       	0.2756      	0.155       
1           	776         	8           	0.2115      	0.2687      	0.1508      
1           	777         	7.95        	0.2127      	0.2676      	0.1544      
1           	778         	7.85        	0.2116      	0.2643      	0.1556      
1           	779         	7.9         	0.2153      	0.2706      	0.1564      
1           	780         	7.85        	0.2119      	0.2689      	0.1513      
1           	781         	7.9         	0.2113      	0.2676      	0.1513      
1           	782         	7.95        	0.2149      	0.2756      	0.1502      
1           	783         	8.15        	0.2131      	0.2752      	0.147       
1           	784         	8           	0.2096      	0.2701      	0.1453      
1           	785         	7.9         	0.21        	0.2716      	0.1443      
1           	786         	7.95        	0.2133      	0.2762      	0.1464      
1           	787         	7.9         	0.2087      	0.2675      	0.1462      
1           	788         	7.65        	0.2092      	0.2666      	0.1481      
1           	789         	7.65        	0.2087      	0.268       	0.1454      
1           	790         	7.75        	0.2122      	0.273       	0.1474      
1           	791         	7.85        	0.2116      	0.2724      	0.1466      
1           	792         	7.7         	0.2135      	0.274       	0.1487      
1           	793         	7.75        	0.2124      	0.2762      	0.1442      
1           	794         	7.8         	0.2123      	0.2804      	0.1393      
1           	795         	7.8         	0.2097      	0.2757      	0.1389      
1           	796         	7.6         	0.2102      	0.2765      	0.1391      
1           	797         	7.65        	0.2113      	0.2772      	0.1406      
1           	798         	7.7         	0.2097      	0.2767      	0.1379      
1           	799         	7.55        	0.2099      	0.2785      	0.1363      
1           	800         	7.75        	0.211       	0.2807      	0.1361      
1           	801         	7.75        	0.212       	0.2822      	0.1368      
1           	802         	7.95        	0.2113      	0.2808      	0.137       
1           	803         	7.95        	0.2074      	0.2753      	0.1348      
1           	804         	7.65        	0.2085      	0.2772      	0.1349      
1           	805         	7.65        	0.2116      	0.2828      	0.1355      
1           	806         	7.7         	0.2089      	0.2794      	0.1335      
1           	807         	7.55        	0.2115      	0.2837      	0.1343      
1           	808         	7.6         	0.212       	0.2827      	0.1365      
1           	809         	7.7         	0.213       	0.2856      	0.1356      
1           	810         	7.95        	0.2134      	0.2852      	0.1368      
1           	811         	7.8         	0.2101      	0.2801      	0.1355      
1           	812         	8           	0.2125      	0.2835      	0.1369      
1           	813         	7.9         	0.2121      	0.2814      	0.138       
1           	814         	7.75        	0.211       	0.2781      	0.139       
1           	815         	7.75        	0.2093      	0.2741      	0.14        
1           	816         	7.95        	0.2092      	0.2744      	0.1396      
1           	817         	7.9         	0.2069      	0.2714      	0.1381      
1           	818         	7.8         	0.2068      	0.2702      	0.1391      
1           	819         	7.75        	0.2067      	0.2688      	0.1402      
1           	820         	7.85        	0.2081      	0.274       	0.1376      
1           	821         	7.9         	0.2107      	0.2782      	0.1385      
1           	822         	7.9         	0.2098      	0.2761      	0.1388      
1           	823         	7.9         	0.2084      	0.271       	0.1415      
1           	824         	7.7         	0.2073      	0.2692      	0.141       
1           	825         	7.8         	0.2063      	0.2685      	0.14        
1           	826         	7.9         	0.2029      	0.2638      	0.138       
1           	827         	7.8         	0.2012      	0.2625      	0.1358      
1           	828         	7.8         	0.2025      	0.2655      	0.1354      
1           	829         	7.8         	0.2023      	0.2671      	0.1333      
1           	830         	7.65        	0.2         	0.2643      	0.1318      
1           	831         	7.45        	0.1995      	0.2649      	0.1301      
1           	832         	7.6         	0.1984      	0.2633      	0.1294      
1           	833         	7.8         	0.2022      	0.2652      	0.1352      
1           	834         	7.5         	0.2009      	0.2613      	0.1368      
1           	835         	7.35        	0.2006      	0.2649      	0.1323      
1           	836         	7.7         	0.2029      	0.2674      	0.1342      
1           	837         	8           	0.2045      	0.2696      	0.1349      
1           	838         	7.9         	0.205       	0.2712      	0.1343      
1           	839         	7.95        	0.2084      	0.2745      	0.1378      
1           	840         	7.9         	0.2075      	0.2744      	0.1359      
1           	841         	7.95        	0.2061      	0.2707      	0.137       
1           	842         	7.95        	0.2056      	0.274       	0.1325      
1           	843         	7.9         	0.2023      	0.2731      	0.1266      
1           	844         	7.9         	0.2044      	0.2784      	0.1254      
1           	845         	8           	0.2056      	0.2819      	0.1242      
1           	846         	8.05        	0.2028      	0.2783      	0.1223      
1           	847         	8           	0.2003      	0.2724      	0.1236      
1           	848         	7.9         	0.2001      	0.271       	0.1248      
1           	849         	7.95        	0.2021      	0.274       	0.1256      
1           	850         	7.95        	0.2056      	0.2778      	0.1287      
1           	851         	7.8         	0.2053      	0.2771      	0.1292      
1           	852         	7.8         	0.2049      	0.2771      	0.1283      
1           	853         	7.85        	0.2059      	0.2774      	0.13        
1           	854         	8           	0.2073      	0.2799      	0.1304      
1           	855         	8.25        	0.2068      	0.283       	0.1262      
1           	856         	8.1         	0.2054      	0.2824      	0.1241      
1           	857         	8.05        	0.2012      	0.278       	0.1201      
1           	858         	8.1         	0.2006      	0.2766      	0.1201      
1           	859         	8           	0.2001      	0.2771      	0.1187      
1           	860         	7.8         	0.2009      	0.2776      	0.1199      
1           	861         	7.85        	0.2013      	0.2777      	0.1206      
1           	862         	7.7         	0.2007      	0.2752      	0.122       
1           	863         	7.85        	0.202       	0.2777      	0.122       
1           	864         	7.85        	0.1995      	0.2749      	0.1197      
1           	865         	7.95        	0.2006      	0.2751      	0.1217      
1           	866         	7.9         	0.2005      	0.2763      	0.1202      
1           	867         	7.9         	0.1994      	0.2768      	0.1174      
1           	868         	7.85        	0.198       	0.2745      	0.1171      
1           	869         	8.05        	0.1981      	0.2738      	0.1181      
1           	870         	7.9         	0.1962      	0.2713      	0.1169      
1           	871         	8.1         	0.1958      	0.2717      	0.1155      
1           	872         	8.1         	0.1965      	0.276       	0.1125      
1           	873         	8.05        	0.195       	0.275       	0.1105      
1           	874         	7.9         	0.1942      	0.2713      	0.113       
1           	875         	7.75        	0.1939      	0.2738      	0.1096      
1           	876         	7.75        	0.1971      	0.2768      	0.1128      
1           	877         	7.7         	0.1972      	0.2752      	0.1145      
1           	878         	7.8         	0.1971      	0.2769      	0.1125      
1           	879         	8           	0.1989      	0.2795      	0.1134      
1           	880         	8           	0.2039      	0.2858      	0.1169      
1           	881         	7.95        	0.2044      	0.2859      	0.1179      
1           	882         	8           	0.1993      	0.2768      	0.1169      
1           	883         	7.9         	0.1961      	0.2735      	0.1138      
1           	884         	7.95        	0.1977      	0.2745      	0.116       
1           	885         	7.95        	0.1968      	0.2751      	0.1134      
1           	886         	8           	0.1944      	0.2703      	0.1137      
1           	887         	7.7         	0.1941      	0.2691      	0.1146      
1           	888         	7.6         	0.1954      	0.2682      	0.1178      
1           	889         	7.75        	0.1948      	0.2663      	0.1188      
1           	890         	8.05        	0.1932      	0.2662      	0.1155      
1           	891         	8           	0.1944      	0.2674      	0.1166      
1           	892         	7.9         	0.1971      	0.2715      	0.1178      
1           	893         	7.95        	0.1979      	0.2715      	0.1194      
1           	894         	7.95        	0.1968      	0.2709      	0.1179      
1           	895         	7.95        	0.199       	0.2743      	0.1188      
1           	896         	8.05        	0.2013      	0.2733      	0.1247      
1           	897         	8.25        	0.2006      	0.2722      	0.1243      
1           	898         	8.15        	0.2019      	0.2758      	0.1231      
1           	899         	8.1         	0.2027      	0.2791      	0.1214      
1           	900         	8.1         	0.2017      	0.2783      	0.12        
1           	901         	8.15        	0.1994      	0.276       	0.1176      
1           	902         	8.05        	0.1999      	0.2765      	0.1184      
1           	903         	8.05        	0.1999      	0.2756      	0.1193      
1           	904         	7.75        	0.2009      	0.278       	0.1192      
1           	905         	7.75        	0.203       	0.2811      	0.1198      
1           	906         	7.5         	0.2012      	0.2762      	0.1215      
1           	907         	7.6         	0.2009      	0.2747      	0.1224      
1           	908         	7.75        	0.2023      	0.2756      	0.1243      
1           	909         	7.8         	0.2013      	0.2754      	0.1226      
1           	910         	7.8         	0.2018      	0.2759      	0.123       
1           	911         	7.8         	0.2006      	0.272       	0.1243      
1           	912         	7.85        	0.2007      	0.272       	0.1247      
1           	913         	7.7         	0.2008      	0.2706      	0.1263      
1           	914         	7.8         	0.2013      	0.2697      	0.1283      
1           	915         	7.8         	0.2032      	0.2748      	0.1267      
1           	916         	7.6         	0.1976      	0.2683      	0.1221      
1           	917         	7.65        	0.2009      	0.2743      	0.1225      
1           	918         	7.7         	0.1989      	0.2709      	0.1222      
1           	919         	7.95        	0.2019      	0.2755      	0.1233      
1           	920         	7.95        	0.2036      	0.2787      	0.1236      
1           	921         	7.8         	0.204       	0.2804      	0.1225      
1           	922         	7.7         	0.2039      	0.2804      	0.1223      
1           	923         	7.85        	0.2051      	0.2822      	0.1227      
1           	924         	8           	0.2079      	0.2862      	0.124       
1           	925         	7.95        	0.2081      	0.2855      	0.1253      
1           	926         	7.85        	0.2077      	0.2843      	0.1256      
1           	927         	7.75        	0.2112      	0.2893      	0.1275      
1           	928         	7.85        	0.2115      	0.2923      	0.1245      
1           	929         	7.85        	0.2125      	0.2921      	0.1269      
1           	930         	7.75        	0.2125      	0.2914      	0.1279      
1           	931         	7.75        	0.2135      	0.2939      	0.1272      
1           	932         	7.7         	0.2149      	0.2983      	0.1254      
1           	933         	7.75        	0.2119      	0.2948      	0.1233      
1           	934         	7.8         	0.2099      	0.2932      	0.121       
1           	935         	7.85        	0.2076      	0.2875      	0.1222      
1           	936         	7.95        	0.2043      	0.2817      	0.1218      
1           	937         	8.05        	0.2048      	0.2844      	0.1197      
1           	938         	7.95        	0.2074      	0.2889      	0.1204      
1           	939         	8.15        	0.2045      	0.2876      	0.1157      
1           	940         	8.2         	0.2066      	0.2885      	0.1192      
1           	941         	8.25        	0.2097      	0.2909      	0.1228      
1           	942         	8.2         	0.203       	0.2838      	0.1167      
1           	943         	8.15        	0.2         	0.2783      	0.1164      
1           	944         	8.2         	0.2011      	0.2787      	0.118       
1           	945         	8.15        	0.2018      	0.2779      	0.1205      
1           	946         	8.15        	0.1995      	0.2745      	0.1192      
1           	947         	8.1         	0.2023      	0.2772      	0.1223      
1           	948         	8.15        	0.2033      	0.2772      	0.1243      
1           	949         	8.15        	0.2063      	0.2808      	0.1269      
1           	950         	8.2         	0.2043      	0.2793      	0.1242      
1           	951         	8.25        	0.204       	0.2775      	0.1257      
1           	952         	8.05        	0.2023      	0.2735      	0.1266      
1           	953         	8.1         	0.2025      	0.2735      	0.1271      
1           	954         	8.25        	0.2025      	0.2745      	0.126       
1           	955         	8.15        	0.1988      	0.2686      	0.1249      
1           	956         	8.15        	0.2008      	0.2725      	0.1249      
1           	957         	8.3         	0.2004      	0.2714      	0.1252      
1           	958         	8.4         	0.1985      	0.2693      	0.1238      
1           	959         	8.4         	0.1987      	0.2717      	0.1218      
1           	960         	8.4         	0.196       	0.2669      	0.1214      
1           	961         	8.4         	0.196       	0.2669      	0.1215      
1           	962         	8.45        	0.1997      	0.2717      	0.1241      
1           	963         	8.4         	0.2002      	0.2726      	0.124       
1           	964         	8.25        	0.2013      	0.2781      	0.1207      
1           	965         	8.4         	0.2019      	0.2824      	0.1174      
1           	966         	8.4         	0.2025      	0.2827      	0.1182      
1           	967         	8.25        	0.2049      	0.285       	0.1203      
1           	968         	8.45        	0.205       	0.2857      	0.1198      
1           	969         	8.45        	0.2057      	0.2871      	0.1201      
1           	970         	8.2         	0.206       	0.2865      	0.1214      
1           	971         	8.3         	0.2085      	0.2914      	0.1213      
1           	972         	8.4         	0.2097      	0.2925      	0.1224      
1           	973         	8.35        	0.2098      	0.2919      	0.1232      
1           	974         	8.35        	0.2084      	0.292       	0.1201      
1           	975         	8.35        	0.2065      	0.2882      	0.1202      
1           	976         	8.4         	0.2037      	0.281       	0.122       
1           	977         	8.35        	0.2038      	0.2813      	0.1218      
1           	978         	8.3         	0.2059      	0.2842      	0.1234      
1           	979         	8.2         	0.207       	0.2823      	0.1273      
1           	980         	8.25        	0.2052      	0.2765      	0.1296      
1           	981         	8.15        	0.2034      	0.2747      	0.1278      
1           	982         	8.45        	0.2056      	0.2799      	0.1271      
1           	983         	8.45        	0.208       	0.283       	0.1288      
1           	984         	8.25        	0.2074      	0.281       	0.1296      
1           	985         	8.35        	0.2064      	0.2804      	0.1281      
1           	986         	8.35        	0.2057      	0.278       	0.1292      
1           	987         	8.15        	0.2074      	0.2807      	0.1299      
1           	988         	8.05        	0.2054      	0.2792      	0.1276      
1           	989         	8.05        	0.2074      	0.2807      	0.1301      
1           	990         	8.05        	0.2066      	0.278       	0.1313      
1           	991         	8           	0.2058      	0.2791      	0.1285      
1           	992         	8.15        	0.2061      	0.2788      	0.1295      
1           	993         	8.15        	0.2056      	0.2766      	0.1308      
1           	994         	8.05        	0.2084      	0.2813      	0.1317      
1           	995         	8.15        	0.2082      	0.2823      	0.1302      
1           	996         	8.2         	0.2063      	0.2817      	0.127       
1           	997         	8.3         	0.2064      	0.2837      	0.1248      
1           	998         	8.25        	0.2077      	0.2842      	0.1267      
1           	999         	8.25        	0.2066      	0.2851      	0.1238      
1           	1000        	8.25        	0.2025      	0.279       	0.1219      
