replicate   	generation  	n.adlt.nbAll	n.adlt.fst  	n.adlt.fst_l1	n.adlt.fst_l2
1           	1           	5.5         	0.5058      	1           	2.571e-05   
1           	2           	9.95        	0.4461      	0.8812      	0.000722    
1           	3           	10          	0.3985      	0.787       	0.0006978   
1           	4           	10          	0.3563      	0.7026      	0.001075    
1           	5           	10          	0.3151      	0.6207      	0.001577    
1           	6           	10          	0.2835      	0.5584      	0.001624    
1           	7           	10          	0.256       	0.5036      	0.001961    
1           	8           	10          	0.2331      	0.4582      	0.002261    
1           	9           	10          	0.2067      	0.4062      	0.001931    
1           	10          	10          	0.1848      	0.3623      	0.002591    
1           	11          	10          	0.1616      	0.3162      	0.00279     
1           	12          	10          	0.1438      	0.2804      	0.003208    
1           	13          	10          	0.1285      	0.2495      	0.003727    
1           	14          	10          	0.1179      	0.2291      	0.003494    
1           	15          	10          	0.1039      	0.2013      	0.003506    
1           	16          	10          	0.09231     	0.1786      	0.003464    
1           	17          	10          	0.08353     	0.1615      	0.003262    
1           	18          	10          	0.07397     	0.1426      	0.003339    
1           	19          	10          	0.06536     	0.1252      	0.003764    
1           	20          	10          	0.05882     	0.1126      	0.00344     
1           	21          	10          	0.05457     	0.1039      	0.003891    
1           	22          	10          	0.04971     	0.09438     	0.003781    
1           	23          	10          	0.04603     	0.08703     	0.003864    
1           	24          	10          	0.04112     	0.07779     	0.003422    
1           	25          	10          	0.03766     	0.07041     	0.003951    
1           	26          	10          	0.03468     	0.06474     	0.003769    
1           	27          	10          	0.03122     	0.05767     	0.004005    
1           	28          	10          	0.02712     	0.04976     	0.003795    
1           	29          	10          	0.02551     	0.04651     	0.003924    
1           	30          	10          	0.02221     	0.04029     	0.003597    
1           	31          	10          	0.01971     	0.03537     	0.003621    
1           	32          	10          	0.01857     	0.033       	0.003752    
1           	33          	10          	0.01646     	0.02902     	0.00355     
1           	34          	10          	0.0153      	0.02679     	0.003509    
1           	35          	10          	0.01496     	0.02553     	0.004108    
1           	36          	10          	0.01523     	0.02625     	0.003922    
1           	37          	10          	0.01322     	0.02239     	0.003828    
1           	38          	10          	0.01197     	0.02022     	0.003517    
1           	39          	10          	0.01139     	0.01862     	0.003976    
1           	40          	10          	0.01013     	0.01635     	0.003753    
1           	41          	10          	0.009247    	0.01501     	0.003334    
1           	42          	10          	0.008483    	0.01354     	0.003294    
1           	43          	10          	0.007653    	0.01166     	0.003542    
1           	44          	10          	0.007066    	0.01        	0.004057    
1           	45          	10          	0.006871    	0.009608    	0.004067    
1           	46          	10          	0.00649     	0.009282    	0.003626    
1           	47          	10          	0.006168    	0.008643    	0.003626    
1           	48          	10          	0.005607    	0.007554    	0.003607    
1           	49          	10          	0.005356    	0.007066    	0.0036      
1           	50          	10          	0.005409    	0.006608    	0.004178    
1           	51          	10          	0.005141    	0.005855    	0.004408    
1           	52          	10          	0.005177    	0.006018    	0.004313    
1           	53          	10          	0.005445    	0.006615    	0.004244    
1           	54          	10          	0.005195    	0.006258    	0.004103    
1           	55          	10          	0.005414    	0.006838    	0.003948    
1           	56          	10          	0.005348    	0.006752    	0.003899    
1           	57          	10          	0.005428    	0.007035    	0.00377     
1           	58          	10          	0.005922    	0.00729     	0.00451     
1           	59          	10          	0.006376    	0.008406    	0.004283    
1           	60          	10          	0.006168    	0.008081    	0.004194    
1           	61          	10          	0.005882    	0.007955    	0.003746    
1           	62          	10          	0.005542    	0.007409    	0.003617    
1           	63          	10          	0.005468    	0.007308    	0.003574    
1           	64          	10          	0.005605    	0.007783    	0.003364    
1           	65          	10          	0.005856    	0.007729    	0.003929    
1           	66          	10          	0.005687    	0.00775     	0.003562    
1           	67          	10          	0.005307    	0.006778    	0.00379     
1           	68          	10          	0.005245    	0.006477    	0.003976    
1           	69          	10          	0.005471    	0.006489    	0.004423    
1           	70          	10          	0.005208    	0.006206    	0.004182    
1           	71          	10          	0.005719    	0.007361    	0.004031    
1           	72          	10          	0.005152    	0.006687    	0.003576    
1           	73          	10          	0.00521     	0.006532    	0.003852    
1           	74          	10          	0.004998    	0.005908    	0.004065    
1           	75          	10          	0.00468     	0.005451    	0.003889    
1           	76          	10          	0.004181    	0.004743    	0.003604    
1           	77          	10          	0.004052    	0.004687    	0.003402    
1           	78          	10          	0.004142    	0.00499     	0.003274    
1           	79          	10          	0.003781    	0.004693    	0.002847    
1           	80          	10          	0.003944    	0.00459     	0.003283    
1           	81          	10          	0.004252    	0.004565    	0.003931    
1           	82          	10          	0.004559    	0.005357    	0.003744    
1           	83          	10          	0.00479     	0.005458    	0.004106    
1           	84          	10          	0.004647    	0.006159    	0.003099    
1           	85          	10          	0.004668    	0.005825    	0.003484    
1           	86          	10          	0.004519    	0.005169    	0.003854    
1           	87          	10          	0.004557    	0.005465    	0.003628    
1           	88          	10          	0.004492    	0.00513     	0.003839    
1           	89          	10          	0.004195    	0.004902    	0.003472    
1           	90          	10          	0.003688    	0.004392    	0.002969    
1           	91          	10          	0.003558    	0.004148    	0.002955    
1           	92          	10          	0.004054    	0.004419    	0.003682    
1           	93          	10          	0.004485    	0.005002    	0.003958    
1           	94          	10          	0.004312    	0.004861    	0.003752    
1           	95          	10          	0.004084    	0.004596    	0.003562    
1           	96          	10          	0.003711    	0.003703    	0.003719    
1           	97          	10          	0.003825    	0.004035    	0.003612    
1           	98          	10          	0.003609    	0.00362     	0.003598    
1           	99          	10          	0.003645    	0.003464    	0.00383     
1           	100         	10          	0.003594    	0.003536    	0.003654    
1           	101         	10          	0.003572    	0.003798    	0.003342    
1           	102         	10          	0.003436    	0.003932    	0.00293     
1           	103         	10          	0.0037      	0.004251    	0.003138    
1           	104         	10          	0.003448    	0.003678    	0.003214    
1           	105         	10          	0.003135    	0.003232    	0.003036    
1           	106         	10          	0.003461    	0.00361     	0.00331     
1           	107         	10          	0.003547    	0.003802    	0.003288    
1           	108         	10          	0.003494    	0.003575    	0.003413    
1           	109         	10          	0.003342    	0.003529    	0.003151    
1           	110         	10          	0.003719    	0.003824    	0.003613    
1           	111         	10          	0.003741    	0.003886    	0.003593    
1           	112         	10          	0.003581    	0.003531    	0.003632    
1           	113         	10          	0.003875    	0.003594    	0.004162    
1           	114         	10          	0.00397     	0.004323    	0.003611    
1           	115         	10          	0.00414     	0.0043      	0.003977    
1           	116         	10          	0.003679    	0.003694    	0.003664    
1           	117         	10          	0.003758    	0.004004    	0.003507    
1           	118         	10          	0.003639    	0.003746    	0.003531    
1           	119         	10          	0.003933    	0.004421    	0.003437    
1           	120         	10          	0.003843    	0.004338    	0.003339    
1           	121         	10          	0.00388     	0.004076    	0.00368     
1           	122         	10          	0.003692    	0.00364     	0.003745    
1           	123         	10          	0.004087    	0.004298    	0.003872    
1           	124         	10          	0.004596    	0.004505    	0.004689    
1           	125         	10          	0.004617    	0.004513    	0.004724    
1           	126         	10          	0.004657    	0.004244    	0.005078    
1           	127         	10          	0.004361    	0.004552    	0.004166    
1           	128         	10          	0.004253    	0.004139    	0.00437     
1           	129         	10          	0.003898    	0.004325    	0.003463    
1           	130         	10          	0.003597    	0.004118    	0.003066    
1           	131         	10          	0.003452    	0.004109    	0.002782    
1           	132         	10          	0.003182    	0.003744    	0.00261     
1           	133         	10          	0.00364     	0.004048    	0.003223    
1           	134         	10          	0.003791    	0.004164    	0.003411    
1           	135         	10          	0.003817    	0.004231    	0.003396    
1           	136         	10          	0.004583    	0.004561    	0.004605    
1           	137         	10          	0.004671    	0.004732    	0.004607    
1           	138         	10          	0.004655    	0.004795    	0.004512    
1           	139         	10          	0.004387    	0.004479    	0.004294    
1           	140         	10          	0.003979    	0.004192    	0.003761    
1           	141         	10          	0.00406     	0.004355    	0.003758    
1           	142         	10          	0.00359     	0.003986    	0.003186    
1           	143         	10          	0.003338    	0.003736    	0.002931    
1           	144         	10          	0.003238    	0.003588    	0.002881    
1           	145         	10          	0.002971    	0.003456    	0.002475    
1           	146         	10          	0.003237    	0.003602    	0.002864    
1           	147         	10          	0.003152    	0.003453    	0.002844    
1           	148         	10          	0.003064    	0.003506    	0.002611    
1           	149         	10          	0.003155    	0.0035      	0.002802    
1           	150         	10          	0.002958    	0.003153    	0.002758    
1           	151         	10          	0.003414    	0.003644    	0.003179    
1           	152         	10          	0.003393    	0.003409    	0.003378    
1           	153         	10          	0.003463    	0.003731    	0.003191    
1           	154         	10          	0.003189    	0.003403    	0.00297     
1           	155         	10          	0.003357    	0.003581    	0.003129    
1           	156         	10          	0.003504    	0.003505    	0.003504    
1           	157         	10          	0.003687    	0.003552    	0.003825    
1           	158         	10          	0.003702    	0.00384     	0.003562    
1           	159         	10          	0.004013    	0.004218    	0.003804    
1           	160         	10          	0.004078    	0.004189    	0.003963    
1           	161         	10          	0.004045    	0.004232    	0.003854    
1           	162         	10          	0.003994    	0.004161    	0.003824    
1           	163         	10          	0.00399     	0.003875    	0.004107    
1           	164         	10          	0.004048    	0.004196    	0.003897    
1           	165         	10          	0.003939    	0.004075    	0.003801    
1           	166         	10          	0.003762    	0.00369     	0.003836    
1           	167         	10          	0.003658    	0.003425    	0.003897    
1           	168         	10          	0.003845    	0.003798    	0.003893    
1           	169         	10          	0.003615    	0.003789    	0.003438    
1           	170         	10          	0.003743    	0.00418     	0.003296    
1           	171         	10          	0.003506    	0.004092    	0.002906    
1           	172         	10          	0.003584    	0.004099    	0.003058    
1           	173         	10          	0.00372     	0.003912    	0.003523    
1           	174         	10          	0.003672    	0.004031    	0.003304    
1           	175         	10          	0.003813    	0.004202    	0.003416    
1           	176         	10          	0.00411     	0.004358    	0.003858    
1           	177         	10          	0.004662    	0.004455    	0.004873    
1           	178         	10          	0.005023    	0.005177    	0.004865    
1           	179         	10          	0.004885    	0.005598    	0.004158    
1           	180         	10          	0.004636    	0.005301    	0.003958    
1           	181         	10          	0.004755    	0.005255    	0.004246    
1           	182         	10          	0.004669    	0.004824    	0.004511    
1           	183         	10          	0.004271    	0.004374    	0.004166    
1           	184         	10          	0.004421    	0.004737    	0.004098    
1           	185         	10          	0.004538    	0.004607    	0.004467    
1           	186         	10          	0.004381    	0.004297    	0.004466    
1           	187         	10          	0.004016    	0.003691    	0.004347    
1           	188         	10          	0.004071    	0.003584    	0.004567    
1           	189         	10          	0.003842    	0.003711    	0.003975    
1           	190         	10          	0.004092    	0.003882    	0.004306    
1           	191         	10          	0.003793    	0.00326     	0.004336    
1           	192         	10          	0.003888    	0.003519    	0.004263    
1           	193         	10          	0.003795    	0.00346     	0.004134    
1           	194         	10          	0.003619    	0.003271    	0.003973    
1           	195         	10          	0.003805    	0.003858    	0.003751    
1           	196         	10          	0.004142    	0.00412     	0.004164    
1           	197         	10          	0.004224    	0.004253    	0.004195    
1           	198         	10          	0.004063    	0.003973    	0.004155    
1           	199         	10          	0.004061    	0.004049    	0.004074    
1           	200         	10          	0.004335    	0.004016    	0.004657    
1           	201         	10          	0.003994    	0.003621    	0.004371    
1           	202         	10          	0.003705    	0.002807    	0.004616    
1           	203         	10          	0.003335    	0.002878    	0.003799    
1           	204         	10          	0.003282    	0.002821    	0.00375     
1           	205         	10          	0.00316     	0.002795    	0.003529    
1           	206         	10          	0.003411    	0.003578    	0.003243    
1           	207         	10          	0.003499    	0.003524    	0.003473    
1           	208         	10          	0.003395    	0.003401    	0.003388    
1           	209         	10          	0.003346    	0.003905    	0.002777    
1           	210         	10          	0.003393    	0.003876    	0.002902    
1           	211         	10          	0.003606    	0.004365    	0.002835    
1           	212         	10          	0.003406    	0.004181    	0.002618    
1           	213         	10          	0.003296    	0.004026    	0.002553    
1           	214         	10          	0.003237    	0.004248    	0.002207    
1           	215         	10          	0.003292    	0.004158    	0.002409    
1           	216         	10          	0.003241    	0.003725    	0.002746    
1           	217         	10          	0.003761    	0.004391    	0.003117    
1           	218         	10          	0.003819    	0.004394    	0.003232    
1           	219         	10          	0.003772    	0.004471    	0.003058    
1           	220         	10          	0.003839    	0.004384    	0.003281    
1           	221         	10          	0.004007    	0.004595    	0.003407    
1           	222         	10          	0.003842    	0.004224    	0.003452    
1           	223         	10          	0.003335    	0.003476    	0.00319     
1           	224         	10          	0.003243    	0.003311    	0.003174    
1           	225         	10          	0.003454    	0.003405    	0.003504    
1           	226         	10          	0.003785    	0.003843    	0.003726    
1           	227         	10          	0.003888    	0.004255    	0.003515    
1           	228         	10          	0.004019    	0.004343    	0.003688    
1           	229         	10          	0.004062    	0.00447     	0.003647    
1           	230         	10          	0.004199    	0.004891    	0.003494    
1           	231         	10          	0.004101    	0.004546    	0.003648    
1           	232         	10          	0.004737    	0.005393    	0.004068    
1           	233         	10          	0.004726    	0.005557    	0.003878    
1           	234         	10          	0.004507    	0.005075    	0.003929    
1           	235         	10          	0.004429    	0.005285    	0.003556    
1           	236         	10          	0.004633    	0.0056      	0.003648    
1           	237         	10          	0.00501     	0.006086    	0.003917    
1           	238         	10          	0.005077    	0.005635    	0.004511    
1           	239         	10          	0.004617    	0.005369    	0.003852    
1           	240         	10          	0.004563    	0.004846    	0.004275    
1           	241         	10          	0.004349    	0.004619    	0.004074    
1           	242         	10          	0.004496    	0.004554    	0.004438    
1           	243         	10          	0.004       	0.004154    	0.003844    
1           	244         	10          	0.004213    	0.004418    	0.004005    
1           	245         	10          	0.004227    	0.004852    	0.003593    
1           	246         	10          	0.003984    	0.004345    	0.003618    
1           	247         	10          	0.004173    	0.004685    	0.003654    
1           	248         	10          	0.004561    	0.005493    	0.003614    
1           	249         	10          	0.004448    	0.004816    	0.004075    
1           	250         	10          	0.004555    	0.004342    	0.00477     
1           	251         	10          	0.004436    	0.004212    	0.004664    
1           	252         	10          	0.004064    	0.003911    	0.00422     
1           	253         	10          	0.004432    	0.004481    	0.004383    
1           	254         	10          	0.004181    	0.003906    	0.004459    
1           	255         	10          	0.003581    	0.003583    	0.003578    
1           	256         	10          	0.003736    	0.003659    	0.003814    
1           	257         	10          	0.003327    	0.003281    	0.003374    
1           	258         	10          	0.003775    	0.003613    	0.00394     
1           	259         	10          	0.003938    	0.003724    	0.004155    
1           	260         	10          	0.004069    	0.003627    	0.004518    
1           	261         	10          	0.004031    	0.00366     	0.004407    
1           	262         	10          	0.003798    	0.003183    	0.004421    
1           	263         	10          	0.003846    	0.003183    	0.004517    
1           	264         	10          	0.003722    	0.003509    	0.003937    
1           	265         	10          	0.003687    	0.003329    	0.004049    
1           	266         	10          	0.003749    	0.003303    	0.004198    
1           	267         	10          	0.003743    	0.00302     	0.004472    
1           	268         	10          	0.003752    	0.003399    	0.00411     
1           	269         	10          	0.003487    	0.003238    	0.003739    
1           	270         	10          	0.003374    	0.003161    	0.003589    
1           	271         	10          	0.003286    	0.003486    	0.003085    
1           	272         	10          	0.003455    	0.003473    	0.003438    
1           	273         	10          	0.003476    	0.003366    	0.003588    
1           	274         	10          	0.0035      	0.003602    	0.003398    
1           	275         	10          	0.003617    	0.003631    	0.003603    
1           	276         	10          	0.003561    	0.003802    	0.003318    
1           	277         	10          	0.003848    	0.004055    	0.003639    
1           	278         	10          	0.003848    	0.00372     	0.003976    
1           	279         	10          	0.00362     	0.003629    	0.003611    
1           	280         	10          	0.003369    	0.003244    	0.003494    
1           	281         	10          	0.003163    	0.003062    	0.003264    
1           	282         	10          	0.003475    	0.003077    	0.003876    
1           	283         	10          	0.003523    	0.002928    	0.004124    
1           	284         	10          	0.002941    	0.002343    	0.003547    
1           	285         	10          	0.003007    	0.002402    	0.003617    
1           	286         	10          	0.00316     	0.002484    	0.003843    
1           	287         	10          	0.00338     	0.002939    	0.003825    
1           	288         	10          	0.003432    	0.003204    	0.003663    
1           	289         	10          	0.003094    	0.002663    	0.003528    
1           	290         	10          	0.003049    	0.002696    	0.003405    
1           	291         	10          	0.003112    	0.002746    	0.003481    
1           	292         	10          	0.00322     	0.00291     	0.003533    
1           	293         	10          	0.003125    	0.002744    	0.003508    
1           	294         	10          	0.003091    	0.002884    	0.003299    
1           	295         	10          	0.002823    	0.002759    	0.002887    
1           	296         	10          	0.002789    	0.002714    	0.002865    
1           	297         	10          	0.002589    	0.002882    	0.002295    
1           	298         	10          	0.002995    	0.003539    	0.002449    
1           	299         	10          	0.002901    	0.003091    	0.002711    
1           	300         	10          	0.002981    	0.003174    	0.002787    
1           	301         	10          	0.00308     	0.003251    	0.002909    
1           	302         	10          	0.003139    	0.003107    	0.003172    
1           	303         	10          	0.003103    	0.003162    	0.003043    
1           	304         	10          	0.003505    	0.003652    	0.003359    
1           	305         	10          	0.003538    	0.003623    	0.003453    
1           	306         	10          	0.003239    	0.003315    	0.003162    
1           	307         	10          	0.003741    	0.003873    	0.003608    
1           	308         	10          	0.004169    	0.00412     	0.004218    
1           	309         	10          	0.004051    	0.004223    	0.003879    
1           	310         	10          	0.004128    	0.004491    	0.003763    
1           	311         	10          	0.003793    	0.004468    	0.003115    
1           	312         	10          	0.003602    	0.004327    	0.002875    
1           	313         	10          	0.003385    	0.003656    	0.003112    
1           	314         	10          	0.003424    	0.003709    	0.003137    
1           	315         	10          	0.003529    	0.003424    	0.003634    
1           	316         	10          	0.00358     	0.003726    	0.003434    
1           	317         	10          	0.003928    	0.003691    	0.004166    
1           	318         	10          	0.004229    	0.003987    	0.004472    
1           	319         	10          	0.004155    	0.004013    	0.004298    
1           	320         	10          	0.004197    	0.004477    	0.003917    
1           	321         	10          	0.004228    	0.004282    	0.004174    
1           	322         	10          	0.004397    	0.004261    	0.004533    
1           	323         	10          	0.004042    	0.004007    	0.004076    
1           	324         	10          	0.003925    	0.003809    	0.00404     
1           	325         	10          	0.004157    	0.004527    	0.003785    
1           	326         	10          	0.00397     	0.003949    	0.00399     
1           	327         	10          	0.004157    	0.004089    	0.004225    
1           	328         	10          	0.004002    	0.004046    	0.003958    
1           	329         	10          	0.004003    	0.004581    	0.003422    
1           	330         	10          	0.003675    	0.004236    	0.00311     
1           	331         	10          	0.003858    	0.004228    	0.003486    
1           	332         	10          	0.003997    	0.004348    	0.003643    
1           	333         	10          	0.004022    	0.004175    	0.003868    
1           	334         	10          	0.004296    	0.004635    	0.003955    
1           	335         	10          	0.004276    	0.004236    	0.004317    
1           	336         	10          	0.003942    	0.004137    	0.003746    
1           	337         	10          	0.004353    	0.004266    	0.00444     
1           	338         	10          	0.004141    	0.003815    	0.00447     
1           	339         	10          	0.004393    	0.003923    	0.004865    
1           	340         	10          	0.004132    	0.003691    	0.004575    
1           	341         	10          	0.004448    	0.004018    	0.004881    
1           	342         	10          	0.004169    	0.004138    	0.004201    
1           	343         	10          	0.003842    	0.003576    	0.00411     
1           	344         	10          	0.003463    	0.003445    	0.003481    
1           	345         	10          	0.003673    	0.003481    	0.003866    
1           	346         	10          	0.003782    	0.003643    	0.003923    
1           	347         	10          	0.00339     	0.003219    	0.003563    
1           	348         	10          	0.003198    	0.003254    	0.003141    
1           	349         	10          	0.003391    	0.00332     	0.003463    
1           	350         	10          	0.003374    	0.00338     	0.003369    
1           	351         	10          	0.003243    	0.003502    	0.002981    
1           	352         	10          	0.003604    	0.003526    	0.003683    
1           	353         	10          	0.003336    	0.003605    	0.003063    
1           	354         	10          	0.00355     	0.004268    	0.002824    
1           	355         	10          	0.00383     	0.004795    	0.002853    
1           	356         	10          	0.003651    	0.003965    	0.003332    
1           	357         	10          	0.003846    	0.003811    	0.003881    
1           	358         	10          	0.003775    	0.003655    	0.003897    
1           	359         	10          	0.003997    	0.003825    	0.004172    
1           	360         	10          	0.003978    	0.003669    	0.004292    
1           	361         	10          	0.003857    	0.003792    	0.003922    
1           	362         	10          	0.004043    	0.003837    	0.004251    
1           	363         	10          	0.004039    	0.003911    	0.004169    
1           	364         	10          	0.00364     	0.003685    	0.003595    
1           	365         	10          	0.00384     	0.00372     	0.003961    
1           	366         	10          	0.003674    	0.003616    	0.003732    
1           	367         	10          	0.003826    	0.003724    	0.003929    
1           	368         	10          	0.003754    	0.003347    	0.004167    
1           	369         	10          	0.003858    	0.00408     	0.003633    
1           	370         	10          	0.003328    	0.00358     	0.003073    
1           	371         	10          	0.003124    	0.003279    	0.002967    
1           	372         	10          	0.002883    	0.003101    	0.002662    
1           	373         	10          	0.002832    	0.002919    	0.002745    
1           	374         	10          	0.002983    	0.002941    	0.003025    
1           	375         	10          	0.00285     	0.002745    	0.002956    
1           	376         	10          	0.00285     	0.002869    	0.002831    
1           	377         	10          	0.002918    	0.003171    	0.002661    
1           	378         	10          	0.002894    	0.003058    	0.002728    
1           	379         	10          	0.003119    	0.002992    	0.003249    
1           	380         	10          	0.003255    	0.003309    	0.0032      
1           	381         	10          	0.003448    	0.00335     	0.003548    
1           	382         	10          	0.003463    	0.0031      	0.003831    
1           	383         	10          	0.003198    	0.003062    	0.003335    
1           	384         	10          	0.003838    	0.003674    	0.004004    
1           	385         	10          	0.004175    	0.004031    	0.004322    
1           	386         	10          	0.003555    	0.003525    	0.003585    
1           	387         	10          	0.003272    	0.003466    	0.003074    
1           	388         	10          	0.003648    	0.004072    	0.003217    
1           	389         	10          	0.00333     	0.00376     	0.002894    
1           	390         	10          	0.003444    	0.003708    	0.003176    
1           	391         	10          	0.003536    	0.003239    	0.003838    
1           	392         	10          	0.003359    	0.003129    	0.003595    
1           	393         	10          	0.003384    	0.003284    	0.003486    
1           	394         	10          	0.00371     	0.00376     	0.003659    
1           	395         	10          	0.003881    	0.003489    	0.00428     
1           	396         	10          	0.004173    	0.003598    	0.004759    
1           	397         	10          	0.004278    	0.003902    	0.004661    
1           	398         	10          	0.004098    	0.003367    	0.004845    
1           	399         	10          	0.004506    	0.003853    	0.005173    
1           	400         	10          	0.004126    	0.0038      	0.004459    
1           	401         	10          	0.003918    	0.00357     	0.004274    
1           	402         	10          	0.004003    	0.003756    	0.004256    
1           	403         	10          	0.003871    	0.003461    	0.004289    
1           	404         	10          	0.003679    	0.003409    	0.003955    
1           	405         	10          	0.003346    	0.002917    	0.003784    
1           	406         	10          	0.003654    	0.003343    	0.00397     
1           	407         	10          	0.003654    	0.003391    	0.003922    
1           	408         	10          	0.0037      	0.003591    	0.003811    
1           	409         	10          	0.003647    	0.003366    	0.003934    
1           	410         	10          	0.003641    	0.003179    	0.004113    
1           	411         	10          	0.003295    	0.003052    	0.003542    
1           	412         	10          	0.002991    	0.002815    	0.003171    
1           	413         	10          	0.002956    	0.002806    	0.003109    
1           	414         	10          	0.003066    	0.002784    	0.003353    
1           	415         	10          	0.003262    	0.0028      	0.003732    
1           	416         	10          	0.00325     	0.003053    	0.00345     
1           	417         	10          	0.003247    	0.003221    	0.003274    
1           	418         	10          	0.003418    	0.003425    	0.00341     
1           	419         	10          	0.003583    	0.003328    	0.003844    
1           	420         	10          	0.003375    	0.002795    	0.003965    
1           	421         	10          	0.003552    	0.003155    	0.003957    
1           	422         	10          	0.003782    	0.003477    	0.004092    
1           	423         	10          	0.003989    	0.003856    	0.004125    
1           	424         	10          	0.003761    	0.003557    	0.00397     
1           	425         	10          	0.003467    	0.003563    	0.003368    
1           	426         	10          	0.003507    	0.003673    	0.003338    
1           	427         	10          	0.003873    	0.004105    	0.003635    
1           	428         	10          	0.003497    	0.003751    	0.003237    
1           	429         	10          	0.003198    	0.003117    	0.003281    
1           	430         	9.95        	0.003078    	0.002993    	0.003164    
1           	431         	9.95        	0.003053    	0.002807    	0.003305    
1           	432         	10          	0.002972    	0.003102    	0.002839    
1           	433         	10          	0.003139    	0.003426    	0.002845    
1           	434         	10          	0.003176    	0.0034      	0.002946    
1           	435         	10          	0.003601    	0.004084    	0.003108    
1           	436         	10          	0.0036      	0.003733    	0.003464    
1           	437         	10          	0.003296    	0.00324     	0.003354    
1           	438         	10          	0.003089    	0.003038    	0.00314     
1           	439         	10          	0.003233    	0.003002    	0.003469    
1           	440         	10          	0.003218    	0.002849    	0.003597    
1           	441         	10          	0.00285     	0.00278     	0.002921    
1           	442         	10          	0.002541    	0.002882    	0.002191    
1           	443         	10          	0.002722    	0.003088    	0.002345    
1           	444         	10          	0.002949    	0.003673    	0.002203    
1           	445         	10          	0.003134    	0.004271    	0.001965    
1           	446         	10          	0.002961    	0.00397     	0.001925    
1           	447         	10          	0.003048    	0.003972    	0.002096    
1           	448         	10          	0.003139    	0.004146    	0.002102    
1           	449         	10          	0.002849    	0.003594    	0.002083    
1           	450         	10          	0.002506    	0.003018    	0.001978    
1           	451         	10          	0.00283     	0.003481    	0.002157    
1           	452         	10          	0.003132    	0.003677    	0.002568    
1           	453         	10          	0.002948    	0.003299    	0.002586    
1           	454         	10          	0.003139    	0.003192    	0.003085    
1           	455         	10          	0.003171    	0.003358    	0.002977    
1           	456         	9.95        	0.00336     	0.003428    	0.003289    
1           	457         	10          	0.003492    	0.003713    	0.003263    
1           	458         	10          	0.003609    	0.003555    	0.003664    
1           	459         	10          	0.003422    	0.003302    	0.003547    
1           	460         	10          	0.003589    	0.003134    	0.00406     
1           	461         	10          	0.003263    	0.002756    	0.003789    
1           	462         	10          	0.003574    	0.002879    	0.004294    
1           	463         	10          	0.0035      	0.002147    	0.004901    
1           	464         	10          	0.003473    	0.002174    	0.004819    
1           	465         	10          	0.003637    	0.00266     	0.004648    
1           	466         	10          	0.004034    	0.002992    	0.005114    
1           	467         	10          	0.004225    	0.003282    	0.005202    
1           	468         	10          	0.003958    	0.00326     	0.004684    
1           	469         	10          	0.003713    	0.00351     	0.003923    
1           	470         	10          	0.003615    	0.003249    	0.003995    
1           	471         	10          	0.003348    	0.003015    	0.003693    
1           	472         	10          	0.003135    	0.002904    	0.003374    
1           	473         	10          	0.002859    	0.002215    	0.003526    
1           	474         	10          	0.002651    	0.002117    	0.003204    
1           	475         	10          	0.002544    	0.002179    	0.002922    
1           	476         	10          	0.002578    	0.002426    	0.002735    
1           	477         	10          	0.002866    	0.00234     	0.003411    
1           	478         	10          	0.003453    	0.002723    	0.004208    
1           	479         	10          	0.003546    	0.002674    	0.004452    
1           	480         	10          	0.003946    	0.003071    	0.004856    
1           	481         	10          	0.003815    	0.003485    	0.004156    
1           	482         	10          	0.0037      	0.002816    	0.004616    
1           	483         	10          	0.00347     	0.00252     	0.004455    
1           	484         	10          	0.00402     	0.002702    	0.005387    
1           	485         	10          	0.003675    	0.00283     	0.004551    
1           	486         	10          	0.003681    	0.003363    	0.004012    
1           	487         	10          	0.003644    	0.003274    	0.004029    
1           	488         	10          	0.00379     	0.003435    	0.004161    
1           	489         	10          	0.003853    	0.003781    	0.003927    
1           	490         	10          	0.003589    	0.0037      	0.003474    
1           	491         	10          	0.003934    	0.003808    	0.004066    
1           	492         	10          	0.003695    	0.003299    	0.004107    
1           	493         	10          	0.003442    	0.003292    	0.003598    
1           	494         	10          	0.003747    	0.003827    	0.003664    
1           	495         	10          	0.003842    	0.00373     	0.003958    
1           	496         	10          	0.003948    	0.004147    	0.003741    
1           	497         	10          	0.004079    	0.004134    	0.004023    
1           	498         	10          	0.00397     	0.004178    	0.003753    
1           	499         	10          	0.004004    	0.00404     	0.003967    
1           	500         	10          	0.003906    	0.004283    	0.003516    
1           	501         	10          	0.003883    	0.003881    	0.003886    
1           	502         	10          	0.003867    	0.004258    	0.003462    
1           	503         	10          	0.003362    	0.00348     	0.003239    
1           	504         	10          	0.003409    	0.003733    	0.003074    
1           	505         	10          	0.003634    	0.003495    	0.003776    
1           	506         	10          	0.003465    	0.003146    	0.003794    
1           	507         	10          	0.004069    	0.003683    	0.004466    
1           	508         	10          	0.004042    	0.003733    	0.004359    
1           	509         	10          	0.003993    	0.003963    	0.004024    
1           	510         	10          	0.004135    	0.004155    	0.004113    
1           	511         	10          	0.004081    	0.003808    	0.004362    
1           	512         	10          	0.004122    	0.004025    	0.004222    
1           	513         	10          	0.004188    	0.004396    	0.003975    
1           	514         	10          	0.004307    	0.004026    	0.004596    
1           	515         	10          	0.003973    	0.003535    	0.004422    
1           	516         	10          	0.004132    	0.003643    	0.004636    
1           	517         	10          	0.004242    	0.00373     	0.00477     
1           	518         	10          	0.004262    	0.003415    	0.005136    
1           	519         	10          	0.004215    	0.003997    	0.004438    
1           	520         	10          	0.004015    	0.003934    	0.004098    
1           	521         	10          	0.003795    	0.003506    	0.004092    
1           	522         	10          	0.003767    	0.003869    	0.003662    
1           	523         	10          	0.003581    	0.003891    	0.003262    
1           	524         	10          	0.004034    	0.00434     	0.003717    
1           	525         	10          	0.003706    	0.003801    	0.003607    
1           	526         	10          	0.003859    	0.003762    	0.00396     
1           	527         	10          	0.004149    	0.003642    	0.00467     
1           	528         	10          	0.003938    	0.003549    	0.004339    
1           	529         	10          	0.003688    	0.003665    	0.003712    
1           	530         	10          	0.004001    	0.004128    	0.00387     
1           	531         	10          	0.003663    	0.003364    	0.00397     
1           	532         	10          	0.003849    	0.003677    	0.004026    
1           	533         	10          	0.00398     	0.003674    	0.004294    
1           	534         	10          	0.003612    	0.003428    	0.0038      
1           	535         	10          	0.003396    	0.003517    	0.003272    
1           	536         	10          	0.00344     	0.003857    	0.003012    
1           	537         	10          	0.003585    	0.003672    	0.003496    
1           	538         	10          	0.003606    	0.003679    	0.003531    
1           	539         	10          	0.003709    	0.003641    	0.003778    
1           	540         	10          	0.003999    	0.003845    	0.004157    
1           	541         	10          	0.003815    	0.003467    	0.004173    
1           	542         	10          	0.003996    	0.003553    	0.004453    
1           	543         	10          	0.003792    	0.003473    	0.004121    
1           	544         	10          	0.003579    	0.002964    	0.004212    
1           	545         	10          	0.003125    	0.002484    	0.003786    
1           	546         	10          	0.003034    	0.002188    	0.003908    
1           	547         	10          	0.003158    	0.002521    	0.003818    
1           	548         	10          	0.003737    	0.003017    	0.004484    
1           	549         	10          	0.003684    	0.003066    	0.004324    
1           	550         	10          	0.003589    	0.003577    	0.003601    
1           	551         	10          	0.003802    	0.00391     	0.003691    
1           	552         	10          	0.003592    	0.003745    	0.003432    
1           	553         	10          	0.00378     	0.003921    	0.003634    
1           	554         	10          	0.003922    	0.003664    	0.004191    
1           	555         	10          	0.004432    	0.003956    	0.004928    
1           	556         	10          	0.00411     	0.003913    	0.004316    
1           	557         	10          	0.003911    	0.003793    	0.004034    
1           	558         	10          	0.004043    	0.004351    	0.003723    
1           	559         	10          	0.003452    	0.003575    	0.003325    
1           	560         	10          	0.003306    	0.003283    	0.00333     
1           	561         	10          	0.003227    	0.003329    	0.003122    
1           	562         	10          	0.003525    	0.003523    	0.003527    
1           	563         	10          	0.003697    	0.003289    	0.004122    
1           	564         	10          	0.003518    	0.003298    	0.003747    
1           	565         	9.95        	0.003606    	0.003571    	0.003642    
1           	566         	9.95        	0.003539    	0.003641    	0.003433    
1           	567         	9.95        	0.003588    	0.003489    	0.003691    
1           	568         	9.95        	0.003686    	0.003351    	0.004033    
1           	569         	9.95        	0.004275    	0.004114    	0.004443    
1           	570         	9.95        	0.004363    	0.003971    	0.004771    
1           	571         	9.9         	0.004581    	0.004245    	0.00493     
1           	572         	9.95        	0.004724    	0.003942    	0.005538    
1           	573         	9.95        	0.004593    	0.003866    	0.005352    
1           	574         	10          	0.004887    	0.004179    	0.005625    
1           	575         	9.95        	0.004728    	0.004132    	0.005351    
1           	576         	9.9         	0.004594    	0.004294    	0.004907    
1           	577         	9.9         	0.004343    	0.00445     	0.004232    
1           	578         	9.9         	0.004312    	0.004497    	0.00412     
1           	579         	9.9         	0.004038    	0.00395     	0.00413     
1           	580         	9.9         	0.003748    	0.003775    	0.003719    
1           	581         	9.85        	0.003919    	0.0042      	0.003625    
1           	582         	9.9         	0.004556    	0.00447     	0.004647    
1           	583         	10          	0.004015    	0.003981    	0.00405     
1           	584         	9.85        	0.004161    	0.004539    	0.003768    
1           	585         	9.95        	0.00431     	0.005383    	0.003194    
1           	586         	9.95        	0.003979    	0.004769    	0.003159    
1           	587         	9.9         	0.003864    	0.004058    	0.003664    
1           	588         	9.95        	0.003642    	0.003934    	0.00334     
1           	589         	10          	0.003636    	0.004325    	0.002919    
1           	590         	10          	0.003672    	0.004369    	0.002947    
1           	591         	10          	0.003914    	0.004227    	0.003589    
1           	592         	10          	0.003737    	0.004433    	0.003012    
1           	593         	10          	0.003701    	0.004317    	0.003059    
1           	594         	10          	0.003784    	0.004162    	0.00339     
1           	595         	10          	0.004145    	0.004397    	0.003882    
1           	596         	9.95        	0.00448     	0.004637    	0.004317    
1           	597         	9.9         	0.004439    	0.004651    	0.004219    
1           	598         	9.95        	0.00425     	0.00469     	0.003792    
1           	599         	9.9         	0.003833    	0.004217    	0.003433    
1           	600         	9.95        	0.003841    	0.004451    	0.003205    
1           	601         	9.95        	0.003726    	0.004449    	0.002971    
1           	602         	9.95        	0.00366     	0.004375    	0.002912    
1           	603         	10          	0.004037    	0.00498     	0.003051    
1           	604         	10          	0.004214    	0.005057    	0.003333    
1           	605         	10          	0.003874    	0.004794    	0.002913    
1           	606         	10          	0.00387     	0.004436    	0.003279    
1           	607         	10          	0.003921    	0.004342    	0.003481    
1           	608         	10          	0.003847    	0.004124    	0.003558    
1           	609         	10          	0.004187    	0.004074    	0.004306    
1           	610         	9.9         	0.004488    	0.004094    	0.0049      
1           	611         	9.9         	0.004228    	0.003535    	0.004952    
1           	612         	9.95        	0.003953    	0.003045    	0.004904    
1           	613         	9.95        	0.004098    	0.003856    	0.004352    
1           	614         	9.95        	0.004115    	0.003873    	0.004368    
1           	615         	9.85        	0.004457    	0.004529    	0.004381    
1           	616         	9.9         	0.004881    	0.004719    	0.005051    
1           	617         	9.9         	0.00473     	0.004205    	0.00528     
1           	618         	9.8         	0.0048      	0.00477     	0.00483     
1           	619         	9.95        	0.004678    	0.004889    	0.004458    
1           	620         	10          	0.004096    	0.004372    	0.003809    
1           	621         	9.95        	0.004249    	0.004436    	0.004053    
1           	622         	9.95        	0.003901    	0.003937    	0.003864    
1           	623         	10          	0.003574    	0.004094    	0.003028    
1           	624         	9.9         	0.003831    	0.004106    	0.003543    
1           	625         	9.95        	0.004169    	0.00452     	0.003801    
1           	626         	9.95        	0.004467    	0.004993    	0.003916    
1           	627         	9.95        	0.004559    	0.005042    	0.004054    
1           	628         	9.9         	0.00479     	0.00542     	0.00413     
1           	629         	9.9         	0.004628    	0.00522     	0.004008    
1           	630         	9.9         	0.005123    	0.005768    	0.004449    
1           	631         	9.9         	0.004741    	0.005079    	0.004389    
1           	632         	9.9         	0.004224    	0.004526    	0.003908    
1           	633         	9.9         	0.004287    	0.004272    	0.004302    
1           	634         	9.9         	0.004209    	0.004057    	0.004368    
1           	635         	9.85        	0.003851    	0.003323    	0.004401    
1           	636         	9.9         	0.003501    	0.003255    	0.003758    
1           	637         	9.9         	0.003582    	0.003267    	0.00391     
1           	638         	9.9         	0.003264    	0.002809    	0.003737    
1           	639         	9.9         	0.003732    	0.00337     	0.004109    
1           	640         	9.95        	0.003709    	0.003348    	0.004086    
1           	641         	9.85        	0.003536    	0.003458    	0.003617    
1           	642         	9.95        	0.003208    	0.00307     	0.003353    
1           	643         	10          	0.003389    	0.003306    	0.003476    
1           	644         	9.95        	0.003689    	0.003324    	0.004073    
1           	645         	9.9         	0.003655    	0.003662    	0.003646    
1           	646         	9.85        	0.003787    	0.003724    	0.003854    
1           	647         	9.85        	0.003836    	0.004273    	0.003377    
1           	648         	9.95        	0.004428    	0.004448    	0.004406    
1           	649         	9.75        	0.004167    	0.004208    	0.004124    
1           	650         	9.75        	0.003649    	0.003979    	0.003302    
1           	651         	9.75        	0.00361     	0.003994    	0.003206    
1           	652         	9.7         	0.003074    	0.003204    	0.002937    
1           	653         	9.55        	0.003158    	0.003205    	0.00311     
1           	654         	9.7         	0.003717    	0.00368     	0.003757    
1           	655         	9.65        	0.003622    	0.003437    	0.003815    
1           	656         	9.75        	0.003595    	0.003289    	0.003917    
1           	657         	9.65        	0.003501    	0.003022    	0.004003    
1           	658         	9.65        	0.003289    	0.003127    	0.00346     
1           	659         	9.65        	0.003511    	0.00322     	0.003816    
1           	660         	9.7         	0.003627    	0.003466    	0.003797    
1           	661         	9.65        	0.00359     	0.003676    	0.003499    
1           	662         	9.55        	0.003728    	0.003982    	0.003462    
1           	663         	9.5         	0.003579    	0.003653    	0.0035      
1           	664         	9.5         	0.003737    	0.003668    	0.00381     
1           	665         	9.6         	0.003592    	0.003388    	0.003807    
1           	666         	9.55        	0.003493    	0.003362    	0.003632    
1           	667         	9.55        	0.003232    	0.003453    	0.002998    
1           	668         	9.6         	0.003256    	0.003423    	0.003079    
1           	669         	9.65        	0.003719    	0.003314    	0.004147    
1           	670         	9.6         	0.004073    	0.003486    	0.004693    
1           	671         	9.6         	0.003869    	0.003843    	0.003897    
1           	672         	9.6         	0.003637    	0.003901    	0.003359    
1           	673         	9.65        	0.003579    	0.003892    	0.003248    
1           	674         	9.75        	0.003965    	0.004226    	0.003689    
1           	675         	9.7         	0.003916    	0.00393     	0.0039      
1           	676         	9.75        	0.004402    	0.004134    	0.004686    
1           	677         	9.8         	0.003888    	0.003727    	0.004058    
1           	678         	9.7         	0.004044    	0.003581    	0.00453     
1           	679         	9.65        	0.004046    	0.003485    	0.004636    
1           	680         	9.5         	0.003989    	0.003323    	0.004689    
1           	681         	9.55        	0.00435     	0.00384     	0.004886    
1           	682         	9.65        	0.004367    	0.003887    	0.004871    
1           	683         	9.65        	0.004677    	0.004348    	0.005024    
1           	684         	9.75        	0.004489    	0.003642    	0.005378    
1           	685         	9.8         	0.004155    	0.003336    	0.005015    
1           	686         	9.75        	0.004059    	0.003511    	0.004635    
1           	687         	9.7         	0.004118    	0.003629    	0.004633    
1           	688         	9.75        	0.004333    	0.003938    	0.004749    
1           	689         	9.7         	0.004252    	0.004414    	0.004082    
1           	690         	9.8         	0.004699    	0.004839    	0.004551    
1           	691         	9.75        	0.004584    	0.004326    	0.004856    
1           	692         	9.7         	0.004605    	0.004172    	0.005059    
1           	693         	9.6         	0.00461     	0.004462    	0.004766    
1           	694         	9.6         	0.004442    	0.004178    	0.004719    
1           	695         	9.5         	0.004109    	0.00391     	0.004318    
1           	696         	9.45        	0.004102    	0.003677    	0.004549    
1           	697         	9.45        	0.004086    	0.003779    	0.004408    
1           	698         	9.5         	0.003645    	0.003433    	0.003868    
1           	699         	9.5         	0.003621    	0.003761    	0.003475    
1           	700         	9.5         	0.003775    	0.004212    	0.003316    
1           	701         	9.35        	0.004081    	0.004188    	0.00397     
1           	702         	9.4         	0.003791    	0.003647    	0.003943    
1           	703         	9.35        	0.003974    	0.003797    	0.004161    
1           	704         	9.3         	0.003727    	0.003243    	0.004235    
1           	705         	9.35        	0.003666    	0.002965    	0.004404    
1           	706         	9.3         	0.004237    	0.003019    	0.005515    
1           	707         	9.3         	0.004788    	0.003545    	0.006095    
1           	708         	9.3         	0.004749    	0.003953    	0.005585    
1           	709         	9.4         	0.004963    	0.00419     	0.005775    
1           	710         	9.35        	0.004538    	0.003655    	0.005465    
1           	711         	9.3         	0.004292    	0.003708    	0.004907    
1           	712         	9.3         	0.004705    	0.004077    	0.005365    
1           	713         	9.4         	0.004422    	0.003688    	0.005192    
1           	714         	9.4         	0.004146    	0.003501    	0.004825    
1           	715         	9.45        	0.003753    	0.003334    	0.004193    
1           	716         	9.45        	0.003562    	0.003124    	0.004022    
1           	717         	9.5         	0.003272    	0.003056    	0.0035      
1           	718         	9.5         	0.003249    	0.002761    	0.003763    
1           	719         	9.4         	0.003329    	0.003148    	0.003519    
1           	720         	9.55        	0.003088    	0.002802    	0.003389    
1           	721         	9.45        	0.002987    	0.002797    	0.003188    
1           	722         	9.4         	0.003057    	0.003201    	0.002906    
1           	723         	9.45        	0.003156    	0.002987    	0.003334    
1           	724         	9.5         	0.003038    	0.002779    	0.003311    
1           	725         	9.35        	0.003093    	0.002985    	0.003207    
1           	726         	9.35        	0.00352     	0.003517    	0.003523    
1           	727         	9.35        	0.003441    	0.003601    	0.003272    
1           	728         	9.15        	0.003597    	0.00325     	0.003959    
1           	729         	9.3         	0.003964    	0.003548    	0.0044      
1           	730         	9.25        	0.003746    	0.003331    	0.00418     
1           	731         	9.3         	0.004014    	0.003245    	0.00482     
1           	732         	9.25        	0.003898    	0.002958    	0.004883    
1           	733         	9.2         	0.003215    	0.002772    	0.00368     
1           	734         	9.2         	0.00349     	0.002948    	0.004056    
1           	735         	9.3         	0.003569    	0.003654    	0.00348     
1           	736         	9.25        	0.003845    	0.003944    	0.003741    
1           	737         	9.3         	0.003621    	0.004326    	0.002883    
1           	738         	9.15        	0.003746    	0.003837    	0.003651    
1           	739         	9.15        	0.003824    	0.003884    	0.003762    
1           	740         	9.15        	0.003533    	0.003622    	0.003439    
1           	741         	9.15        	0.003918    	0.003976    	0.003857    
1           	742         	9.1         	0.003835    	0.004104    	0.003554    
1           	743         	9.1         	0.004016    	0.004386    	0.00363     
1           	744         	9.1         	0.003771    	0.004214    	0.003307    
1           	745         	9.15        	0.003586    	0.003921    	0.003237    
1           	746         	9.15        	0.003521    	0.003712    	0.003322    
1           	747         	9.1         	0.003372    	0.003198    	0.003554    
1           	748         	9.1         	0.003156    	0.003248    	0.003059    
1           	749         	9.15        	0.003518    	0.003849    	0.003174    
1           	750         	9.2         	0.00381     	0.003463    	0.004172    
1           	751         	9.25        	0.003683    	0.003295    	0.004088    
1           	752         	9.25        	0.004215    	0.004042    	0.004396    
1           	753         	9.25        	0.003911    	0.003418    	0.004425    
1           	754         	9.25        	0.00374     	0.003321    	0.004176    
1           	755         	9.25        	0.004247    	0.00349     	0.005035    
1           	756         	9.3         	0.003846    	0.003401    	0.004311    
1           	757         	9.3         	0.004149    	0.003139    	0.005204    
1           	758         	9.25        	0.004377    	0.003012    	0.005805    
1           	759         	9.25        	0.004665    	0.003269    	0.006127    
1           	760         	9.25        	0.004972    	0.003716    	0.006286    
1           	761         	9.3         	0.005178    	0.003353    	0.007086    
1           	762         	9.2         	0.005241    	0.003475    	0.007088    
1           	763         	9.2         	0.004848    	0.003354    	0.006411    
1           	764         	9.3         	0.00422     	0.002754    	0.005751    
1           	765         	9.25        	0.004543    	0.002443    	0.006735    
1           	766         	9.3         	0.00449     	0.002686    	0.006372    
1           	767         	9.35        	0.00454     	0.002857    	0.006295    
1           	768         	9.3         	0.004316    	0.00301     	0.005678    
1           	769         	9.3         	0.004041    	0.003159    	0.004958    
1           	770         	9.3         	0.004151    	0.003339    	0.004994    
1           	771         	9.25        	0.004395    	0.003634    	0.005185    
1           	772         	9.25        	0.004276    	0.003379    	0.005208    
1           	773         	9.35        	0.004344    	0.003581    	0.005137    
1           	774         	9.2         	0.004606    	0.003912    	0.005328    
1           	775         	9.15        	0.005075    	0.00423     	0.005954    
1           	776         	9.15        	0.005206    	0.004342    	0.006104    
1           	777         	9.2         	0.005068    	0.004544    	0.005614    
1           	778         	9.2         	0.004696    	0.004648    	0.004745    
1           	779         	9.25        	0.004238    	0.004185    	0.004294    
1           	780         	9.25        	0.004479    	0.004517    	0.00444     
1           	781         	9.15        	0.00462     	0.004597    	0.004645    
1           	782         	9.15        	0.0041      	0.003865    	0.004344    
1           	783         	9.15        	0.003655    	0.003466    	0.003852    
1           	784         	9.15        	0.003379    	0.00292     	0.003856    
1           	785         	9.15        	0.003436    	0.002855    	0.004041    
1           	786         	9.2         	0.003169    	0.003043    	0.003301    
1           	787         	9.2         	0.003096    	0.002856    	0.003347    
1           	788         	9.1         	0.003611    	0.003523    	0.003704    
1           	789         	9.1         	0.003735    	0.003922    	0.003539    
1           	790         	9.1         	0.003648    	0.003831    	0.003457    
1           	791         	9.15        	0.003953    	0.00387     	0.004039    
1           	792         	9.1         	0.003986    	0.003679    	0.004307    
1           	793         	9.2         	0.004116    	0.00363     	0.004625    
1           	794         	9.3         	0.003689    	0.003818    	0.003554    
1           	795         	9.1         	0.003777    	0.004047    	0.003496    
1           	796         	9.1         	0.004053    	0.004416    	0.003675    
1           	797         	9.1         	0.003493    	0.003711    	0.003267    
1           	798         	9.15        	0.00401     	0.004185    	0.003827    
1           	799         	9.15        	0.004041    	0.004555    	0.003507    
1           	800         	9.1         	0.003992    	0.004148    	0.003831    
1           	801         	9.1         	0.003903    	0.00421     	0.003585    
1           	802         	9.1         	0.004242    	0.004555    	0.003917    
1           	803         	9.1         	0.004434    	0.004311    	0.004562    
1           	804         	9.05        	0.004619    	0.004738    	0.004495    
1           	805         	9.05        	0.004575    	0.004778    	0.004363    
1           	806         	9.05        	0.00436     	0.004268    	0.004456    
1           	807         	9.05        	0.004491    	0.004374    	0.004611    
1           	808         	9.05        	0.004019    	0.00377     	0.004278    
1           	809         	9           	0.003545    	0.003572    	0.003516    
1           	810         	9           	0.003561    	0.003854    	0.003257    
1           	811         	9           	0.003444    	0.003078    	0.003825    
1           	812         	9           	0.003154    	0.002873    	0.003445    
1           	813         	9           	0.003402    	0.003417    	0.003386    
1           	814         	9           	0.003359    	0.003589    	0.00312     
1           	815         	9           	0.003173    	0.003578    	0.002753    
1           	816         	9           	0.003547    	0.00379     	0.003294    
1           	817         	9           	0.00383     	0.003587    	0.004084    
1           	818         	9           	0.00432     	0.004146    	0.004501    
1           	819         	9           	0.00447     	0.004565    	0.004371    
1           	820         	9           	0.004176    	0.004182    	0.00417     
1           	821         	9           	0.003844    	0.003781    	0.003909    
1           	822         	9           	0.004317    	0.004313    	0.004321    
1           	823         	9           	0.004611    	0.004759    	0.004458    
1           	824         	9           	0.004545    	0.005055    	0.004015    
1           	825         	9           	0.004099    	0.004737    	0.003435    
1           	826         	9           	0.003765    	0.004174    	0.003339    
1           	827         	9           	0.003544    	0.003966    	0.003106    
1           	828         	9           	0.003533    	0.004058    	0.002986    
1           	829         	9           	0.003621    	0.00443     	0.00278     
1           	830         	9           	0.003914    	0.004871    	0.002919    
1           	831         	9           	0.003699    	0.005069    	0.002272    
1           	832         	9           	0.003443    	0.005109    	0.00171     
1           	833         	9           	0.003414    	0.004607    	0.002173    
1           	834         	9           	0.003834    	0.005195    	0.002421    
1           	835         	9           	0.003856    	0.005131    	0.002531    
1           	836         	9           	0.003664    	0.004517    	0.002779    
1           	837         	9           	0.003671    	0.004771    	0.002529    
1           	838         	9           	0.003729    	0.004285    	0.003151    
1           	839         	9           	0.003935    	0.004236    	0.003622    
1           	840         	9           	0.003755    	0.003778    	0.003731    
1           	841         	9           	0.004146    	0.004065    	0.00423     
1           	842         	9           	0.003582    	0.003798    	0.003357    
1           	843         	9           	0.003819    	0.004175    	0.003447    
1           	844         	9           	0.003714    	0.003841    	0.003583    
1           	845         	9           	0.003862    	0.003733    	0.003996    
1           	846         	9           	0.003654    	0.003747    	0.003558    
1           	847         	9           	0.003915    	0.003659    	0.004179    
1           	848         	9           	0.003867    	0.003611    	0.004132    
1           	849         	9           	0.004122    	0.003906    	0.004346    
1           	850         	9           	0.00353     	0.003376    	0.00369     
1           	851         	9           	0.003609    	0.00331     	0.003918    
1           	852         	9           	0.003602    	0.003421    	0.003789    
1           	853         	9           	0.004113    	0.003965    	0.004266    
1           	854         	9           	0.004724    	0.004434    	0.005024    
1           	855         	9           	0.00452     	0.004213    	0.004839    
1           	856         	9           	0.004886    	0.00424     	0.005554    
1           	857         	9           	0.004731    	0.00407     	0.005415    
1           	858         	9           	0.004561    	0.004065    	0.005074    
1           	859         	9           	0.004528    	0.004165    	0.004904    
1           	860         	9           	0.004472    	0.003967    	0.004995    
1           	861         	9           	0.003932    	0.003449    	0.004433    
1           	862         	9           	0.003786    	0.003322    	0.004268    
1           	863         	9           	0.004179    	0.003874    	0.004496    
1           	864         	9           	0.004347    	0.003887    	0.004824    
1           	865         	9           	0.004246    	0.003393    	0.005134    
1           	866         	9           	0.004315    	0.003508    	0.005154    
1           	867         	9           	0.004569    	0.003712    	0.00546     
1           	868         	9           	0.004334    	0.003313    	0.005399    
1           	869         	9           	0.00398     	0.003069    	0.00493     
1           	870         	9           	0.00417     	0.003523    	0.004844    
1           	871         	9           	0.00418     	0.00352     	0.004869    
1           	872         	9           	0.004395    	0.003584    	0.00524     
1           	873         	9           	0.003836    	0.003313    	0.004382    
1           	874         	9           	0.003944    	0.003455    	0.004454    
1           	875         	9           	0.003433    	0.003272    	0.003601    
1           	876         	9           	0.003622    	0.002943    	0.004327    
1           	877         	9           	0.003853    	0.002891    	0.004855    
1           	878         	9           	0.003458    	0.002603    	0.004351    
1           	879         	9           	0.003318    	0.002519    	0.004151    
1           	880         	9           	0.003183    	0.002568    	0.003822    
1           	881         	9           	0.002927    	0.002138    	0.003748    
1           	882         	9           	0.003039    	0.002614    	0.003483    
1           	883         	9           	0.003222    	0.00259     	0.00388     
1           	884         	9           	0.003311    	0.003174    	0.003452    
1           	885         	9           	0.00315     	0.002807    	0.003509    
1           	886         	9           	0.003199    	0.00269     	0.00373     
1           	887         	9           	0.002747    	0.002055    	0.003468    
1           	888         	9           	0.002997    	0.002536    	0.003477    
1           	889         	9           	0.002815    	0.002542    	0.003099    
1           	890         	9           	0.003293    	0.002906    	0.003693    
1           	891         	9           	0.003305    	0.003041    	0.003579    
1           	892         	9           	0.003193    	0.003052    	0.00334     
1           	893         	9           	0.002847    	0.002661    	0.00304     
1           	894         	9           	0.002907    	0.002877    	0.002939    
1           	895         	9           	0.002883    	0.002729    	0.003043    
1           	896         	9           	0.002946    	0.002582    	0.003322    
1           	897         	9           	0.003031    	0.003033    	0.003028    
1           	898         	9           	0.003305    	0.003139    	0.003477    
1           	899         	9           	0.003003    	0.002903    	0.003108    
1           	900         	9           	0.002632    	0.00269     	0.002571    
1           	901         	9           	0.002552    	0.002369    	0.002742    
1           	902         	9           	0.002694    	0.002436    	0.002961    
1           	903         	9           	0.002491    	0.002091    	0.002908    
1           	904         	9           	0.002296    	0.001801    	0.00281     
1           	905         	9           	0.00246     	0.001722    	0.003228    
1           	906         	9           	0.002633    	0.001629    	0.003677    
1           	907         	9           	0.00255     	0.00144     	0.003708    
1           	908         	9           	0.002941    	0.001506    	0.004439    
1           	909         	9           	0.003068    	0.001851    	0.004338    
1           	910         	9           	0.003211    	0.002011    	0.004466    
1           	911         	9           	0.00309     	0.002132    	0.00409     
1           	912         	9           	0.003424    	0.002721    	0.004158    
1           	913         	9           	0.003743    	0.003187    	0.004324    
1           	914         	9           	0.003748    	0.003758    	0.003737    
1           	915         	9           	0.003195    	0.003124    	0.003269    
1           	916         	9           	0.003194    	0.003117    	0.003274    
1           	917         	9           	0.003493    	0.003814    	0.003159    
1           	918         	9           	0.003131    	0.003263    	0.002993    
1           	919         	9           	0.003263    	0.003691    	0.002818    
1           	920         	9           	0.003585    	0.004129    	0.003018    
1           	921         	9           	0.003463    	0.004047    	0.002854    
1           	922         	9           	0.003409    	0.003858    	0.00294     
1           	923         	9           	0.003698    	0.004184    	0.003189    
1           	924         	9           	0.004187    	0.004727    	0.003623    
1           	925         	9           	0.004112    	0.004733    	0.003462    
1           	926         	9           	0.004559    	0.005217    	0.003872    
1           	927         	9           	0.004439    	0.004825    	0.004037    
1           	928         	9           	0.004287    	0.004847    	0.003702    
1           	929         	9           	0.004438    	0.004394    	0.004484    
1           	930         	9           	0.004757    	0.00511     	0.004388    
1           	931         	9           	0.004645    	0.004928    	0.004349    
1           	932         	9           	0.004379    	0.004413    	0.004343    
1           	933         	9           	0.004219    	0.004709    	0.003705    
1           	934         	9           	0.003808    	0.00401     	0.003596    
1           	935         	9           	0.00389     	0.004287    	0.003474    
1           	936         	9           	0.003845    	0.004335    	0.003332    
1           	937         	9           	0.004027    	0.004723    	0.003296    
1           	938         	9           	0.004483    	0.005331    	0.003591    
1           	939         	9           	0.00454     	0.005731    	0.003284    
1           	940         	9           	0.00509     	0.006023    	0.004106    
1           	941         	9           	0.004896    	0.006188    	0.003534    
1           	942         	9           	0.004731    	0.005777    	0.00363     
1           	943         	9           	0.004841    	0.005822    	0.003807    
1           	944         	9           	0.004626    	0.005116    	0.00411     
1           	945         	9           	0.004779    	0.004904    	0.004648    
1           	946         	9           	0.004804    	0.005471    	0.004102    
1           	947         	9           	0.004743    	0.005158    	0.004308    
1           	948         	9           	0.004695    	0.004787    	0.004599    
1           	949         	9           	0.004366    	0.004121    	0.004623    
1           	950         	9           	0.004268    	0.004231    	0.004307    
1           	951         	9           	0.003688    	0.003638    	0.00374     
1           	952         	9           	0.003956    	0.004204    	0.003694    
1           	953         	9           	0.004088    	0.004221    	0.003948    
1           	954         	9           	0.003811    	0.003872    	0.003748    
1           	955         	9           	0.003796    	0.004008    	0.003573    
1           	956         	9           	0.003778    	0.003725    	0.003833    
1           	957         	9           	0.00333     	0.003615    	0.003032    
1           	958         	9           	0.004173    	0.004515    	0.003813    
1           	959         	9           	0.004       	0.004298    	0.003686    
1           	960         	9           	0.004204    	0.004356    	0.004043    
1           	961         	9           	0.004255    	0.004276    	0.004232    
1           	962         	9           	0.00445     	0.00485     	0.00403     
1           	963         	9           	0.004661    	0.004305    	0.005036    
1           	964         	9           	0.004254    	0.003996    	0.004524    
1           	965         	9           	0.004734    	0.004326    	0.005163    
1           	966         	9           	0.004244    	0.003914    	0.004591    
1           	967         	9           	0.00475     	0.004306    	0.005215    
1           	968         	9           	0.004442    	0.004447    	0.004436    
1           	969         	9           	0.004737    	0.004555    	0.004927    
1           	970         	9           	0.004993    	0.004575    	0.005429    
1           	971         	9           	0.004809    	0.004894    	0.00472     
1           	972         	9           	0.004946    	0.005383    	0.004492    
1           	973         	8.95        	0.004917    	0.005401    	0.004414    
1           	974         	8.95        	0.004837    	0.005336    	0.004316    
1           	975         	9           	0.005043    	0.005622    	0.00444     
1           	976         	9           	0.005058    	0.005489    	0.004609    
1           	977         	9           	0.00489     	0.005418    	0.00434     
1           	978         	9           	0.004664    	0.005387    	0.003911    
1           	979         	9           	0.00477     	0.005427    	0.004086    
1           	980         	9           	0.004725    	0.005196    	0.004234    
1           	981         	9           	0.004635    	0.004499    	0.004778    
1           	982         	9           	0.003963    	0.003557    	0.004386    
1           	983         	9           	0.003894    	0.002886    	0.004944    
1           	984         	9           	0.004071    	0.003154    	0.005026    
1           	985         	9           	0.004186    	0.00346     	0.00494     
1           	986         	9           	0.004156    	0.003171    	0.005178    
1           	987         	9           	0.004001    	0.003337    	0.00469     
1           	988         	8.95        	0.004266    	0.003941    	0.004603    
1           	989         	9           	0.004044    	0.0038      	0.004298    
1           	990         	9           	0.003823    	0.003686    	0.003964    
1           	991         	9           	0.004267    	0.004161    	0.004377    
1           	992         	9           	0.004149    	0.004134    	0.004165    
1           	993         	9           	0.003568    	0.003676    	0.003456    
1           	994         	9           	0.003787    	0.003687    	0.00389     
1           	995         	9           	0.003784    	0.003699    	0.003873    
1           	996         	9           	0.003676    	0.003459    	0.003902    
1           	997         	9           	0.003726    	0.003694    	0.003759    
1           	998         	9           	0.003819    	0.004187    	0.003437    
1           	999         	9           	0.003798    	0.003675    	0.003926    
1           	1000        	9           	0.003452    	0.003553    	0.003348    
