replicate   	generation  	n.adlt.nbAll	n.adlt.fst  	n.adlt.fst_l1	n.adlt.fst_l2
1           	1           	5.5         	0.5059      	1           	8.828e-05   
1           	2           	7.9         	0.4989      	0.9856      	0.0005624   
1           	3           	8.6         	0.4943      	0.9763      	0.0007107   
1           	4           	9.25        	0.4884      	0.9644      	0.001197    
1           	5           	9.7         	0.4834      	0.9542      	0.001591    
1           	6           	9.5         	0.4762      	0.9396      	0.001939    
1           	7           	9.85        	0.4712      	0.9293      	0.002163    
1           	8           	9.75        	0.4688      	0.9241      	0.002633    
1           	9           	9.9         	0.4644      	0.9146      	0.003066    
1           	10          	9.65        	0.4589      	0.9036      	0.003297    
1           	11          	9.6         	0.4566      	0.8986      	0.004009    
1           	12          	9.7         	0.4504      	0.8861      	0.004398    
1           	13          	9.95        	0.4445      	0.8732      	0.005304    
1           	14          	9.9         	0.4414      	0.867       	0.005578    
1           	15          	9.8         	0.4381      	0.86        	0.006078    
1           	16          	9.95        	0.4336      	0.8506      	0.006564    
1           	17          	9.95        	0.4294      	0.8418      	0.006856    
1           	18          	9.95        	0.4283      	0.8391      	0.007262    
1           	19          	9.95        	0.4231      	0.828       	0.008192    
1           	20          	10          	0.4181      	0.8176      	0.008592    
1           	21          	9.95        	0.4142      	0.8095      	0.008882    
1           	22          	9.95        	0.408       	0.7967      	0.009133    
1           	23          	9.95        	0.4032      	0.7873      	0.00896     
1           	24          	9.9         	0.3987      	0.7787      	0.009434    
1           	25          	9.9         	0.3978      	0.7769      	0.009232    
1           	26          	9.9         	0.3926      	0.7662      	0.009702    
1           	27          	9.95        	0.3868      	0.7544      	0.01049     
1           	28          	10          	0.383       	0.7451      	0.01177     
1           	29          	10          	0.3811      	0.7412      	0.01123     
1           	30          	9.95        	0.3774      	0.734       	0.01106     
1           	31          	9.95        	0.3739      	0.7273      	0.01057     
1           	32          	10          	0.3706      	0.7195      	0.01157     
1           	33          	10          	0.3658      	0.7108      	0.01083     
1           	34          	10          	0.3652      	0.7096      	0.01107     
1           	35          	10          	0.3614      	0.702       	0.01093     
1           	36          	10          	0.3586      	0.6966      	0.01078     
1           	37          	10          	0.3568      	0.6924      	0.01113     
1           	38          	10          	0.3553      	0.6883      	0.0122      
1           	39          	10          	0.3533      	0.6852      	0.0116      
1           	40          	10          	0.3495      	0.6782      	0.01163     
1           	41          	10          	0.3484      	0.6756      	0.01208     
1           	42          	10          	0.346       	0.6696      	0.013       
1           	43          	9.95        	0.3442      	0.6663      	0.01325     
1           	44          	9.95        	0.3402      	0.6589      	0.01299     
1           	45          	9.95        	0.3354      	0.6495      	0.01309     
1           	46          	9.9         	0.3317      	0.6418      	0.01342     
1           	47          	9.95        	0.3314      	0.6422      	0.01281     
1           	48          	9.9         	0.3279      	0.6346      	0.01307     
1           	49          	9.95        	0.3268      	0.6317      	0.01401     
1           	50          	10          	0.3264      	0.6309      	0.01403     
1           	51          	9.9         	0.3253      	0.6285      	0.01437     
1           	52          	10          	0.3192      	0.6167      	0.01447     
1           	53          	9.95        	0.3131      	0.6047      	0.01455     
1           	54          	9.95        	0.3088      	0.5951      	0.0157      
1           	55          	9.95        	0.307       	0.5918      	0.01494     
1           	56          	9.9         	0.3049      	0.588       	0.01462     
1           	57          	9.9         	0.3045      	0.5863      	0.01564     
1           	58          	9.9         	0.3041      	0.5849      	0.01649     
1           	59          	9.9         	0.3008      	0.5775      	0.01712     
1           	60          	9.9         	0.2935      	0.5629      	0.01776     
1           	61          	9.9         	0.2891      	0.5556      	0.01622     
1           	62          	9.95        	0.2848      	0.5468      	0.01646     
1           	63          	9.9         	0.2861      	0.5495      	0.01621     
1           	64          	10          	0.292       	0.5605      	0.01634     
1           	65          	10          	0.2854      	0.548       	0.01596     
1           	66          	10          	0.2834      	0.5442      	0.01578     
1           	67          	10          	0.2788      	0.5356      	0.01575     
1           	68          	10          	0.2714      	0.5209      	0.01587     
1           	69          	10          	0.2667      	0.511       	0.01684     
1           	70          	9.95        	0.2636      	0.5043      	0.01729     
1           	71          	9.95        	0.2568      	0.4909      	0.01722     
1           	72          	9.95        	0.2486      	0.4744      	0.01778     
1           	73          	10          	0.2485      	0.4742      	0.01786     
1           	74          	10          	0.2458      	0.4695      	0.0171      
1           	75          	10          	0.2443      	0.4665      	0.01736     
1           	76          	10          	0.2445      	0.4657      	0.01865     
1           	77          	10          	0.2405      	0.459       	0.01745     
1           	78          	10          	0.236       	0.4509      	0.01693     
1           	79          	10          	0.2312      	0.4417      	0.01639     
1           	80          	10          	0.2316      	0.4426      	0.01627     
1           	81          	10          	0.2291      	0.4385      	0.01555     
1           	82          	10          	0.2226      	0.4255      	0.01533     
1           	83          	10          	0.2212      	0.423       	0.01511     
1           	84          	10          	0.2171      	0.4142      	0.01538     
1           	85          	10          	0.2162      	0.4133      	0.0148      
1           	86          	10          	0.2143      	0.4099      	0.01424     
1           	87          	10          	0.2113      	0.4044      	0.01388     
1           	88          	10          	0.2066      	0.3953      	0.01383     
1           	89          	10          	0.2021      	0.3868      	0.01344     
1           	90          	10          	0.1969      	0.3753      	0.01431     
1           	91          	10          	0.196       	0.3736      	0.01433     
1           	92          	10          	0.1961      	0.3738      	0.01411     
1           	93          	10          	0.2008      	0.3824      	0.015       
1           	94          	10          	0.1975      	0.3748      	0.01576     
1           	95          	10          	0.1946      	0.369       	0.01557     
1           	96          	10          	0.1908      	0.3607      	0.01635     
1           	97          	10          	0.194       	0.3673      	0.01627     
1           	98          	10          	0.1922      	0.3628      	0.01738     
1           	99          	10          	0.1915      	0.3612      	0.01777     
1           	100         	10          	0.1882      	0.3548      	0.01767     
1           	101         	10          	0.1916      	0.362       	0.01714     
1           	102         	10          	0.1904      	0.3592      	0.01764     
1           	103         	10          	0.1866      	0.3517      	0.01796     
1           	104         	10          	0.1848      	0.3469      	0.01918     
1           	105         	10          	0.1813      	0.341       	0.01827     
1           	106         	10          	0.179       	0.3356      	0.01921     
1           	107         	10          	0.1759      	0.3287      	0.02001     
1           	108         	10          	0.175       	0.3262      	0.02063     
1           	109         	10          	0.1767      	0.3288      	0.02122     
1           	110         	10          	0.1727      	0.3206      	0.02162     
1           	111         	10          	0.1741      	0.3229      	0.02226     
1           	112         	10          	0.1742      	0.3237      	0.0217      
1           	113         	10          	0.1705      	0.317       	0.02109     
1           	114         	10          	0.1719      	0.319       	0.02181     
1           	115         	10          	0.17        	0.3148      	0.02207     
1           	116         	10          	0.1709      	0.3158      	0.02296     
1           	117         	10          	0.17        	0.3139      	0.02283     
1           	118         	10          	0.1686      	0.3116      	0.02259     
1           	119         	10          	0.1663      	0.3076      	0.02211     
1           	120         	10          	0.163       	0.3003      	0.02273     
1           	121         	10          	0.161       	0.2963      	0.02275     
1           	122         	10          	0.1618      	0.298       	0.02247     
1           	123         	10          	0.1594      	0.2926      	0.02327     
1           	124         	10          	0.1563      	0.2863      	0.02331     
1           	125         	9.95        	0.1548      	0.2838      	0.02311     
1           	126         	9.95        	0.1546      	0.282       	0.0248      
1           	127         	9.95        	0.1532      	0.2787      	0.02508     
1           	128         	10          	0.1525      	0.2767      	0.0258      
1           	129         	10          	0.1521      	0.2758      	0.0259      
1           	130         	10          	0.1515      	0.2735      	0.02725     
1           	131         	10          	0.1505      	0.2722      	0.02646     
1           	132         	10          	0.1489      	0.2688      	0.02668     
1           	133         	10          	0.1454      	0.2629      	0.02555     
1           	134         	10          	0.1452      	0.2616      	0.02668     
1           	135         	10          	0.1465      	0.2642      	0.02682     
1           	136         	10          	0.1479      	0.2654      	0.02821     
1           	137         	10          	0.1484      	0.2662      	0.02813     
1           	138         	10          	0.1493      	0.2674      	0.02865     
1           	139         	10          	0.1495      	0.267       	0.02953     
1           	140         	10          	0.1538      	0.2755      	0.02944     
1           	141         	10          	0.1524      	0.272       	0.03005     
1           	142         	10          	0.1526      	0.2724      	0.03031     
1           	143         	10          	0.1497      	0.2667      	0.03015     
1           	144         	10          	0.1522      	0.2734      	0.02848     
1           	145         	10          	0.1537      	0.2764      	0.02826     
1           	146         	10          	0.1512      	0.2727      	0.02691     
1           	147         	10          	0.1499      	0.2714      	0.02555     
1           	148         	10          	0.1471      	0.2658      	0.02568     
1           	149         	10          	0.1413      	0.2541      	0.02591     
1           	150         	10          	0.1415      	0.2549      	0.02562     
1           	151         	10          	0.1431      	0.2555      	0.02819     
1           	152         	10          	0.139       	0.2475      	0.02792     
1           	153         	10          	0.1392      	0.2481      	0.02797     
1           	154         	10          	0.1371      	0.2443      	0.02775     
1           	155         	10          	0.1374      	0.2453      	0.02708     
1           	156         	10          	0.1362      	0.2436      	0.02663     
1           	157         	10          	0.1364      	0.243       	0.02774     
1           	158         	10          	0.1357      	0.2412      	0.02822     
1           	159         	10          	0.1333      	0.2347      	0.03014     
1           	160         	10          	0.1313      	0.2297      	0.03103     
1           	161         	10          	0.1312      	0.2305      	0.02998     
1           	162         	10          	0.1335      	0.2349      	0.03022     
1           	163         	10          	0.1331      	0.233       	0.03135     
1           	164         	10          	0.132       	0.2307      	0.03132     
1           	165         	10          	0.1317      	0.2313      	0.03014     
1           	166         	10          	0.1299      	0.2278      	0.03009     
1           	167         	10          	0.1271      	0.2231      	0.02909     
1           	168         	10          	0.1264      	0.2217      	0.02903     
1           	169         	10          	0.1228      	0.2152      	0.02845     
1           	170         	10          	0.1214      	0.2125      	0.02862     
1           	171         	10          	0.1165      	0.2023      	0.02916     
1           	172         	10          	0.1138      	0.1977      	0.02839     
1           	173         	10          	0.1138      	0.1966      	0.02954     
1           	174         	10          	0.1111      	0.1905      	0.0303      
1           	175         	10          	0.1118      	0.1926      	0.02964     
1           	176         	9.95        	0.1131      	0.1946      	0.03033     
1           	177         	9.95        	0.1094      	0.1874      	0.03032     
1           	178         	10          	0.1077      	0.1847      	0.02959     
1           	179         	10          	0.1076      	0.1829      	0.03123     
1           	180         	10          	0.1046      	0.1776      	0.0306      
1           	181         	10          	0.1041      	0.1774      	0.02965     
1           	182         	10          	0.1046      	0.178       	0.03005     
1           	183         	10          	0.1032      	0.174       	0.03135     
1           	184         	10          	0.1031      	0.1738      	0.03148     
1           	185         	10          	0.104       	0.1753      	0.03161     
1           	186         	10          	0.1033      	0.1738      	0.03172     
1           	187         	10          	0.1041      	0.1766      	0.03049     
1           	188         	10          	0.1023      	0.1739      	0.0298      
1           	189         	10          	0.1045      	0.1773      	0.0307      
1           	190         	10          	0.102       	0.1721      	0.03098     
1           	191         	10          	0.104       	0.1756      	0.03144     
1           	192         	10          	0.1023      	0.1729      	0.03084     
1           	193         	10          	0.0991      	0.1663      	0.03097     
1           	194         	10          	0.09698     	0.1623      	0.03087     
1           	195         	10          	0.09697     	0.1609      	0.03225     
1           	196         	10          	0.09683     	0.1608      	0.03204     
1           	197         	10          	0.09978     	0.1662      	0.03245     
1           	198         	10          	0.09946     	0.1636      	0.03453     
1           	199         	10          	0.09812     	0.1624      	0.03298     
1           	200         	10          	0.09698     	0.1606      	0.03255     
1           	201         	10          	0.09612     	0.1595      	0.03196     
1           	202         	10          	0.09514     	0.1577      	0.03187     
1           	203         	10          	0.09586     	0.1592      	0.03168     
1           	204         	10          	0.09791     	0.1634      	0.03152     
1           	205         	10          	0.09697     	0.1606      	0.03244     
1           	206         	10          	0.09605     	0.1594      	0.03187     
1           	207         	10          	0.09737     	0.1607      	0.03323     
1           	208         	10          	0.09686     	0.1577      	0.03524     
1           	209         	10          	0.09516     	0.1547      	0.03497     
1           	210         	10          	0.09367     	0.1508      	0.03596     
1           	211         	10          	0.09638     	0.1538      	0.03837     
1           	212         	10          	0.09525     	0.1518      	0.03807     
1           	213         	10          	0.09455     	0.1513      	0.03724     
1           	214         	10          	0.09331     	0.1469      	0.03911     
1           	215         	10          	0.09134     	0.144       	0.03813     
1           	216         	10          	0.08971     	0.1412      	0.03758     
1           	217         	10          	0.09088     	0.1448      	0.03629     
1           	218         	10          	0.089       	0.1414      	0.03602     
1           	219         	10          	0.08685     	0.1373      	0.03587     
1           	220         	10          	0.08891     	0.1409      	0.03628     
1           	221         	10          	0.08974     	0.1422      	0.03659     
1           	222         	10          	0.08722     	0.1384      	0.03536     
1           	223         	10          	0.08706     	0.1388      	0.03456     
1           	224         	10          	0.08576     	0.1364      	0.03439     
1           	225         	10          	0.08398     	0.1315      	0.03582     
1           	226         	10          	0.08442     	0.1329      	0.03537     
1           	227         	10          	0.08212     	0.1268      	0.03692     
1           	228         	10          	0.0812      	0.1243      	0.03762     
1           	229         	10          	0.07825     	0.1183      	0.03778     
1           	230         	10          	0.07757     	0.1177      	0.03693     
1           	231         	10          	0.0771      	0.1176      	0.03599     
1           	232         	10          	0.07522     	0.1144      	0.03549     
1           	233         	10          	0.0734      	0.111       	0.0353      
1           	234         	10          	0.0741      	0.1121      	0.03561     
1           	235         	10          	0.07517     	0.114       	0.03585     
1           	236         	10          	0.07276     	0.1106      	0.0345      
1           	237         	10          	0.07162     	0.1091      	0.03365     
1           	238         	10          	0.06943     	0.1049      	0.03352     
1           	239         	10          	0.068       	0.1032      	0.03231     
1           	240         	10          	0.06698     	0.1023      	0.03123     
1           	241         	10          	0.06634     	0.1016      	0.03059     
1           	242         	10          	0.06865     	0.1053      	0.03159     
1           	243         	10          	0.06614     	0.1011      	0.03082     
1           	244         	10          	0.06708     	0.1021      	0.03161     
1           	245         	10          	0.06649     	0.1005      	0.03208     
1           	246         	10          	0.06509     	0.09744     	0.0324      
1           	247         	9.95        	0.06482     	0.09807     	0.03123     
1           	248         	9.95        	0.06479     	0.09888     	0.03031     
1           	249         	10          	0.06234     	0.09436     	0.02998     
1           	250         	10          	0.06141     	0.09277     	0.02967     
1           	251         	10          	0.06117     	0.09153     	0.03046     
1           	252         	10          	0.06089     	0.09141     	0.02998     
1           	253         	10          	0.06023     	0.08908     	0.03101     
1           	254         	10          	0.06151     	0.09044     	0.03225     
1           	255         	9.95        	0.0603      	0.08814     	0.03215     
1           	256         	10          	0.05781     	0.08414     	0.03117     
1           	257         	10          	0.05804     	0.08417     	0.03157     
1           	258         	10          	0.05638     	0.08197     	0.03042     
1           	259         	10          	0.05623     	0.08275     	0.02931     
1           	260         	10          	0.05514     	0.08124     	0.02864     
1           	261         	10          	0.05631     	0.0827      	0.02952     
1           	262         	10          	0.05567     	0.08122     	0.02971     
1           	263         	10          	0.05571     	0.08097     	0.03005     
1           	264         	10          	0.05907     	0.08522     	0.0325      
1           	265         	10          	0.05868     	0.08337     	0.03356     
1           	266         	10          	0.05786     	0.08088     	0.03447     
1           	267         	9.95        	0.05698     	0.08118     	0.03235     
1           	268         	9.95        	0.05716     	0.08251     	0.03132     
1           	269         	10          	0.05659     	0.08326     	0.0294      
1           	270         	10          	0.05698     	0.08236     	0.03111     
1           	271         	10          	0.05694     	0.08252     	0.03088     
1           	272         	10          	0.05668     	0.08166     	0.0312      
1           	273         	10          	0.05671     	0.08181     	0.03113     
1           	274         	10          	0.0572      	0.08287     	0.03105     
1           	275         	10          	0.05625     	0.08051     	0.03155     
1           	276         	10          	0.05738     	0.08083     	0.03353     
1           	277         	10          	0.05807     	0.08104     	0.0347      
1           	278         	10          	0.05846     	0.08209     	0.03441     
1           	279         	10          	0.05928     	0.08185     	0.03633     
1           	280         	10          	0.05894     	0.08095     	0.03652     
1           	281         	10          	0.05749     	0.07885     	0.03575     
1           	282         	10          	0.06021     	0.08397     	0.03605     
1           	283         	10          	0.05956     	0.08229     	0.03643     
1           	284         	10          	0.05871     	0.08008     	0.03693     
1           	285         	10          	0.05856     	0.07915     	0.03757     
1           	286         	10          	0.05817     	0.07802     	0.03793     
1           	287         	10          	0.05789     	0.07798     	0.03734     
1           	288         	10          	0.05791     	0.07836     	0.03701     
1           	289         	10          	0.05796     	0.07782     	0.03766     
1           	290         	10          	0.0579      	0.07671     	0.03866     
1           	291         	10          	0.05729     	0.07583     	0.03835     
1           	292         	10          	0.05707     	0.07587     	0.03789     
1           	293         	10          	0.05759     	0.07698     	0.03784     
1           	294         	10          	0.05516     	0.07299     	0.03697     
1           	295         	10          	0.056       	0.07493     	0.0367      
1           	296         	10          	0.0551      	0.07453     	0.03531     
1           	297         	10          	0.05507     	0.07491     	0.03488     
1           	298         	10          	0.05458     	0.07532     	0.03343     
1           	299         	10          	0.0559      	0.0763      	0.03507     
1           	300         	10          	0.0564      	0.07846     	0.03387     
1           	301         	10          	0.05655     	0.07996     	0.03264     
1           	302         	10          	0.05589     	0.07958     	0.03169     
1           	303         	10          	0.05624     	0.08014     	0.03181     
1           	304         	10          	0.05437     	0.07742     	0.03082     
1           	305         	10          	0.05616     	0.08174     	0.03003     
1           	306         	10          	0.05385     	0.078       	0.0292      
1           	307         	10          	0.05344     	0.07656     	0.02986     
1           	308         	10          	0.0526      	0.07365     	0.03115     
1           	309         	10          	0.05199     	0.07436     	0.0292      
1           	310         	10          	0.05133     	0.07391     	0.02832     
1           	311         	10          	0.05237     	0.07561     	0.02872     
1           	312         	10          	0.05102     	0.07408     	0.02753     
1           	313         	10          	0.05069     	0.07304     	0.02791     
1           	314         	10          	0.0489      	0.06956     	0.02782     
1           	315         	10          	0.04765     	0.06706     	0.02786     
1           	316         	10          	0.04729     	0.06797     	0.02623     
1           	317         	10          	0.04748     	0.06875     	0.02582     
1           	318         	10          	0.04816     	0.06996     	0.02596     
1           	319         	10          	0.04717     	0.06697     	0.02699     
1           	320         	10          	0.04784     	0.06829     	0.027       
1           	321         	10          	0.04716     	0.06621     	0.02772     
1           	322         	10          	0.04698     	0.06631     	0.02725     
1           	323         	10          	0.04678     	0.0652      	0.02797     
1           	324         	10          	0.04783     	0.06698     	0.02824     
1           	325         	10          	0.04819     	0.06749     	0.02845     
1           	326         	10          	0.04808     	0.06765     	0.02806     
1           	327         	10          	0.04754     	0.06745     	0.02713     
1           	328         	10          	0.04687     	0.06669     	0.02654     
1           	329         	10          	0.04648     	0.06643     	0.02601     
1           	330         	10          	0.04708     	0.06773     	0.02589     
1           	331         	10          	0.04733     	0.06834     	0.02574     
1           	332         	10          	0.04734     	0.06768     	0.02646     
1           	333         	10          	0.04861     	0.06769     	0.02898     
1           	334         	10          	0.04943     	0.06935     	0.02894     
1           	335         	10          	0.04862     	0.06944     	0.0272      
1           	336         	10          	0.04747     	0.06779     	0.02655     
1           	337         	10          	0.04579     	0.06504     	0.02593     
1           	338         	10          	0.04507     	0.0641      	0.02545     
1           	339         	10          	0.04514     	0.06384     	0.02586     
1           	340         	10          	0.04536     	0.064       	0.02614     
1           	341         	10          	0.04585     	0.06576     	0.02536     
1           	342         	10          	0.0469      	0.0672      	0.02602     
1           	343         	10          	0.04702     	0.06843     	0.02494     
1           	344         	10          	0.04547     	0.06485     	0.0255      
1           	345         	10          	0.04523     	0.06429     	0.02559     
1           	346         	10          	0.04391     	0.06224     	0.02507     
1           	347         	10          	0.04223     	0.05922     	0.02472     
1           	348         	10          	0.04262     	0.05828     	0.02645     
1           	349         	10          	0.04308     	0.0578      	0.02789     
1           	350         	10          	0.04262     	0.05684     	0.02797     
1           	351         	10          	0.0437      	0.05831     	0.02866     
1           	352         	10          	0.04265     	0.05611     	0.02879     
1           	353         	10          	0.04227     	0.05445     	0.02974     
1           	354         	10          	0.04429     	0.05679     	0.03143     
1           	355         	10          	0.04434     	0.05742     	0.03088     
1           	356         	10          	0.04442     	0.05576     	0.03274     
1           	357         	10          	0.04543     	0.05552     	0.03503     
1           	358         	10          	0.04451     	0.05427     	0.03446     
1           	359         	10          	0.04448     	0.05383     	0.03486     
1           	360         	10          	0.04525     	0.05535     	0.03487     
1           	361         	10          	0.04625     	0.05696     	0.03524     
1           	362         	10          	0.04592     	0.05547     	0.03611     
1           	363         	10          	0.04702     	0.05831     	0.03541     
1           	364         	10          	0.04805     	0.05925     	0.03654     
1           	365         	10          	0.0482      	0.0595      	0.03658     
1           	366         	10          	0.04893     	0.06014     	0.03739     
1           	367         	10          	0.04837     	0.05909     	0.03733     
1           	368         	10          	0.04761     	0.0579      	0.03703     
1           	369         	10          	0.04655     	0.05572     	0.03713     
1           	370         	10          	0.04497     	0.05368     	0.03602     
1           	371         	10          	0.04424     	0.05283     	0.03539     
1           	372         	10          	0.04485     	0.0531      	0.03633     
1           	373         	9.95        	0.04367     	0.05252     	0.03454     
1           	374         	9.95        	0.04386     	0.05294     	0.03447     
1           	375         	10          	0.04351     	0.05305     	0.03366     
1           	376         	10          	0.04263     	0.05186     	0.03312     
1           	377         	10          	0.04239     	0.05077     	0.03375     
1           	378         	10          	0.04191     	0.04986     	0.03372     
1           	379         	10          	0.04183     	0.04831     	0.03515     
1           	380         	10          	0.0427      	0.051       	0.03417     
1           	381         	10          	0.04277     	0.05098     	0.03432     
1           	382         	10          	0.04215     	0.05083     	0.03322     
1           	383         	10          	0.04165     	0.04978     	0.0333      
1           	384         	10          	0.04247     	0.05076     	0.03397     
1           	385         	10          	0.04253     	0.05112     	0.03372     
1           	386         	10          	0.04256     	0.05181     	0.03306     
1           	387         	10          	0.04209     	0.0514      	0.03252     
1           	388         	10          	0.04142     	0.05052     	0.03208     
1           	389         	10          	0.04095     	0.04984     	0.03181     
1           	390         	10          	0.04066     	0.04893     	0.03219     
1           	391         	10          	0.03989     	0.04768     	0.03191     
1           	392         	10          	0.03955     	0.04765     	0.03127     
1           	393         	10          	0.03999     	0.04794     	0.03186     
1           	394         	10          	0.03966     	0.04782     	0.03131     
1           	395         	10          	0.03865     	0.04664     	0.03048     
1           	396         	10          	0.03908     	0.04641     	0.0316      
1           	397         	10          	0.03879     	0.04518     	0.03226     
1           	398         	10          	0.03871     	0.04637     	0.03087     
1           	399         	10          	0.03958     	0.04725     	0.03173     
1           	400         	10          	0.03857     	0.04543     	0.03156     
1           	401         	10          	0.03837     	0.04482     	0.03178     
1           	402         	10          	0.03957     	0.04584     	0.03315     
1           	403         	10          	0.03962     	0.04635     	0.03274     
1           	404         	10          	0.03973     	0.04576     	0.03356     
1           	405         	10          	0.03982     	0.04522     	0.03429     
1           	406         	10          	0.03947     	0.04452     	0.0343      
1           	407         	10          	0.03909     	0.04486     	0.03319     
1           	408         	10          	0.03797     	0.04328     	0.03253     
1           	409         	10          	0.03653     	0.0421      	0.03082     
1           	410         	10          	0.03574     	0.04163     	0.0297      
1           	411         	10          	0.0349      	0.04143     	0.02818     
1           	412         	10          	0.03627     	0.04359     	0.02877     
1           	413         	10          	0.03651     	0.04425     	0.0286      
1           	414         	10          	0.03632     	0.04481     	0.02763     
1           	415         	10          	0.03588     	0.04567     	0.02583     
1           	416         	10          	0.03698     	0.04736     	0.02631     
1           	417         	10          	0.03781     	0.04959     	0.02568     
1           	418         	10          	0.03778     	0.04958     	0.02563     
1           	419         	10          	0.03933     	0.05262     	0.02561     
1           	420         	10          	0.03986     	0.05246     	0.02684     
1           	421         	10          	0.03929     	0.05148     	0.02668     
1           	422         	10          	0.03942     	0.05225     	0.02617     
1           	423         	10          	0.04077     	0.05399     	0.0271      
1           	424         	10          	0.04086     	0.05387     	0.02737     
1           	425         	10          	0.04081     	0.05421     	0.02695     
1           	426         	10          	0.04081     	0.05367     	0.02753     
1           	427         	10          	0.04156     	0.05384     	0.02887     
1           	428         	10          	0.04177     	0.05368     	0.02948     
1           	429         	10          	0.04153     	0.05411     	0.02856     
1           	430         	10          	0.04168     	0.05368     	0.0293      
1           	431         	10          	0.04213     	0.05485     	0.02895     
1           	432         	10          	0.04258     	0.05607     	0.02859     
1           	433         	10          	0.04196     	0.05448     	0.02898     
1           	434         	9.95        	0.0401      	0.05306     	0.02668     
1           	435         	10          	0.03954     	0.052       	0.02664     
1           	436         	9.95        	0.04058     	0.05266     	0.02801     
1           	437         	10          	0.04104     	0.05335     	0.02822     
1           	438         	10          	0.04121     	0.05358     	0.02832     
1           	439         	9.95        	0.04045     	0.05067     	0.02982     
1           	440         	10          	0.04077     	0.05148     	0.02959     
1           	441         	10          	0.041       	0.05129     	0.03025     
1           	442         	10          	0.04077     	0.05094     	0.03014     
1           	443         	10          	0.04154     	0.05302     	0.02952     
1           	444         	10          	0.04127     	0.05325     	0.02871     
1           	445         	10          	0.04164     	0.05432     	0.02838     
1           	446         	10          	0.04137     	0.05365     	0.02856     
1           	447         	10          	0.04128     	0.05372     	0.02829     
1           	448         	10          	0.04114     	0.05376     	0.02795     
1           	449         	10          	0.04028     	0.05249     	0.02753     
1           	450         	10          	0.04051     	0.05254     	0.02794     
1           	451         	10          	0.04099     	0.0529      	0.02852     
1           	452         	10          	0.04131     	0.05303     	0.02904     
1           	453         	10          	0.0414      	0.0528      	0.02944     
1           	454         	10          	0.04074     	0.05219     	0.02872     
1           	455         	10          	0.04067     	0.05347     	0.02721     
1           	456         	10          	0.03986     	0.05299     	0.02606     
1           	457         	10          	0.0411      	0.05507     	0.02642     
1           	458         	10          	0.04124     	0.0549      	0.02692     
1           	459         	10          	0.03986     	0.05398     	0.02504     
1           	460         	10          	0.04125     	0.05675     	0.02501     
1           	461         	10          	0.04115     	0.05721     	0.02429     
1           	462         	10          	0.04096     	0.05732     	0.02382     
1           	463         	10          	0.04243     	0.05824     	0.02585     
1           	464         	10          	0.04325     	0.05918     	0.02659     
1           	465         	10          	0.04297     	0.05851     	0.02664     
1           	466         	10          	0.04177     	0.05595     	0.02687     
1           	467         	10          	0.04238     	0.05663     	0.02738     
1           	468         	10          	0.0416      	0.05578     	0.0267      
1           	469         	10          	0.04361     	0.05817     	0.02834     
1           	470         	10          	0.04408     	0.05892     	0.02854     
1           	471         	10          	0.04329     	0.05779     	0.02816     
1           	472         	10          	0.04375     	0.05908     	0.02775     
1           	473         	10          	0.04437     	0.05856     	0.02962     
1           	474         	10          	0.04591     	0.06129     	0.02992     
1           	475         	9.95        	0.0454      	0.06018     	0.03002     
1           	476         	9.95        	0.04454     	0.05961     	0.02887     
1           	477         	10          	0.04438     	0.05867     	0.02947     
1           	478         	10          	0.04463     	0.05926     	0.02938     
1           	479         	10          	0.04347     	0.05829     	0.02799     
1           	480         	10          	0.04457     	0.06023     	0.02828     
1           	481         	10          	0.04466     	0.06105     	0.02763     
1           	482         	10          	0.04326     	0.05862     	0.02726     
1           	483         	10          	0.04257     	0.05709     	0.02742     
1           	484         	10          	0.04446     	0.0611      	0.02712     
1           	485         	10          	0.044       	0.05983     	0.02751     
1           	486         	10          	0.04464     	0.06018     	0.02844     
1           	487         	10          	0.04361     	0.0589      	0.02762     
1           	488         	10          	0.04337     	0.05851     	0.02755     
1           	489         	10          	0.0426      	0.05564     	0.02902     
1           	490         	10          	0.04181     	0.05486     	0.0282      
1           	491         	10          	0.04061     	0.05328     	0.02737     
1           	492         	10          	0.04083     	0.05308     	0.02805     
1           	493         	10          	0.04085     	0.05453     	0.02658     
1           	494         	10          	0.04044     	0.05464     	0.02562     
1           	495         	9.95        	0.04114     	0.05506     	0.02658     
1           	496         	10          	0.04058     	0.05396     	0.02664     
1           	497         	10          	0.04052     	0.0547      	0.02577     
1           	498         	10          	0.03957     	0.05275     	0.02588     
1           	499         	10          	0.03939     	0.0518      	0.02653     
1           	500         	10          	0.03945     	0.05083     	0.02763     
1           	501         	10          	0.03886     	0.05016     	0.02708     
1           	502         	10          	0.03888     	0.05056     	0.0267      
1           	503         	9.95        	0.03906     	0.04986     	0.02777     
1           	504         	10          	0.03829     	0.04989     	0.02616     
1           	505         	9.95        	0.03941     	0.05107     	0.02725     
1           	506         	10          	0.03901     	0.05095     	0.02655     
1           	507         	9.95        	0.03865     	0.05098     	0.02582     
1           	508         	9.95        	0.03883     	0.05013     	0.02704     
1           	509         	10          	0.03822     	0.04882     	0.02713     
1           	510         	10          	0.03838     	0.04807     	0.02828     
1           	511         	10          	0.03909     	0.04812     	0.02969     
1           	512         	10          	0.03895     	0.0473      	0.03025     
1           	513         	10          	0.03754     	0.04531     	0.02944     
1           	514         	10          	0.03779     	0.04461     	0.03069     
1           	515         	9.95        	0.03833     	0.0454      	0.03098     
1           	516         	9.9         	0.0405      	0.0485      	0.03222     
1           	517         	9.95        	0.03982     	0.04875     	0.03058     
1           	518         	9.95        	0.04028     	0.04892     	0.03129     
1           	519         	9.95        	0.04002     	0.04853     	0.03119     
1           	520         	10          	0.03893     	0.04678     	0.03081     
1           	521         	10          	0.0388      	0.04679     	0.03051     
1           	522         	9.95        	0.0382      	0.04734     	0.02867     
1           	523         	9.95        	0.03769     	0.04644     	0.02857     
1           	524         	9.95        	0.03871     	0.04887     	0.02814     
1           	525         	9.95        	0.03916     	0.04837     	0.02957     
1           	526         	10          	0.03969     	0.04879     	0.03022     
1           	527         	10          	0.04039     	0.05006     	0.03027     
1           	528         	9.95        	0.03995     	0.04873     	0.03075     
1           	529         	9.95        	0.03951     	0.04815     	0.03045     
1           	530         	9.95        	0.03919     	0.04738     	0.03064     
1           	531         	10          	0.03883     	0.04696     	0.03032     
1           	532         	10          	0.03887     	0.04625     	0.03114     
1           	533         	10          	0.03903     	0.04678     	0.03091     
1           	534         	10          	0.03689     	0.04325     	0.0302      
1           	535         	10          	0.03731     	0.0445      	0.02974     
1           	536         	10          	0.03738     	0.04574     	0.02861     
1           	537         	10          	0.03726     	0.04468     	0.02949     
1           	538         	10          	0.03636     	0.0439      	0.02848     
1           	539         	9.95        	0.03546     	0.04303     	0.02755     
1           	540         	9.9         	0.03477     	0.04217     	0.02703     
1           	541         	9.95        	0.0342      	0.04192     	0.02613     
1           	542         	10          	0.03578     	0.04372     	0.02746     
1           	543         	10          	0.03642     	0.04379     	0.02868     
1           	544         	9.95        	0.03787     	0.04464     	0.03076     
1           	545         	10          	0.03756     	0.04456     	0.03021     
1           	546         	9.95        	0.03708     	0.04364     	0.03019     
1           	547         	10          	0.03681     	0.04239     	0.03095     
1           	548         	9.95        	0.03573     	0.04012     	0.03113     
1           	549         	9.9         	0.03652     	0.04092     	0.0319      
1           	550         	9.95        	0.03723     	0.04194     	0.03233     
1           	551         	9.95        	0.03756     	0.04268     	0.03221     
1           	552         	9.95        	0.03788     	0.0422      	0.03338     
1           	553         	10          	0.0377      	0.04283     	0.03237     
1           	554         	10          	0.03802     	0.04295     	0.03289     
1           	555         	9.95        	0.03804     	0.04301     	0.03289     
1           	556         	9.95        	0.03844     	0.04375     	0.03295     
1           	557         	9.95        	0.03849     	0.04452     	0.03221     
1           	558         	9.95        	0.03785     	0.0445      	0.03095     
1           	559         	9.95        	0.0377      	0.0447      	0.03042     
1           	560         	9.95        	0.03623     	0.04239     	0.02983     
1           	561         	10          	0.03515     	0.04157     	0.02848     
1           	562         	10          	0.03488     	0.04041     	0.02911     
1           	563         	10          	0.0357      	0.04169     	0.02948     
1           	564         	10          	0.03669     	0.04276     	0.03036     
1           	565         	10          	0.03503     	0.04014     	0.02972     
1           	566         	10          	0.03546     	0.03976     	0.03099     
1           	567         	10          	0.03555     	0.0394      	0.03155     
1           	568         	9.95        	0.03594     	0.03983     	0.0319      
1           	569         	10          	0.03452     	0.03764     	0.0313      
1           	570         	9.95        	0.03525     	0.03813     	0.03227     
1           	571         	9.95        	0.03487     	0.03812     	0.0315      
1           	572         	10          	0.03497     	0.03819     	0.03164     
1           	573         	10          	0.03652     	0.04068     	0.03222     
1           	574         	10          	0.03723     	0.04228     	0.03199     
1           	575         	9.95        	0.03693     	0.04203     	0.03163     
1           	576         	9.95        	0.03716     	0.04325     	0.03084     
1           	577         	9.95        	0.03967     	0.04521     	0.03393     
1           	578         	9.95        	0.03888     	0.04365     	0.03394     
1           	579         	10          	0.0396      	0.04658     	0.03239     
1           	580         	10          	0.03897     	0.0464      	0.03126     
1           	581         	10          	0.03927     	0.04541     	0.03291     
1           	582         	10          	0.0397      	0.0445      	0.03473     
1           	583         	10          	0.03916     	0.04307     	0.03511     
1           	584         	10          	0.03762     	0.04166     	0.03343     
1           	585         	10          	0.03668     	0.04102     	0.03217     
1           	586         	10          	0.03661     	0.04051     	0.03257     
1           	587         	10          	0.03626     	0.0409      	0.03147     
1           	588         	10          	0.03641     	0.04025     	0.03244     
1           	589         	10          	0.03574     	0.03827     	0.03311     
1           	590         	10          	0.03569     	0.03867     	0.03261     
1           	591         	9.95        	0.03485     	0.03668     	0.03295     
1           	592         	10          	0.03541     	0.03819     	0.03252     
1           	593         	10          	0.03515     	0.03685     	0.03339     
1           	594         	9.95        	0.03375     	0.03566     	0.03178     
1           	595         	9.95        	0.03321     	0.03442     	0.03196     
1           	596         	9.95        	0.03398     	0.03522     	0.03271     
1           	597         	10          	0.03323     	0.03524     	0.03116     
1           	598         	10          	0.03428     	0.03636     	0.03214     
1           	599         	10          	0.03305     	0.03523     	0.0308      
1           	600         	10          	0.0327      	0.03566     	0.02963     
1           	601         	10          	0.03324     	0.036       	0.03038     
1           	602         	10          	0.03331     	0.03621     	0.0303      
1           	603         	10          	0.0328      	0.03532     	0.03019     
1           	604         	10          	0.03238     	0.03493     	0.02976     
1           	605         	10          	0.03205     	0.03451     	0.02951     
1           	606         	10          	0.03204     	0.03507     	0.02893     
1           	607         	9.95        	0.03195     	0.03454     	0.02928     
1           	608         	9.95        	0.03109     	0.03361     	0.02848     
1           	609         	9.95        	0.03026     	0.03294     	0.02749     
1           	610         	10          	0.03086     	0.03308     	0.02857     
1           	611         	10          	0.03048     	0.03365     	0.0272      
1           	612         	10          	0.03059     	0.03427     	0.02677     
1           	613         	10          	0.03013     	0.03365     	0.02647     
1           	614         	10          	0.02991     	0.03403     	0.02564     
1           	615         	10          	0.03025     	0.03359     	0.0268      
1           	616         	10          	0.03073     	0.0341      	0.02725     
1           	617         	10          	0.03016     	0.03382     	0.02637     
1           	618         	9.95        	0.0296      	0.03347     	0.02558     
1           	619         	9.95        	0.03021     	0.03306     	0.02724     
1           	620         	10          	0.02958     	0.0316      	0.02748     
1           	621         	9.95        	0.02902     	0.03129     	0.02663     
1           	622         	10          	0.02913     	0.03249     	0.0256      
1           	623         	9.95        	0.02931     	0.03319     	0.02524     
1           	624         	9.95        	0.02955     	0.0334      	0.02553     
1           	625         	9.95        	0.02884     	0.03326     	0.02422     
1           	626         	9.95        	0.028       	0.03203     	0.0238      
1           	627         	9.95        	0.02743     	0.03156     	0.02312     
1           	628         	10          	0.02794     	0.03156     	0.02416     
1           	629         	10          	0.02815     	0.03084     	0.02535     
1           	630         	10          	0.02924     	0.03255     	0.02579     
1           	631         	10          	0.03005     	0.03346     	0.0265      
1           	632         	10          	0.03136     	0.03467     	0.0279      
1           	633         	10          	0.03259     	0.03701     	0.02797     
1           	634         	10          	0.03228     	0.03556     	0.02884     
1           	635         	10          	0.03209     	0.03444     	0.02964     
1           	636         	10          	0.03215     	0.0341      	0.03011     
1           	637         	10          	0.03148     	0.03387     	0.02899     
1           	638         	10          	0.03108     	0.03405     	0.02797     
1           	639         	10          	0.03221     	0.03596     	0.02829     
1           	640         	10          	0.03369     	0.03736     	0.02984     
1           	641         	9.95        	0.03364     	0.03842     	0.02864     
1           	642         	9.95        	0.03326     	0.03778     	0.02854     
1           	643         	9.95        	0.03354     	0.03821     	0.02866     
1           	644         	9.9         	0.03356     	0.03942     	0.02743     
1           	645         	9.9         	0.03354     	0.03848     	0.02836     
1           	646         	9.9         	0.03222     	0.03837     	0.02573     
1           	647         	9.9         	0.03224     	0.03887     	0.02523     
1           	648         	10          	0.03259     	0.0385      	0.02634     
1           	649         	10          	0.03345     	0.03919     	0.0274      
1           	650         	10          	0.03416     	0.04005     	0.02795     
1           	651         	9.95        	0.03391     	0.03954     	0.02799     
1           	652         	9.95        	0.03544     	0.04245     	0.02811     
1           	653         	9.9         	0.03617     	0.04241     	0.02962     
1           	654         	9.9         	0.03622     	0.04239     	0.02975     
1           	655         	9.85        	0.03633     	0.04293     	0.02944     
1           	656         	9.85        	0.03658     	0.04316     	0.02969     
1           	657         	9.85        	0.03818     	0.04491     	0.03113     
1           	658         	9.95        	0.03701     	0.04325     	0.03048     
1           	659         	9.95        	0.03746     	0.04405     	0.03055     
1           	660         	9.85        	0.03787     	0.04479     	0.03065     
1           	661         	9.85        	0.0376      	0.04442     	0.03048     
1           	662         	9.9         	0.03765     	0.04397     	0.03105     
1           	663         	9.9         	0.03755     	0.04332     	0.03153     
1           	664         	9.85        	0.03808     	0.0452      	0.03064     
1           	665         	9.9         	0.03884     	0.0463      	0.03104     
1           	666         	9.9         	0.0379      	0.04405     	0.03146     
1           	667         	9.9         	0.03729     	0.04373     	0.03052     
1           	668         	9.9         	0.0358      	0.04192     	0.02936     
1           	669         	9.9         	0.03593     	0.04165     	0.02993     
1           	670         	9.85        	0.03656     	0.0421      	0.03075     
1           	671         	9.85        	0.03681     	0.04204     	0.03131     
1           	672         	9.9         	0.03603     	0.0429      	0.02878     
1           	673         	9.9         	0.03643     	0.04194     	0.03061     
1           	674         	9.85        	0.0347      	0.03933     	0.02981     
1           	675         	9.95        	0.03417     	0.03851     	0.02958     
1           	676         	9.95        	0.03334     	0.03696     	0.02951     
1           	677         	9.95        	0.03333     	0.03699     	0.02945     
1           	678         	9.85        	0.03298     	0.0371      	0.02861     
1           	679         	9.85        	0.03378     	0.03872     	0.02856     
1           	680         	9.8         	0.03382     	0.03771     	0.02968     
1           	681         	9.8         	0.03391     	0.03834     	0.02918     
1           	682         	9.75        	0.03519     	0.0404      	0.02963     
1           	683         	9.75        	0.03581     	0.04201     	0.02916     
1           	684         	9.75        	0.03622     	0.04223     	0.02978     
1           	685         	9.8         	0.03562     	0.04115     	0.02967     
1           	686         	9.85        	0.03539     	0.04105     	0.02926     
1           	687         	9.8         	0.0361      	0.04188     	0.02986     
1           	688         	9.8         	0.03543     	0.04096     	0.02946     
1           	689         	9.8         	0.03476     	0.04043     	0.02864     
1           	690         	9.8         	0.03438     	0.04081     	0.02741     
1           	691         	9.8         	0.03645     	0.04315     	0.02916     
1           	692         	9.8         	0.03806     	0.04531     	0.03018     
1           	693         	9.75        	0.03771     	0.04541     	0.02939     
1           	694         	9.75        	0.03698     	0.04419     	0.02914     
1           	695         	9.75        	0.03845     	0.04427     	0.03214     
1           	696         	9.75        	0.03694     	0.04359     	0.02972     
1           	697         	9.75        	0.03692     	0.04463     	0.02855     
1           	698         	9.8         	0.03699     	0.04461     	0.02872     
1           	699         	9.8         	0.03678     	0.04346     	0.02951     
1           	700         	9.75        	0.03783     	0.04524     	0.02979     
1           	701         	9.75        	0.03861     	0.04713     	0.02932     
1           	702         	9.8         	0.03809     	0.04686     	0.02855     
1           	703         	9.75        	0.03878     	0.04775     	0.02903     
1           	704         	9.75        	0.0397      	0.04987     	0.0286      
1           	705         	9.8         	0.03938     	0.04951     	0.0283      
1           	706         	9.7         	0.04094     	0.05085     	0.03011     
1           	707         	9.75        	0.04132     	0.05073     	0.03106     
1           	708         	9.7         	0.04047     	0.04989     	0.03018     
1           	709         	9.75        	0.04048     	0.05015     	0.02986     
1           	710         	9.85        	0.04252     	0.05259     	0.03149     
1           	711         	9.7         	0.04214     	0.0519      	0.03146     
1           	712         	9.7         	0.04139     	0.05048     	0.03147     
1           	713         	9.7         	0.04162     	0.05106     	0.03127     
1           	714         	9.65        	0.04221     	0.05194     	0.03159     
1           	715         	9.6         	0.04173     	0.05214     	0.03034     
1           	716         	9.65        	0.04175     	0.05291     	0.0295      
1           	717         	9.6         	0.04317     	0.05177     	0.0337      
1           	718         	9.6         	0.04177     	0.05126     	0.03128     
1           	719         	9.65        	0.04122     	0.04985     	0.0317      
1           	720         	9.7         	0.04172     	0.05072     	0.03183     
1           	721         	9.7         	0.04257     	0.05183     	0.03246     
1           	722         	9.6         	0.04301     	0.05212     	0.03304     
1           	723         	9.65        	0.04303     	0.05228     	0.03289     
1           	724         	9.75        	0.04374     	0.05319     	0.03338     
1           	725         	9.65        	0.04549     	0.05484     	0.03524     
1           	726         	9.65        	0.04472     	0.0531      	0.03551     
1           	727         	9.65        	0.04368     	0.05173     	0.03488     
1           	728         	9.7         	0.0435      	0.0516      	0.03461     
1           	729         	9.7         	0.04358     	0.05087     	0.03564     
1           	730         	9.75        	0.04536     	0.05182     	0.03834     
1           	731         	9.65        	0.04543     	0.05112     	0.03924     
1           	732         	9.55        	0.04657     	0.05214     	0.04052     
1           	733         	9.5         	0.04743     	0.05353     	0.04077     
1           	734         	9.55        	0.04765     	0.05315     	0.04165     
1           	735         	9.65        	0.04735     	0.05242     	0.0418      
1           	736         	9.7         	0.04771     	0.05405     	0.04079     
1           	737         	9.55        	0.04684     	0.05243     	0.04073     
1           	738         	9.5         	0.04648     	0.05191     	0.04058     
1           	739         	9.65        	0.04676     	0.05213     	0.04091     
1           	740         	9.65        	0.04655     	0.05142     	0.04125     
1           	741         	9.65        	0.04608     	0.05003     	0.0418      
1           	742         	9.8         	0.04604     	0.04794     	0.04397     
1           	743         	9.65        	0.04656     	0.04858     	0.04437     
1           	744         	9.6         	0.046       	0.04724     	0.04467     
1           	745         	9.6         	0.04589     	0.04612     	0.04564     
1           	746         	9.55        	0.04553     	0.04557     	0.04548     
1           	747         	9.55        	0.04425     	0.04367     	0.04487     
1           	748         	9.6         	0.04322     	0.04378     	0.04261     
1           	749         	9.7         	0.04348     	0.04285     	0.04415     
1           	750         	9.65        	0.04387     	0.04338     	0.04439     
1           	751         	9.65        	0.04461     	0.04321     	0.0461      
1           	752         	9.6         	0.04457     	0.04309     	0.04613     
1           	753         	9.6         	0.04424     	0.04232     	0.04626     
1           	754         	9.7         	0.04525     	0.04096     	0.04978     
1           	755         	9.5         	0.04553     	0.04139     	0.0499      
1           	756         	9.5         	0.04581     	0.04184     	0.04999     
1           	757         	9.5         	0.0478      	0.04221     	0.05371     
1           	758         	9.6         	0.04919     	0.04226     	0.05649     
1           	759         	9.6         	0.05019     	0.04153     	0.05929     
1           	760         	9.6         	0.04886     	0.03984     	0.05831     
1           	761         	9.6         	0.04864     	0.0407      	0.05701     
1           	762         	9.55        	0.04842     	0.04096     	0.05624     
1           	763         	9.55        	0.04871     	0.03901     	0.05889     
1           	764         	9.5         	0.04842     	0.03727     	0.0601      
1           	765         	9.5         	0.04945     	0.03836     	0.06111     
1           	766         	9.55        	0.05121     	0.03988     	0.06318     
1           	767         	9.7         	0.05048     	0.03776     	0.06387     
1           	768         	9.55        	0.05117     	0.03888     	0.0641      
1           	769         	9.5         	0.05152     	0.03865     	0.06503     
1           	770         	9.55        	0.05158     	0.03905     	0.06475     
1           	771         	9.55        	0.05255     	0.03975     	0.06596     
1           	772         	9.55        	0.05133     	0.03845     	0.0649      
1           	773         	9.5         	0.05133     	0.03977     	0.06362     
1           	774         	9.55        	0.05288     	0.0407      	0.06584     
1           	775         	9.55        	0.05288     	0.03878     	0.06787     
1           	776         	9.5         	0.05229     	0.03833     	0.0672      
1           	777         	9.6         	0.05287     	0.03761     	0.06917     
1           	778         	9.55        	0.0547      	0.03881     	0.07165     
1           	779         	9.55        	0.05407     	0.03762     	0.07158     
1           	780         	9.55        	0.05735     	0.03734     	0.0786      
1           	781         	9.4         	0.05731     	0.03577     	0.08015     
1           	782         	9.5         	0.05583     	0.03378     	0.07904     
1           	783         	9.55        	0.05652     	0.03366     	0.08072     
1           	784         	9.55        	0.05625     	0.03267     	0.08114     
1           	785         	9.5         	0.05446     	0.03204     	0.07828     
1           	786         	9.45        	0.05389     	0.03108     	0.07815     
1           	787         	9.45        	0.05494     	0.0322      	0.07901     
1           	788         	9.55        	0.05435     	0.03257     	0.0773      
1           	789         	9.6         	0.05325     	0.0308      	0.07703     
1           	790         	9.65        	0.05361     	0.03134     	0.07716     
1           	791         	9.65        	0.05168     	0.03159     	0.07298     
1           	792         	9.65        	0.0507      	0.03237     	0.07015     
1           	793         	9.55        	0.05276     	0.03394     	0.07287     
1           	794         	9.55        	0.05283     	0.03363     	0.07333     
1           	795         	9.45        	0.05236     	0.03427     	0.07157     
1           	796         	9.35        	0.05349     	0.03551     	0.07253     
1           	797         	9.45        	0.05359     	0.03752     	0.07066     
1           	798         	9.45        	0.05358     	0.03817     	0.06996     
1           	799         	9.4         	0.0531      	0.0382      	0.06893     
1           	800         	9.4         	0.05168     	0.03895     	0.06529     
1           	801         	9.45        	0.04877     	0.03578     	0.06261     
1           	802         	9.3         	0.04838     	0.03484     	0.0628      
1           	803         	9.2         	0.04764     	0.03602     	0.06        
1           	804         	9.2         	0.04887     	0.03761     	0.06085     
1           	805         	9.35        	0.05004     	0.03824     	0.06251     
1           	806         	9.3         	0.05072     	0.03909     	0.06302     
1           	807         	9.35        	0.05176     	0.03839     	0.06598     
1           	808         	9.4         	0.05318     	0.03946     	0.06772     
1           	809         	9.35        	0.05346     	0.04118     	0.06644     
1           	810         	9.45        	0.05511     	0.04222     	0.0688      
1           	811         	9.5         	0.05428     	0.04246     	0.06678     
1           	812         	9.45        	0.0544      	0.0438      	0.0656      
1           	813         	9.35        	0.05506     	0.04361     	0.06714     
1           	814         	9.35        	0.05461     	0.04178     	0.06822     
1           	815         	9.25        	0.05483     	0.04099     	0.06957     
1           	816         	9.35        	0.05403     	0.04087     	0.06796     
1           	817         	9.35        	0.05311     	0.04082     	0.06613     
1           	818         	9.45        	0.05043     	0.03909     	0.06241     
1           	819         	9.45        	0.04998     	0.03855     	0.06209     
1           	820         	9.3         	0.04913     	0.0383      	0.06067     
1           	821         	9.25        	0.04977     	0.03822     	0.06207     
1           	822         	9.35        	0.04991     	0.03775     	0.06292     
1           	823         	9.25        	0.05033     	0.03647     	0.0652      
1           	824         	9.35        	0.05085     	0.03609     	0.06672     
1           	825         	9.15        	0.05186     	0.03697     	0.06795     
1           	826         	9.1         	0.05134     	0.03785     	0.06591     
1           	827         	9.1         	0.0511      	0.03629     	0.06717     
1           	828         	9.15        	0.04991     	0.03467     	0.06645     
1           	829         	9.25        	0.04992     	0.03605     	0.06493     
1           	830         	9.15        	0.04982     	0.03634     	0.06445     
1           	831         	9.15        	0.04947     	0.03685     	0.06313     
1           	832         	9.2         	0.04968     	0.03537     	0.06518     
1           	833         	9.1         	0.04963     	0.03567     	0.06477     
1           	834         	9.2         	0.05072     	0.03658     	0.06593     
1           	835         	9.15        	0.04962     	0.0359      	0.06436     
1           	836         	9.2         	0.05025     	0.03716     	0.06427     
1           	837         	9.1         	0.05115     	0.03869     	0.06449     
1           	838         	9.25        	0.05184     	0.03816     	0.06643     
1           	839         	9.15        	0.05092     	0.038       	0.06466     
1           	840         	9.15        	0.05072     	0.03977     	0.06235     
1           	841         	9.2         	0.05244     	0.04064     	0.06493     
1           	842         	9.25        	0.05162     	0.0423      	0.06145     
1           	843         	9.25        	0.05117     	0.04162     	0.06127     
1           	844         	9.25        	0.05003     	0.04097     	0.0596      
1           	845         	9.3         	0.04917     	0.03798     	0.06096     
1           	846         	9.3         	0.05117     	0.04057     	0.06243     
1           	847         	9.15        	0.04912     	0.039       	0.05988     
1           	848         	9.15        	0.04969     	0.03753     	0.06262     
1           	849         	9.2         	0.04958     	0.03766     	0.06225     
1           	850         	9.1         	0.04805     	0.03527     	0.06167     
1           	851         	9           	0.0481      	0.03719     	0.05977     
1           	852         	9           	0.04757     	0.03778     	0.05805     
1           	853         	9           	0.04866     	0.03902     	0.05892     
1           	854         	8.95        	0.04933     	0.03849     	0.06084     
1           	855         	8.95        	0.05065     	0.03862     	0.06344     
1           	856         	9           	0.05173     	0.03829     	0.06608     
1           	857         	9           	0.04998     	0.03693     	0.06386     
1           	858         	8.9         	0.05019     	0.0354      	0.06581     
1           	859         	8.85        	0.05181     	0.03706     	0.06744     
1           	860         	8.95        	0.05147     	0.03627     	0.06756     
1           	861         	8.95        	0.05289     	0.03843     	0.06815     
1           	862         	8.9         	0.05417     	0.04063     	0.06841     
1           	863         	8.85        	0.05433     	0.04072     	0.06854     
1           	864         	8.9         	0.05429     	0.04239     	0.06673     
1           	865         	8.9         	0.05404     	0.04239     	0.06615     
1           	866         	8.85        	0.05383     	0.04182     	0.0664      
1           	867         	9           	0.05347     	0.03945     	0.06818     
1           	868         	8.9         	0.0576      	0.04062     	0.07559     
1           	869         	8.85        	0.05756     	0.04099     	0.07513     
1           	870         	8.8         	0.0577      	0.04051     	0.076       
1           	871         	8.95        	0.05816     	0.03947     	0.07805     
1           	872         	8.85        	0.05978     	0.03911     	0.08186     
1           	873         	8.85        	0.06082     	0.04069     	0.08241     
1           	874         	9           	0.06038     	0.04213     	0.08008     
1           	875         	9           	0.0601      	0.04144     	0.08027     
1           	876         	9           	0.06025     	0.04212     	0.07987     
1           	877         	8.95        	0.05838     	0.04026     	0.07792     
1           	878         	8.9         	0.05974     	0.04061     	0.08045     
1           	879         	9.05        	0.06052     	0.04135     	0.08129     
1           	880         	9.15        	0.05916     	0.0394      	0.08058     
1           	881         	9.15        	0.05903     	0.04096     	0.0787      
1           	882         	9.05        	0.05717     	0.04083     	0.07484     
1           	883         	9.05        	0.05829     	0.04357     	0.07429     
1           	884         	9.05        	0.05508     	0.04038     	0.07103     
1           	885         	8.9         	0.05387     	0.03949     	0.0695      
1           	886         	9.05        	0.05345     	0.04093     	0.06716     
1           	887         	9.05        	0.0522      	0.04015     	0.06536     
1           	888         	9           	0.0516      	0.03933     	0.06494     
1           	889         	8.95        	0.05046     	0.03948     	0.06235     
1           	890         	8.95        	0.05045     	0.03902     	0.06285     
1           	891         	8.95        	0.04988     	0.03759     	0.06319     
1           	892         	9.05        	0.04903     	0.03661     	0.06245     
1           	893         	9.1         	0.04767     	0.03453     	0.06182     
1           	894         	8.95        	0.04846     	0.03374     	0.06435     
1           	895         	8.95        	0.04775     	0.03597     	0.0605      
1           	896         	8.95        	0.04902     	0.03776     	0.06128     
1           	897         	8.9         	0.04644     	0.037       	0.05674     
1           	898         	8.9         	0.04639     	0.03732     	0.05629     
1           	899         	8.85        	0.04607     	0.03732     	0.05554     
1           	900         	8.85        	0.04783     	0.03852     	0.05794     
1           	901         	8.85        	0.0456      	0.03537     	0.05677     
1           	902         	8.8         	0.04392     	0.03532     	0.0533      
1           	903         	8.8         	0.0449      	0.03609     	0.05444     
1           	904         	8.75        	0.04365     	0.03569     	0.05223     
1           	905         	8.8         	0.04386     	0.03552     	0.05285     
1           	906         	8.8         	0.04223     	0.03503     	0.05001     
1           	907         	8.85        	0.0413      	0.03343     	0.04977     
1           	908         	8.85        	0.04199     	0.03329     	0.05136     
1           	909         	8.9         	0.04114     	0.03281     	0.05007     
1           	910         	8.85        	0.04206     	0.03348     	0.05132     
1           	911         	8.85        	0.04142     	0.03422     	0.04919     
1           	912         	8.85        	0.04197     	0.0351      	0.04935     
1           	913         	8.85        	0.04183     	0.03469     	0.04951     
1           	914         	8.75        	0.0414      	0.03365     	0.04972     
1           	915         	8.7         	0.0415      	0.03398     	0.0496      
1           	916         	8.65        	0.04106     	0.03558     	0.04694     
1           	917         	8.65        	0.04087     	0.03416     	0.04806     
1           	918         	8.6         	0.0415      	0.03474     	0.04865     
1           	919         	8.65        	0.04231     	0.03622     	0.04877     
1           	920         	8.75        	0.04048     	0.03572     	0.04556     
1           	921         	8.65        	0.04092     	0.03521     	0.047       
1           	922         	8.65        	0.04184     	0.03728     	0.04672     
1           	923         	8.65        	0.04263     	0.03793     	0.04765     
1           	924         	8.65        	0.04259     	0.03804     	0.04749     
1           	925         	8.6         	0.04198     	0.03786     	0.04641     
1           	926         	8.65        	0.04022     	0.03698     	0.04372     
1           	927         	8.65        	0.03992     	0.03729     	0.04276     
1           	928         	8.6         	0.04066     	0.03771     	0.04384     
1           	929         	8.7         	0.04028     	0.03629     	0.04458     
1           	930         	8.65        	0.04134     	0.03617     	0.04687     
1           	931         	8.6         	0.04355     	0.03738     	0.05013     
1           	932         	8.65        	0.04463     	0.03665     	0.05316     
1           	933         	8.7         	0.0453      	0.03697     	0.0542      
1           	934         	8.6         	0.04509     	0.03671     	0.05404     
1           	935         	8.6         	0.04485     	0.03698     	0.05327     
1           	936         	8.65        	0.0446      	0.03508     	0.05479     
1           	937         	8.65        	0.04588     	0.0358      	0.05668     
1           	938         	8.6         	0.04706     	0.03873     	0.056       
1           	939         	8.6         	0.04799     	0.03958     	0.05706     
1           	940         	8.6         	0.04725     	0.04007     	0.05496     
1           	941         	8.65        	0.04773     	0.03967     	0.05637     
1           	942         	8.6         	0.04825     	0.03895     	0.05823     
1           	943         	8.6         	0.0483      	0.03893     	0.0583      
1           	944         	8.65        	0.04877     	0.03764     	0.06062     
1           	945         	8.6         	0.0495      	0.03888     	0.06076     
1           	946         	8.7         	0.04841     	0.0395      	0.05782     
1           	947         	8.7         	0.04751     	0.03855     	0.05696     
1           	948         	8.7         	0.04714     	0.03816     	0.05658     
1           	949         	8.8         	0.04837     	0.0364      	0.06096     
1           	950         	8.7         	0.04712     	0.03466     	0.06021     
1           	951         	8.8         	0.04592     	0.03323     	0.05922     
1           	952         	8.85        	0.04458     	0.03127     	0.05857     
1           	953         	8.7         	0.04335     	0.03109     	0.05624     
1           	954         	8.6         	0.04446     	0.03189     	0.05775     
1           	955         	8.6         	0.04454     	0.03221     	0.05753     
1           	956         	8.6         	0.04678     	0.03439     	0.0598      
1           	957         	8.55        	0.0465      	0.03535     	0.05825     
1           	958         	8.4         	0.04762     	0.03462     	0.06126     
1           	959         	8.35        	0.04742     	0.03614     	0.05921     
1           	960         	8.35        	0.04709     	0.03757     	0.05704     
1           	961         	8.45        	0.04548     	0.03592     	0.05554     
1           	962         	8.35        	0.04492     	0.03588     	0.05444     
1           	963         	8.3         	0.04634     	0.03763     	0.05555     
1           	964         	8.35        	0.04573     	0.03814     	0.0538      
1           	965         	8.5         	0.04577     	0.0379      	0.05415     
1           	966         	8.45        	0.04397     	0.03568     	0.05284     
1           	967         	8.5         	0.04434     	0.03698     	0.05224     
1           	968         	8.6         	0.04469     	0.03692     	0.05303     
1           	969         	8.55        	0.04599     	0.03769     	0.05493     
1           	970         	8.6         	0.0451      	0.0361      	0.05476     
1           	971         	8.6         	0.04649     	0.03667     	0.05709     
1           	972         	8.55        	0.04484     	0.03661     	0.05371     
1           	973         	8.45        	0.04574     	0.03676     	0.05539     
1           	974         	8.45        	0.04748     	0.03847     	0.05719     
1           	975         	8.4         	0.04751     	0.03868     	0.05708     
1           	976         	8.4         	0.04829     	0.03877     	0.05862     
1           	977         	8.5         	0.04837     	0.03865     	0.05886     
1           	978         	8.45        	0.04839     	0.03954     	0.05794     
1           	979         	8.45        	0.04944     	0.03891     	0.06075     
1           	980         	8.4         	0.04976     	0.03908     	0.06119     
1           	981         	8.4         	0.04878     	0.03972     	0.05847     
1           	982         	8.4         	0.04975     	0.03902     	0.06121     
1           	983         	8.4         	0.04923     	0.03731     	0.06191     
1           	984         	8.45        	0.04791     	0.0363      	0.06029     
1           	985         	8.45        	0.05004     	0.03901     	0.06178     
1           	986         	8.45        	0.0488      	0.03702     	0.06132     
1           	987         	8.4         	0.04884     	0.03622     	0.06228     
1           	988         	8.35        	0.04859     	0.03636     	0.06162     
1           	989         	8.35        	0.0477      	0.03548     	0.06073     
1           	990         	8.35        	0.04833     	0.035       	0.06253     
1           	991         	8.45        	0.04758     	0.03505     	0.06094     
1           	992         	8.45        	0.04726     	0.03455     	0.06078     
1           	993         	8.45        	0.04958     	0.03748     	0.06241     
1           	994         	8.5         	0.04907     	0.03867     	0.06017     
1           	995         	8.45        	0.04864     	0.03809     	0.05984     
1           	996         	8.55        	0.0483      	0.03821     	0.05904     
1           	997         	8.6         	0.0497      	0.03811     	0.06209     
1           	998         	8.55        	0.04945     	0.03609     	0.06371     
1           	999         	8.55        	0.04983     	0.0374      	0.06307     
1           	1000        	8.55        	0.04955     	0.03751     	0.06243     
