generation  	alive.rpl   	n.adlt.nbAll	n.adlt.fst  	n.adlt.fst_l1	n.adlt.fst_l2
1           	1           	5.5         	0.5059      	1           	8.828e-05   
2           	1           	7.9         	0.4989      	0.9856      	0.0005624   
3           	1           	8.6         	0.4943      	0.9763      	0.0007107   
4           	1           	9.25        	0.4884      	0.9644      	0.001197    
5           	1           	9.7         	0.4834      	0.9542      	0.001591    
6           	1           	9.5         	0.4762      	0.9396      	0.001939    
7           	1           	9.85        	0.4712      	0.9293      	0.002163    
8           	1           	9.75        	0.4688      	0.9241      	0.002633    
9           	1           	9.9         	0.4644      	0.9146      	0.003066    
10          	1           	9.65        	0.4589      	0.9036      	0.003297    
11          	1           	9.6         	0.4566      	0.8986      	0.004009    
12          	1           	9.7         	0.4504      	0.8861      	0.004398    
13          	1           	9.95        	0.4445      	0.8732      	0.005304    
14          	1           	9.9         	0.4414      	0.867       	0.005578    
15          	1           	9.8         	0.4381      	0.86        	0.006078    
16          	1           	9.95        	0.4336      	0.8506      	0.006564    
17          	1           	9.95        	0.4294      	0.8418      	0.006856    
18          	1           	9.95        	0.4283      	0.8391      	0.007262    
19          	1           	9.95        	0.4231      	0.828       	0.008192    
20          	1           	10          	0.4181      	0.8176      	0.008592    
21          	1           	9.95        	0.4142      	0.8095      	0.008882    
22          	1           	9.95        	0.408       	0.7967      	0.009133    
23          	1           	9.95        	0.4032      	0.7873      	0.00896     
24          	1           	9.9         	0.3987      	0.7787      	0.009434    
25          	1           	9.9         	0.3978      	0.7769      	0.009232    
26          	1           	9.9         	0.3926      	0.7662      	0.009702    
27          	1           	9.95        	0.3868      	0.7544      	0.01049     
28          	1           	10          	0.383       	0.7451      	0.01177     
29          	1           	10          	0.3811      	0.7412      	0.01123     
30          	1           	9.95        	0.3774      	0.734       	0.01106     
31          	1           	9.95        	0.3739      	0.7273      	0.01057     
32          	1           	10          	0.3706      	0.7195      	0.01157     
33          	1           	10          	0.3658      	0.7108      	0.01083     
34          	1           	10          	0.3652      	0.7096      	0.01107     
35          	1           	10          	0.3614      	0.702       	0.01093     
36          	1           	10          	0.3586      	0.6966      	0.01078     
37          	1           	10          	0.3568      	0.6924      	0.01113     
38          	1           	10          	0.3553      	0.6883      	0.0122      
39          	1           	10          	0.3533      	0.6852      	0.0116      
40          	1           	10          	0.3495      	0.6782      	0.01163     
41          	1           	10          	0.3484      	0.6756      	0.01208     
42          	1           	10          	0.346       	0.6696      	0.013       
43          	1           	9.95        	0.3442      	0.6663      	0.01325     
44          	1           	9.95        	0.3402      	0.6589      	0.01299     
45          	1           	9.95        	0.3354      	0.6495      	0.01309     
46          	1           	9.9         	0.3317      	0.6418      	0.01342     
47          	1           	9.95        	0.3314      	0.6422      	0.01281     
48          	1           	9.9         	0.3279      	0.6346      	0.01307     
49          	1           	9.95        	0.3268      	0.6317      	0.01401     
50          	1           	10          	0.3264      	0.6309      	0.01403     
51          	1           	9.9         	0.3253      	0.6285      	0.01437     
52          	1           	10          	0.3192      	0.6167      	0.01447     
53          	1           	9.95        	0.3131      	0.6047      	0.01455     
54          	1           	9.95        	0.3088      	0.5951      	0.0157      
55          	1           	9.95        	0.307       	0.5918      	0.01494     
56          	1           	9.9         	0.3049      	0.588       	0.01462     
57          	1           	9.9         	0.3045      	0.5863      	0.01564     
58          	1           	9.9         	0.3041      	0.5849      	0.01649     
59          	1           	9.9         	0.3008      	0.5775      	0.01712     
60          	1           	9.9         	0.2935      	0.5629      	0.01776     
61          	1           	9.9         	0.2891      	0.5556      	0.01622     
62          	1           	9.95        	0.2848      	0.5468      	0.01646     
63          	1           	9.9         	0.2861      	0.5495      	0.01621     
64          	1           	10          	0.292       	0.5605      	0.01634     
65          	1           	10          	0.2854      	0.548       	0.01596     
66          	1           	10          	0.2834      	0.5442      	0.01578     
67          	1           	10          	0.2788      	0.5356      	0.01575     
68          	1           	10          	0.2714      	0.5209      	0.01587     
69          	1           	10          	0.2667      	0.511       	0.01684     
70          	1           	9.95        	0.2636      	0.5043      	0.01729     
71          	1           	9.95        	0.2568      	0.4909      	0.01722     
72          	1           	9.95        	0.2486      	0.4744      	0.01778     
73          	1           	10          	0.2485      	0.4742      	0.01786     
74          	1           	10          	0.2458      	0.4695      	0.0171      
75          	1           	10          	0.2443      	0.4665      	0.01736     
76          	1           	10          	0.2445      	0.4657      	0.01865     
77          	1           	10          	0.2405      	0.459       	0.01745     
78          	1           	10          	0.236       	0.4509      	0.01693     
79          	1           	10          	0.2312      	0.4417      	0.01639     
80          	1           	10          	0.2316      	0.4426      	0.01627     
81          	1           	10          	0.2291      	0.4385      	0.01555     
82          	1           	10          	0.2226      	0.4255      	0.01533     
83          	1           	10          	0.2212      	0.423       	0.01511     
84          	1           	10          	0.2171      	0.4142      	0.01538     
85          	1           	10          	0.2162      	0.4133      	0.0148      
86          	1           	10          	0.2143      	0.4099      	0.01424     
87          	1           	10          	0.2113      	0.4044      	0.01388     
88          	1           	10          	0.2066      	0.3953      	0.01383     
89          	1           	10          	0.2021      	0.3868      	0.01344     
90          	1           	10          	0.1969      	0.3753      	0.01431     
91          	1           	10          	0.196       	0.3736      	0.01433     
92          	1           	10          	0.1961      	0.3738      	0.01411     
93          	1           	10          	0.2008      	0.3824      	0.015       
94          	1           	10          	0.1975      	0.3748      	0.01576     
95          	1           	10          	0.1946      	0.369       	0.01557     
96          	1           	10          	0.1908      	0.3607      	0.01635     
97          	1           	10          	0.194       	0.3673      	0.01627     
98          	1           	10          	0.1922      	0.3628      	0.01738     
99          	1           	10          	0.1915      	0.3612      	0.01777     
100         	1           	10          	0.1882      	0.3548      	0.01767     
101         	1           	10          	0.1916      	0.362       	0.01714     
102         	1           	10          	0.1904      	0.3592      	0.01764     
103         	1           	10          	0.1866      	0.3517      	0.01796     
104         	1           	10          	0.1848      	0.3469      	0.01918     
105         	1           	10          	0.1813      	0.341       	0.01827     
106         	1           	10          	0.179       	0.3356      	0.01921     
107         	1           	10          	0.1759      	0.3287      	0.02001     
108         	1           	10          	0.175       	0.3262      	0.02063     
109         	1           	10          	0.1767      	0.3288      	0.02122     
110         	1           	10          	0.1727      	0.3206      	0.02162     
111         	1           	10          	0.1741      	0.3229      	0.02226     
112         	1           	10          	0.1742      	0.3237      	0.0217      
113         	1           	10          	0.1705      	0.317       	0.02109     
114         	1           	10          	0.1719      	0.319       	0.02181     
115         	1           	10          	0.17        	0.3148      	0.02207     
116         	1           	10          	0.1709      	0.3158      	0.02296     
117         	1           	10          	0.17        	0.3139      	0.02283     
118         	1           	10          	0.1686      	0.3116      	0.02259     
119         	1           	10          	0.1663      	0.3076      	0.02211     
120         	1           	10          	0.163       	0.3003      	0.02273     
121         	1           	10          	0.161       	0.2963      	0.02275     
122         	1           	10          	0.1618      	0.298       	0.02247     
123         	1           	10          	0.1594      	0.2926      	0.02327     
124         	1           	10          	0.1563      	0.2863      	0.02331     
125         	1           	9.95        	0.1548      	0.2838      	0.02311     
126         	1           	9.95        	0.1546      	0.282       	0.0248      
127         	1           	9.95        	0.1532      	0.2787      	0.02508     
128         	1           	10          	0.1525      	0.2767      	0.0258      
129         	1           	10          	0.1521      	0.2758      	0.0259      
130         	1           	10          	0.1515      	0.2735      	0.02725     
131         	1           	10          	0.1505      	0.2722      	0.02646     
132         	1           	10          	0.1489      	0.2688      	0.02668     
133         	1           	10          	0.1454      	0.2629      	0.02555     
134         	1           	10          	0.1452      	0.2616      	0.02668     
135         	1           	10          	0.1465      	0.2642      	0.02682     
136         	1           	10          	0.1479      	0.2654      	0.02821     
137         	1           	10          	0.1484      	0.2662      	0.02813     
138         	1           	10          	0.1493      	0.2674      	0.02865     
139         	1           	10          	0.1495      	0.267       	0.02953     
140         	1           	10          	0.1538      	0.2755      	0.02944     
141         	1           	10          	0.1524      	0.272       	0.03005     
142         	1           	10          	0.1526      	0.2724      	0.03031     
143         	1           	10          	0.1497      	0.2667      	0.03015     
144         	1           	10          	0.1522      	0.2734      	0.02848     
145         	1           	10          	0.1537      	0.2764      	0.02826     
146         	1           	10          	0.1512      	0.2727      	0.02691     
147         	1           	10          	0.1499      	0.2714      	0.02555     
148         	1           	10          	0.1471      	0.2658      	0.02568     
149         	1           	10          	0.1413      	0.2541      	0.02591     
150         	1           	10          	0.1415      	0.2549      	0.02562     
151         	1           	10          	0.1431      	0.2555      	0.02819     
152         	1           	10          	0.139       	0.2475      	0.02792     
153         	1           	10          	0.1392      	0.2481      	0.02797     
154         	1           	10          	0.1371      	0.2443      	0.02775     
155         	1           	10          	0.1374      	0.2453      	0.02708     
156         	1           	10          	0.1362      	0.2436      	0.02663     
157         	1           	10          	0.1364      	0.243       	0.02774     
158         	1           	10          	0.1357      	0.2412      	0.02822     
159         	1           	10          	0.1333      	0.2347      	0.03014     
160         	1           	10          	0.1313      	0.2297      	0.03103     
161         	1           	10          	0.1312      	0.2305      	0.02998     
162         	1           	10          	0.1335      	0.2349      	0.03022     
163         	1           	10          	0.1331      	0.233       	0.03135     
164         	1           	10          	0.132       	0.2307      	0.03132     
165         	1           	10          	0.1317      	0.2313      	0.03014     
166         	1           	10          	0.1299      	0.2278      	0.03009     
167         	1           	10          	0.1271      	0.2231      	0.02909     
168         	1           	10          	0.1264      	0.2217      	0.02903     
169         	1           	10          	0.1228      	0.2152      	0.02845     
170         	1           	10          	0.1214      	0.2125      	0.02862     
171         	1           	10          	0.1165      	0.2023      	0.02916     
172         	1           	10          	0.1138      	0.1977      	0.02839     
173         	1           	10          	0.1138      	0.1966      	0.02954     
174         	1           	10          	0.1111      	0.1905      	0.0303      
175         	1           	10          	0.1118      	0.1926      	0.02964     
176         	1           	9.95        	0.1131      	0.1946      	0.03033     
177         	1           	9.95        	0.1094      	0.1874      	0.03032     
178         	1           	10          	0.1077      	0.1847      	0.02959     
179         	1           	10          	0.1076      	0.1829      	0.03123     
180         	1           	10          	0.1046      	0.1776      	0.0306      
181         	1           	10          	0.1041      	0.1774      	0.02965     
182         	1           	10          	0.1046      	0.178       	0.03005     
183         	1           	10          	0.1032      	0.174       	0.03135     
184         	1           	10          	0.1031      	0.1738      	0.03148     
185         	1           	10          	0.104       	0.1753      	0.03161     
186         	1           	10          	0.1033      	0.1738      	0.03172     
187         	1           	10          	0.1041      	0.1766      	0.03049     
188         	1           	10          	0.1023      	0.1739      	0.0298      
189         	1           	10          	0.1045      	0.1773      	0.0307      
190         	1           	10          	0.102       	0.1721      	0.03098     
191         	1           	10          	0.104       	0.1756      	0.03144     
192         	1           	10          	0.1023      	0.1729      	0.03084     
193         	1           	10          	0.0991      	0.1663      	0.03097     
194         	1           	10          	0.09698     	0.1623      	0.03087     
195         	1           	10          	0.09697     	0.1609      	0.03225     
196         	1           	10          	0.09683     	0.1608      	0.03204     
197         	1           	10          	0.09978     	0.1662      	0.03245     
198         	1           	10          	0.09946     	0.1636      	0.03453     
199         	1           	10          	0.09812     	0.1624      	0.03298     
200         	1           	10          	0.09698     	0.1606      	0.03255     
201         	1           	10          	0.09612     	0.1595      	0.03196     
202         	1           	10          	0.09514     	0.1577      	0.03187     
203         	1           	10          	0.09586     	0.1592      	0.03168     
204         	1           	10          	0.09791     	0.1634      	0.03152     
205         	1           	10          	0.09697     	0.1606      	0.03244     
206         	1           	10          	0.09605     	0.1594      	0.03187     
207         	1           	10          	0.09737     	0.1607      	0.03323     
208         	1           	10          	0.09686     	0.1577      	0.03524     
209         	1           	10          	0.09516     	0.1547      	0.03497     
210         	1           	10          	0.09367     	0.1508      	0.03596     
211         	1           	10          	0.09638     	0.1538      	0.03837     
212         	1           	10          	0.09525     	0.1518      	0.03807     
213         	1           	10          	0.09455     	0.1513      	0.03724     
214         	1           	10          	0.09331     	0.1469      	0.03911     
215         	1           	10          	0.09134     	0.144       	0.03813     
216         	1           	10          	0.08971     	0.1412      	0.03758     
217         	1           	10          	0.09088     	0.1448      	0.03629     
218         	1           	10          	0.089       	0.1414      	0.03602     
219         	1           	10          	0.08685     	0.1373      	0.03587     
220         	1           	10          	0.08891     	0.1409      	0.03628     
221         	1           	10          	0.08974     	0.1422      	0.03659     
222         	1           	10          	0.08722     	0.1384      	0.03536     
223         	1           	10          	0.08706     	0.1388      	0.03456     
224         	1           	10          	0.08576     	0.1364      	0.03439     
225         	1           	10          	0.08398     	0.1315      	0.03582     
226         	1           	10          	0.08442     	0.1329      	0.03537     
227         	1           	10          	0.08212     	0.1268      	0.03692     
228         	1           	10          	0.0812      	0.1243      	0.03762     
229         	1           	10          	0.07825     	0.1183      	0.03778     
230         	1           	10          	0.07757     	0.1177      	0.03693     
231         	1           	10          	0.0771      	0.1176      	0.03599     
232         	1           	10          	0.07522     	0.1144      	0.03549     
233         	1           	10          	0.0734      	0.111       	0.0353      
234         	1           	10          	0.0741      	0.1121      	0.03561     
235         	1           	10          	0.07517     	0.114       	0.03585     
236         	1           	10          	0.07276     	0.1106      	0.0345      
237         	1           	10          	0.07162     	0.1091      	0.03365     
238         	1           	10          	0.06943     	0.1049      	0.03352     
239         	1           	10          	0.068       	0.1032      	0.03231     
240         	1           	10          	0.06698     	0.1023      	0.03123     
241         	1           	10          	0.06634     	0.1016      	0.03059     
242         	1           	10          	0.06865     	0.1053      	0.03159     
243         	1           	10          	0.06614     	0.1011      	0.03082     
244         	1           	10          	0.06708     	0.1021      	0.03161     
245         	1           	10          	0.06649     	0.1005      	0.03208     
246         	1           	10          	0.06509     	0.09744     	0.0324      
247         	1           	9.95        	0.06482     	0.09807     	0.03123     
248         	1           	9.95        	0.06479     	0.09888     	0.03031     
249         	1           	10          	0.06234     	0.09436     	0.02998     
250         	1           	10          	0.06141     	0.09277     	0.02967     
251         	1           	10          	0.06117     	0.09153     	0.03046     
252         	1           	10          	0.06089     	0.09141     	0.02998     
253         	1           	10          	0.06023     	0.08908     	0.03101     
254         	1           	10          	0.06151     	0.09044     	0.03225     
255         	1           	9.95        	0.0603      	0.08814     	0.03215     
256         	1           	10          	0.05781     	0.08414     	0.03117     
257         	1           	10          	0.05804     	0.08417     	0.03157     
258         	1           	10          	0.05638     	0.08197     	0.03042     
259         	1           	10          	0.05623     	0.08275     	0.02931     
260         	1           	10          	0.05514     	0.08124     	0.02864     
261         	1           	10          	0.05631     	0.0827      	0.02952     
262         	1           	10          	0.05567     	0.08122     	0.02971     
263         	1           	10          	0.05571     	0.08097     	0.03005     
264         	1           	10          	0.05907     	0.08522     	0.0325      
265         	1           	10          	0.05868     	0.08337     	0.03356     
266         	1           	10          	0.05786     	0.08088     	0.03447     
267         	1           	9.95        	0.05698     	0.08118     	0.03235     
268         	1           	9.95        	0.05716     	0.08251     	0.03132     
269         	1           	10          	0.05659     	0.08326     	0.0294      
270         	1           	10          	0.05698     	0.08236     	0.03111     
271         	1           	10          	0.05694     	0.08252     	0.03088     
272         	1           	10          	0.05668     	0.08166     	0.0312      
273         	1           	10          	0.05671     	0.08181     	0.03113     
274         	1           	10          	0.0572      	0.08287     	0.03105     
275         	1           	10          	0.05625     	0.08051     	0.03155     
276         	1           	10          	0.05738     	0.08083     	0.03353     
277         	1           	10          	0.05807     	0.08104     	0.0347      
278         	1           	10          	0.05846     	0.08209     	0.03441     
279         	1           	10          	0.05928     	0.08185     	0.03633     
280         	1           	10          	0.05894     	0.08095     	0.03652     
281         	1           	10          	0.05749     	0.07885     	0.03575     
282         	1           	10          	0.06021     	0.08397     	0.03605     
283         	1           	10          	0.05956     	0.08229     	0.03643     
284         	1           	10          	0.05871     	0.08008     	0.03693     
285         	1           	10          	0.05856     	0.07915     	0.03757     
286         	1           	10          	0.05817     	0.07802     	0.03793     
287         	1           	10          	0.05789     	0.07798     	0.03734     
288         	1           	10          	0.05791     	0.07836     	0.03701     
289         	1           	10          	0.05796     	0.07782     	0.03766     
290         	1           	10          	0.0579      	0.07671     	0.03866     
291         	1           	10          	0.05729     	0.07583     	0.03835     
292         	1           	10          	0.05707     	0.07587     	0.03789     
293         	1           	10          	0.05759     	0.07698     	0.03784     
294         	1           	10          	0.05516     	0.07299     	0.03697     
295         	1           	10          	0.056       	0.07493     	0.0367      
296         	1           	10          	0.0551      	0.07453     	0.03531     
297         	1           	10          	0.05507     	0.07491     	0.03488     
298         	1           	10          	0.05458     	0.07532     	0.03343     
299         	1           	10          	0.0559      	0.0763      	0.03507     
300         	1           	10          	0.0564      	0.07846     	0.03387     
301         	1           	10          	0.05655     	0.07996     	0.03264     
302         	1           	10          	0.05589     	0.07958     	0.03169     
303         	1           	10          	0.05624     	0.08014     	0.03181     
304         	1           	10          	0.05437     	0.07742     	0.03082     
305         	1           	10          	0.05616     	0.08174     	0.03003     
306         	1           	10          	0.05385     	0.078       	0.0292      
307         	1           	10          	0.05344     	0.07656     	0.02986     
308         	1           	10          	0.0526      	0.07365     	0.03115     
309         	1           	10          	0.05199     	0.07436     	0.0292      
310         	1           	10          	0.05133     	0.07391     	0.02832     
311         	1           	10          	0.05237     	0.07561     	0.02872     
312         	1           	10          	0.05102     	0.07408     	0.02753     
313         	1           	10          	0.05069     	0.07304     	0.02791     
314         	1           	10          	0.0489      	0.06956     	0.02782     
315         	1           	10          	0.04765     	0.06706     	0.02786     
316         	1           	10          	0.04729     	0.06797     	0.02623     
317         	1           	10          	0.04748     	0.06875     	0.02582     
318         	1           	10          	0.04816     	0.06996     	0.02596     
319         	1           	10          	0.04717     	0.06697     	0.02699     
320         	1           	10          	0.04784     	0.06829     	0.027       
321         	1           	10          	0.04716     	0.06621     	0.02772     
322         	1           	10          	0.04698     	0.06631     	0.02725     
323         	1           	10          	0.04678     	0.0652      	0.02797     
324         	1           	10          	0.04783     	0.06698     	0.02824     
325         	1           	10          	0.04819     	0.06749     	0.02845     
326         	1           	10          	0.04808     	0.06765     	0.02806     
327         	1           	10          	0.04754     	0.06745     	0.02713     
328         	1           	10          	0.04687     	0.06669     	0.02654     
329         	1           	10          	0.04648     	0.06643     	0.02601     
330         	1           	10          	0.04708     	0.06773     	0.02589     
331         	1           	10          	0.04733     	0.06834     	0.02574     
332         	1           	10          	0.04734     	0.06768     	0.02646     
333         	1           	10          	0.04861     	0.06769     	0.02898     
334         	1           	10          	0.04943     	0.06935     	0.02894     
335         	1           	10          	0.04862     	0.06944     	0.0272      
336         	1           	10          	0.04747     	0.06779     	0.02655     
337         	1           	10          	0.04579     	0.06504     	0.02593     
338         	1           	10          	0.04507     	0.0641      	0.02545     
339         	1           	10          	0.04514     	0.06384     	0.02586     
340         	1           	10          	0.04536     	0.064       	0.02614     
341         	1           	10          	0.04585     	0.06576     	0.02536     
342         	1           	10          	0.0469      	0.0672      	0.02602     
343         	1           	10          	0.04702     	0.06843     	0.02494     
344         	1           	10          	0.04547     	0.06485     	0.0255      
345         	1           	10          	0.04523     	0.06429     	0.02559     
346         	1           	10          	0.04391     	0.06224     	0.02507     
347         	1           	10          	0.04223     	0.05922     	0.02472     
348         	1           	10          	0.04262     	0.05828     	0.02645     
349         	1           	10          	0.04308     	0.0578      	0.02789     
350         	1           	10          	0.04262     	0.05684     	0.02797     
351         	1           	10          	0.0437      	0.05831     	0.02866     
352         	1           	10          	0.04265     	0.05611     	0.02879     
353         	1           	10          	0.04227     	0.05445     	0.02974     
354         	1           	10          	0.04429     	0.05679     	0.03143     
355         	1           	10          	0.04434     	0.05742     	0.03088     
356         	1           	10          	0.04442     	0.05576     	0.03274     
357         	1           	10          	0.04543     	0.05552     	0.03503     
358         	1           	10          	0.04451     	0.05427     	0.03446     
359         	1           	10          	0.04448     	0.05383     	0.03486     
360         	1           	10          	0.04525     	0.05535     	0.03487     
361         	1           	10          	0.04625     	0.05696     	0.03524     
362         	1           	10          	0.04592     	0.05547     	0.03611     
363         	1           	10          	0.04702     	0.05831     	0.03541     
364         	1           	10          	0.04805     	0.05925     	0.03654     
365         	1           	10          	0.0482      	0.0595      	0.03658     
366         	1           	10          	0.04893     	0.06014     	0.03739     
367         	1           	10          	0.04837     	0.05909     	0.03733     
368         	1           	10          	0.04761     	0.0579      	0.03703     
369         	1           	10          	0.04655     	0.05572     	0.03713     
370         	1           	10          	0.04497     	0.05368     	0.03602     
371         	1           	10          	0.04424     	0.05283     	0.03539     
372         	1           	10          	0.04485     	0.0531      	0.03633     
373         	1           	9.95        	0.04367     	0.05252     	0.03454     
374         	1           	9.95        	0.04386     	0.05294     	0.03447     
375         	1           	10          	0.04351     	0.05305     	0.03366     
376         	1           	10          	0.04263     	0.05186     	0.03312     
377         	1           	10          	0.04239     	0.05077     	0.03375     
378         	1           	10          	0.04191     	0.04986     	0.03372     
379         	1           	10          	0.04183     	0.04831     	0.03515     
380         	1           	10          	0.0427      	0.051       	0.03417     
381         	1           	10          	0.04277     	0.05098     	0.03432     
382         	1           	10          	0.04215     	0.05083     	0.03322     
383         	1           	10          	0.04165     	0.04978     	0.0333      
384         	1           	10          	0.04247     	0.05076     	0.03397     
385         	1           	10          	0.04253     	0.05112     	0.03372     
386         	1           	10          	0.04256     	0.05181     	0.03306     
387         	1           	10          	0.04209     	0.0514      	0.03252     
388         	1           	10          	0.04142     	0.05052     	0.03208     
389         	1           	10          	0.04095     	0.04984     	0.03181     
390         	1           	10          	0.04066     	0.04893     	0.03219     
391         	1           	10          	0.03989     	0.04768     	0.03191     
392         	1           	10          	0.03955     	0.04765     	0.03127     
393         	1           	10          	0.03999     	0.04794     	0.03186     
394         	1           	10          	0.03966     	0.04782     	0.03131     
395         	1           	10          	0.03865     	0.04664     	0.03048     
396         	1           	10          	0.03908     	0.04641     	0.0316      
397         	1           	10          	0.03879     	0.04518     	0.03226     
398         	1           	10          	0.03871     	0.04637     	0.03087     
399         	1           	10          	0.03958     	0.04725     	0.03173     
400         	1           	10          	0.03857     	0.04543     	0.03156     
401         	1           	10          	0.03837     	0.04482     	0.03178     
402         	1           	10          	0.03957     	0.04584     	0.03315     
403         	1           	10          	0.03962     	0.04635     	0.03274     
404         	1           	10          	0.03973     	0.04576     	0.03356     
405         	1           	10          	0.03982     	0.04522     	0.03429     
406         	1           	10          	0.03947     	0.04452     	0.0343      
407         	1           	10          	0.03909     	0.04486     	0.03319     
408         	1           	10          	0.03797     	0.04328     	0.03253     
409         	1           	10          	0.03653     	0.0421      	0.03082     
410         	1           	10          	0.03574     	0.04163     	0.0297      
411         	1           	10          	0.0349      	0.04143     	0.02818     
412         	1           	10          	0.03627     	0.04359     	0.02877     
413         	1           	10          	0.03651     	0.04425     	0.0286      
414         	1           	10          	0.03632     	0.04481     	0.02763     
415         	1           	10          	0.03588     	0.04567     	0.02583     
416         	1           	10          	0.03698     	0.04736     	0.02631     
417         	1           	10          	0.03781     	0.04959     	0.02568     
418         	1           	10          	0.03778     	0.04958     	0.02563     
419         	1           	10          	0.03933     	0.05262     	0.02561     
420         	1           	10          	0.03986     	0.05246     	0.02684     
421         	1           	10          	0.03929     	0.05148     	0.02668     
422         	1           	10          	0.03942     	0.05225     	0.02617     
423         	1           	10          	0.04077     	0.05399     	0.0271      
424         	1           	10          	0.04086     	0.05387     	0.02737     
425         	1           	10          	0.04081     	0.05421     	0.02695     
426         	1           	10          	0.04081     	0.05367     	0.02753     
427         	1           	10          	0.04156     	0.05384     	0.02887     
428         	1           	10          	0.04177     	0.05368     	0.02948     
429         	1           	10          	0.04153     	0.05411     	0.02856     
430         	1           	10          	0.04168     	0.05368     	0.0293      
431         	1           	10          	0.04213     	0.05485     	0.02895     
432         	1           	10          	0.04258     	0.05607     	0.02859     
433         	1           	10          	0.04196     	0.05448     	0.02898     
434         	1           	9.95        	0.0401      	0.05306     	0.02668     
435         	1           	10          	0.03954     	0.052       	0.02664     
436         	1           	9.95        	0.04058     	0.05266     	0.02801     
437         	1           	10          	0.04104     	0.05335     	0.02822     
438         	1           	10          	0.04121     	0.05358     	0.02832     
439         	1           	9.95        	0.04045     	0.05067     	0.02982     
440         	1           	10          	0.04077     	0.05148     	0.02959     
441         	1           	10          	0.041       	0.05129     	0.03025     
442         	1           	10          	0.04077     	0.05094     	0.03014     
443         	1           	10          	0.04154     	0.05302     	0.02952     
444         	1           	10          	0.04127     	0.05325     	0.02871     
445         	1           	10          	0.04164     	0.05432     	0.02838     
446         	1           	10          	0.04137     	0.05365     	0.02856     
447         	1           	10          	0.04128     	0.05372     	0.02829     
448         	1           	10          	0.04114     	0.05376     	0.02795     
449         	1           	10          	0.04028     	0.05249     	0.02753     
450         	1           	10          	0.04051     	0.05254     	0.02794     
451         	1           	10          	0.04099     	0.0529      	0.02852     
452         	1           	10          	0.04131     	0.05303     	0.02904     
453         	1           	10          	0.0414      	0.0528      	0.02944     
454         	1           	10          	0.04074     	0.05219     	0.02872     
455         	1           	10          	0.04067     	0.05347     	0.02721     
456         	1           	10          	0.03986     	0.05299     	0.02606     
457         	1           	10          	0.0411      	0.05507     	0.02642     
458         	1           	10          	0.04124     	0.0549      	0.02692     
459         	1           	10          	0.03986     	0.05398     	0.02504     
460         	1           	10          	0.04125     	0.05675     	0.02501     
461         	1           	10          	0.04115     	0.05721     	0.02429     
462         	1           	10          	0.04096     	0.05732     	0.02382     
463         	1           	10          	0.04243     	0.05824     	0.02585     
464         	1           	10          	0.04325     	0.05918     	0.02659     
465         	1           	10          	0.04297     	0.05851     	0.02664     
466         	1           	10          	0.04177     	0.05595     	0.02687     
467         	1           	10          	0.04238     	0.05663     	0.02738     
468         	1           	10          	0.0416      	0.05578     	0.0267      
469         	1           	10          	0.04361     	0.05817     	0.02834     
470         	1           	10          	0.04408     	0.05892     	0.02854     
471         	1           	10          	0.04329     	0.05779     	0.02816     
472         	1           	10          	0.04375     	0.05908     	0.02775     
473         	1           	10          	0.04437     	0.05856     	0.02962     
474         	1           	10          	0.04591     	0.06129     	0.02992     
475         	1           	9.95        	0.0454      	0.06018     	0.03002     
476         	1           	9.95        	0.04454     	0.05961     	0.02887     
477         	1           	10          	0.04438     	0.05867     	0.02947     
478         	1           	10          	0.04463     	0.05926     	0.02938     
479         	1           	10          	0.04347     	0.05829     	0.02799     
480         	1           	10          	0.04457     	0.06023     	0.02828     
481         	1           	10          	0.04466     	0.06105     	0.02763     
482         	1           	10          	0.04326     	0.05862     	0.02726     
483         	1           	10          	0.04257     	0.05709     	0.02742     
484         	1           	10          	0.04446     	0.0611      	0.02712     
485         	1           	10          	0.044       	0.05983     	0.02751     
486         	1           	10          	0.04464     	0.06018     	0.02844     
487         	1           	10          	0.04361     	0.0589      	0.02762     
488         	1           	10          	0.04337     	0.05851     	0.02755     
489         	1           	10          	0.0426      	0.05564     	0.02902     
490         	1           	10          	0.04181     	0.05486     	0.0282      
491         	1           	10          	0.04061     	0.05328     	0.02737     
492         	1           	10          	0.04083     	0.05308     	0.02805     
493         	1           	10          	0.04085     	0.05453     	0.02658     
494         	1           	10          	0.04044     	0.05464     	0.02562     
495         	1           	9.95        	0.04114     	0.05506     	0.02658     
496         	1           	10          	0.04058     	0.05396     	0.02664     
497         	1           	10          	0.04052     	0.0547      	0.02577     
498         	1           	10          	0.03957     	0.05275     	0.02588     
499         	1           	10          	0.03939     	0.0518      	0.02653     
500         	1           	10          	0.03945     	0.05083     	0.02763     
501         	1           	10          	0.03886     	0.05016     	0.02708     
502         	1           	10          	0.03888     	0.05056     	0.0267      
503         	1           	9.95        	0.03906     	0.04986     	0.02777     
504         	1           	10          	0.03829     	0.04989     	0.02616     
505         	1           	9.95        	0.03941     	0.05107     	0.02725     
506         	1           	10          	0.03901     	0.05095     	0.02655     
507         	1           	9.95        	0.03865     	0.05098     	0.02582     
508         	1           	9.95        	0.03883     	0.05013     	0.02704     
509         	1           	10          	0.03822     	0.04882     	0.02713     
510         	1           	10          	0.03838     	0.04807     	0.02828     
511         	1           	10          	0.03909     	0.04812     	0.02969     
512         	1           	10          	0.03895     	0.0473      	0.03025     
513         	1           	10          	0.03754     	0.04531     	0.02944     
514         	1           	10          	0.03779     	0.04461     	0.03069     
515         	1           	9.95        	0.03833     	0.0454      	0.03098     
516         	1           	9.9         	0.0405      	0.0485      	0.03222     
517         	1           	9.95        	0.03982     	0.04875     	0.03058     
518         	1           	9.95        	0.04028     	0.04892     	0.03129     
519         	1           	9.95        	0.04002     	0.04853     	0.03119     
520         	1           	10          	0.03893     	0.04678     	0.03081     
521         	1           	10          	0.0388      	0.04679     	0.03051     
522         	1           	9.95        	0.0382      	0.04734     	0.02867     
523         	1           	9.95        	0.03769     	0.04644     	0.02857     
524         	1           	9.95        	0.03871     	0.04887     	0.02814     
525         	1           	9.95        	0.03916     	0.04837     	0.02957     
526         	1           	10          	0.03969     	0.04879     	0.03022     
527         	1           	10          	0.04039     	0.05006     	0.03027     
528         	1           	9.95        	0.03995     	0.04873     	0.03075     
529         	1           	9.95        	0.03951     	0.04815     	0.03045     
530         	1           	9.95        	0.03919     	0.04738     	0.03064     
531         	1           	10          	0.03883     	0.04696     	0.03032     
532         	1           	10          	0.03887     	0.04625     	0.03114     
533         	1           	10          	0.03903     	0.04678     	0.03091     
534         	1           	10          	0.03689     	0.04325     	0.0302      
535         	1           	10          	0.03731     	0.0445      	0.02974     
536         	1           	10          	0.03738     	0.04574     	0.02861     
537         	1           	10          	0.03726     	0.04468     	0.02949     
538         	1           	10          	0.03636     	0.0439      	0.02848     
539         	1           	9.95        	0.03546     	0.04303     	0.02755     
540         	1           	9.9         	0.03477     	0.04217     	0.02703     
541         	1           	9.95        	0.0342      	0.04192     	0.02613     
542         	1           	10          	0.03578     	0.04372     	0.02746     
543         	1           	10          	0.03642     	0.04379     	0.02868     
544         	1           	9.95        	0.03787     	0.04464     	0.03076     
545         	1           	10          	0.03756     	0.04456     	0.03021     
546         	1           	9.95        	0.03708     	0.04364     	0.03019     
547         	1           	10          	0.03681     	0.04239     	0.03095     
548         	1           	9.95        	0.03573     	0.04012     	0.03113     
549         	1           	9.9         	0.03652     	0.04092     	0.0319      
550         	1           	9.95        	0.03723     	0.04194     	0.03233     
551         	1           	9.95        	0.03756     	0.04268     	0.03221     
552         	1           	9.95        	0.03788     	0.0422      	0.03338     
553         	1           	10          	0.0377      	0.04283     	0.03237     
554         	1           	10          	0.03802     	0.04295     	0.03289     
555         	1           	9.95        	0.03804     	0.04301     	0.03289     
556         	1           	9.95        	0.03844     	0.04375     	0.03295     
557         	1           	9.95        	0.03849     	0.04452     	0.03221     
558         	1           	9.95        	0.03785     	0.0445      	0.03095     
559         	1           	9.95        	0.0377      	0.0447      	0.03042     
560         	1           	9.95        	0.03623     	0.04239     	0.02983     
561         	1           	10          	0.03515     	0.04157     	0.02848     
562         	1           	10          	0.03488     	0.04041     	0.02911     
563         	1           	10          	0.0357      	0.04169     	0.02948     
564         	1           	10          	0.03669     	0.04276     	0.03036     
565         	1           	10          	0.03503     	0.04014     	0.02972     
566         	1           	10          	0.03546     	0.03976     	0.03099     
567         	1           	10          	0.03555     	0.0394      	0.03155     
568         	1           	9.95        	0.03594     	0.03983     	0.0319      
569         	1           	10          	0.03452     	0.03764     	0.0313      
570         	1           	9.95        	0.03525     	0.03813     	0.03227     
571         	1           	9.95        	0.03487     	0.03812     	0.0315      
572         	1           	10          	0.03497     	0.03819     	0.03164     
573         	1           	10          	0.03652     	0.04068     	0.03222     
574         	1           	10          	0.03723     	0.04228     	0.03199     
575         	1           	9.95        	0.03693     	0.04203     	0.03163     
576         	1           	9.95        	0.03716     	0.04325     	0.03084     
577         	1           	9.95        	0.03967     	0.04521     	0.03393     
578         	1           	9.95        	0.03888     	0.04365     	0.03394     
579         	1           	10          	0.0396      	0.04658     	0.03239     
580         	1           	10          	0.03897     	0.0464      	0.03126     
581         	1           	10          	0.03927     	0.04541     	0.03291     
582         	1           	10          	0.0397      	0.0445      	0.03473     
583         	1           	10          	0.03916     	0.04307     	0.03511     
584         	1           	10          	0.03762     	0.04166     	0.03343     
585         	1           	10          	0.03668     	0.04102     	0.03217     
586         	1           	10          	0.03661     	0.04051     	0.03257     
587         	1           	10          	0.03626     	0.0409      	0.03147     
588         	1           	10          	0.03641     	0.04025     	0.03244     
589         	1           	10          	0.03574     	0.03827     	0.03311     
590         	1           	10          	0.03569     	0.03867     	0.03261     
591         	1           	9.95        	0.03485     	0.03668     	0.03295     
592         	1           	10          	0.03541     	0.03819     	0.03252     
593         	1           	10          	0.03515     	0.03685     	0.03339     
594         	1           	9.95        	0.03375     	0.03566     	0.03178     
595         	1           	9.95        	0.03321     	0.03442     	0.03196     
596         	1           	9.95        	0.03398     	0.03522     	0.03271     
597         	1           	10          	0.03323     	0.03524     	0.03116     
598         	1           	10          	0.03428     	0.03636     	0.03214     
599         	1           	10          	0.03305     	0.03523     	0.0308      
600         	1           	10          	0.0327      	0.03566     	0.02963     
601         	1           	10          	0.03324     	0.036       	0.03038     
602         	1           	10          	0.03331     	0.03621     	0.0303      
603         	1           	10          	0.0328      	0.03532     	0.03019     
604         	1           	10          	0.03238     	0.03493     	0.02976     
605         	1           	10          	0.03205     	0.03451     	0.02951     
606         	1           	10          	0.03204     	0.03507     	0.02893     
607         	1           	9.95        	0.03195     	0.03454     	0.02928     
608         	1           	9.95        	0.03109     	0.03361     	0.02848     
609         	1           	9.95        	0.03026     	0.03294     	0.02749     
610         	1           	10          	0.03086     	0.03308     	0.02857     
611         	1           	10          	0.03048     	0.03365     	0.0272      
612         	1           	10          	0.03059     	0.03427     	0.02677     
613         	1           	10          	0.03013     	0.03365     	0.02647     
614         	1           	10          	0.02991     	0.03403     	0.02564     
615         	1           	10          	0.03025     	0.03359     	0.0268      
616         	1           	10          	0.03073     	0.0341      	0.02725     
617         	1           	10          	0.03016     	0.03382     	0.02637     
618         	1           	9.95        	0.0296      	0.03347     	0.02558     
619         	1           	9.95        	0.03021     	0.03306     	0.02724     
620         	1           	10          	0.02958     	0.0316      	0.02748     
621         	1           	9.95        	0.02902     	0.03129     	0.02663     
622         	1           	10          	0.02913     	0.03249     	0.0256      
623         	1           	9.95        	0.02931     	0.03319     	0.02524     
624         	1           	9.95        	0.02955     	0.0334      	0.02553     
625         	1           	9.95        	0.02884     	0.03326     	0.02422     
626         	1           	9.95        	0.028       	0.03203     	0.0238      
627         	1           	9.95        	0.02743     	0.03156     	0.02312     
628         	1           	10          	0.02794     	0.03156     	0.02416     
629         	1           	10          	0.02815     	0.03084     	0.02535     
630         	1           	10          	0.02924     	0.03255     	0.02579     
631         	1           	10          	0.03005     	0.03346     	0.0265      
632         	1           	10          	0.03136     	0.03467     	0.0279      
633         	1           	10          	0.03259     	0.03701     	0.02797     
634         	1           	10          	0.03228     	0.03556     	0.02884     
635         	1           	10          	0.03209     	0.03444     	0.02964     
636         	1           	10          	0.03215     	0.0341      	0.03011     
637         	1           	10          	0.03148     	0.03387     	0.02899     
638         	1           	10          	0.03108     	0.03405     	0.02797     
639         	1           	10          	0.03221     	0.03596     	0.02829     
640         	1           	10          	0.03369     	0.03736     	0.02984     
641         	1           	9.95        	0.03364     	0.03842     	0.02864     
642         	1           	9.95        	0.03326     	0.03778     	0.02854     
643         	1           	9.95        	0.03354     	0.03821     	0.02866     
644         	1           	9.9         	0.03356     	0.03942     	0.02743     
645         	1           	9.9         	0.03354     	0.03848     	0.02836     
646         	1           	9.9         	0.03222     	0.03837     	0.02573     
647         	1           	9.9         	0.03224     	0.03887     	0.02523     
648         	1           	10          	0.03259     	0.0385      	0.02634     
649         	1           	10          	0.03345     	0.03919     	0.0274      
650         	1           	10          	0.03416     	0.04005     	0.02795     
651         	1           	9.95        	0.03391     	0.03954     	0.02799     
652         	1           	9.95        	0.03544     	0.04245     	0.02811     
653         	1           	9.9         	0.03617     	0.04241     	0.02962     
654         	1           	9.9         	0.03622     	0.04239     	0.02975     
655         	1           	9.85        	0.03633     	0.04293     	0.02944     
656         	1           	9.85        	0.03658     	0.04316     	0.02969     
657         	1           	9.85        	0.03818     	0.04491     	0.03113     
658         	1           	9.95        	0.03701     	0.04325     	0.03048     
659         	1           	9.95        	0.03746     	0.04405     	0.03055     
660         	1           	9.85        	0.03787     	0.04479     	0.03065     
661         	1           	9.85        	0.0376      	0.04442     	0.03048     
662         	1           	9.9         	0.03765     	0.04397     	0.03105     
663         	1           	9.9         	0.03755     	0.04332     	0.03153     
664         	1           	9.85        	0.03808     	0.0452      	0.03064     
665         	1           	9.9         	0.03884     	0.0463      	0.03104     
666         	1           	9.9         	0.0379      	0.04405     	0.03146     
667         	1           	9.9         	0.03729     	0.04373     	0.03052     
668         	1           	9.9         	0.0358      	0.04192     	0.02936     
669         	1           	9.9         	0.03593     	0.04165     	0.02993     
670         	1           	9.85        	0.03656     	0.0421      	0.03075     
671         	1           	9.85        	0.03681     	0.04204     	0.03131     
672         	1           	9.9         	0.03603     	0.0429      	0.02878     
673         	1           	9.9         	0.03643     	0.04194     	0.03061     
674         	1           	9.85        	0.0347      	0.03933     	0.02981     
675         	1           	9.95        	0.03417     	0.03851     	0.02958     
676         	1           	9.95        	0.03334     	0.03696     	0.02951     
677         	1           	9.95        	0.03333     	0.03699     	0.02945     
678         	1           	9.85        	0.03298     	0.0371      	0.02861     
679         	1           	9.85        	0.03378     	0.03872     	0.02856     
680         	1           	9.8         	0.03382     	0.03771     	0.02968     
681         	1           	9.8         	0.03391     	0.03834     	0.02918     
682         	1           	9.75        	0.03519     	0.0404      	0.02963     
683         	1           	9.75        	0.03581     	0.04201     	0.02916     
684         	1           	9.75        	0.03622     	0.04223     	0.02978     
685         	1           	9.8         	0.03562     	0.04115     	0.02967     
686         	1           	9.85        	0.03539     	0.04105     	0.02926     
687         	1           	9.8         	0.0361      	0.04188     	0.02986     
688         	1           	9.8         	0.03543     	0.04096     	0.02946     
689         	1           	9.8         	0.03476     	0.04043     	0.02864     
690         	1           	9.8         	0.03438     	0.04081     	0.02741     
691         	1           	9.8         	0.03645     	0.04315     	0.02916     
692         	1           	9.8         	0.03806     	0.04531     	0.03018     
693         	1           	9.75        	0.03771     	0.04541     	0.02939     
694         	1           	9.75        	0.03698     	0.04419     	0.02914     
695         	1           	9.75        	0.03845     	0.04427     	0.03214     
696         	1           	9.75        	0.03694     	0.04359     	0.02972     
697         	1           	9.75        	0.03692     	0.04463     	0.02855     
698         	1           	9.8         	0.03699     	0.04461     	0.02872     
699         	1           	9.8         	0.03678     	0.04346     	0.02951     
700         	1           	9.75        	0.03783     	0.04524     	0.02979     
701         	1           	9.75        	0.03861     	0.04713     	0.02932     
702         	1           	9.8         	0.03809     	0.04686     	0.02855     
703         	1           	9.75        	0.03878     	0.04775     	0.02903     
704         	1           	9.75        	0.0397      	0.04987     	0.0286      
705         	1           	9.8         	0.03938     	0.04951     	0.0283      
706         	1           	9.7         	0.04094     	0.05085     	0.03011     
707         	1           	9.75        	0.04132     	0.05073     	0.03106     
708         	1           	9.7         	0.04047     	0.04989     	0.03018     
709         	1           	9.75        	0.04048     	0.05015     	0.02986     
710         	1           	9.85        	0.04252     	0.05259     	0.03149     
711         	1           	9.7         	0.04214     	0.0519      	0.03146     
712         	1           	9.7         	0.04139     	0.05048     	0.03147     
713         	1           	9.7         	0.04162     	0.05106     	0.03127     
714         	1           	9.65        	0.04221     	0.05194     	0.03159     
715         	1           	9.6         	0.04173     	0.05214     	0.03034     
716         	1           	9.65        	0.04175     	0.05291     	0.0295      
717         	1           	9.6         	0.04317     	0.05177     	0.0337      
718         	1           	9.6         	0.04177     	0.05126     	0.03128     
719         	1           	9.65        	0.04122     	0.04985     	0.0317      
720         	1           	9.7         	0.04172     	0.05072     	0.03183     
721         	1           	9.7         	0.04257     	0.05183     	0.03246     
722         	1           	9.6         	0.04301     	0.05212     	0.03304     
723         	1           	9.65        	0.04303     	0.05228     	0.03289     
724         	1           	9.75        	0.04374     	0.05319     	0.03338     
725         	1           	9.65        	0.04549     	0.05484     	0.03524     
726         	1           	9.65        	0.04472     	0.0531      	0.03551     
727         	1           	9.65        	0.04368     	0.05173     	0.03488     
728         	1           	9.7         	0.0435      	0.0516      	0.03461     
729         	1           	9.7         	0.04358     	0.05087     	0.03564     
730         	1           	9.75        	0.04536     	0.05182     	0.03834     
731         	1           	9.65        	0.04543     	0.05112     	0.03924     
732         	1           	9.55        	0.04657     	0.05214     	0.04052     
733         	1           	9.5         	0.04743     	0.05353     	0.04077     
734         	1           	9.55        	0.04765     	0.05315     	0.04165     
735         	1           	9.65        	0.04735     	0.05242     	0.0418      
736         	1           	9.7         	0.04771     	0.05405     	0.04079     
737         	1           	9.55        	0.04684     	0.05243     	0.04073     
738         	1           	9.5         	0.04648     	0.05191     	0.04058     
739         	1           	9.65        	0.04676     	0.05213     	0.04091     
740         	1           	9.65        	0.04655     	0.05142     	0.04125     
741         	1           	9.65        	0.04608     	0.05003     	0.0418      
742         	1           	9.8         	0.04604     	0.04794     	0.04397     
743         	1           	9.65        	0.04656     	0.04858     	0.04437     
744         	1           	9.6         	0.046       	0.04724     	0.04467     
745         	1           	9.6         	0.04589     	0.04612     	0.04564     
746         	1           	9.55        	0.04553     	0.04557     	0.04548     
747         	1           	9.55        	0.04425     	0.04367     	0.04487     
748         	1           	9.6         	0.04322     	0.04378     	0.04261     
749         	1           	9.7         	0.04348     	0.04285     	0.04415     
750         	1           	9.65        	0.04387     	0.04338     	0.04439     
751         	1           	9.65        	0.04461     	0.04321     	0.0461      
752         	1           	9.6         	0.04457     	0.04309     	0.04613     
753         	1           	9.6         	0.04424     	0.04232     	0.04626     
754         	1           	9.7         	0.04525     	0.04096     	0.04978     
755         	1           	9.5         	0.04553     	0.04139     	0.0499      
756         	1           	9.5         	0.04581     	0.04184     	0.04999     
757         	1           	9.5         	0.0478      	0.04221     	0.05371     
758         	1           	9.6         	0.04919     	0.04226     	0.05649     
759         	1           	9.6         	0.05019     	0.04153     	0.05929     
760         	1           	9.6         	0.04886     	0.03984     	0.05831     
761         	1           	9.6         	0.04864     	0.0407      	0.05701     
762         	1           	9.55        	0.04842     	0.04096     	0.05624     
763         	1           	9.55        	0.04871     	0.03901     	0.05889     
764         	1           	9.5         	0.04842     	0.03727     	0.0601      
765         	1           	9.5         	0.04945     	0.03836     	0.06111     
766         	1           	9.55        	0.05121     	0.03988     	0.06318     
767         	1           	9.7         	0.05048     	0.03776     	0.06387     
768         	1           	9.55        	0.05117     	0.03888     	0.0641      
769         	1           	9.5         	0.05152     	0.03865     	0.06503     
770         	1           	9.55        	0.05158     	0.03905     	0.06475     
771         	1           	9.55        	0.05255     	0.03975     	0.06596     
772         	1           	9.55        	0.05133     	0.03845     	0.0649      
773         	1           	9.5         	0.05133     	0.03977     	0.06362     
774         	1           	9.55        	0.05288     	0.0407      	0.06584     
775         	1           	9.55        	0.05288     	0.03878     	0.06787     
776         	1           	9.5         	0.05229     	0.03833     	0.0672      
777         	1           	9.6         	0.05287     	0.03761     	0.06917     
778         	1           	9.55        	0.0547      	0.03881     	0.07165     
779         	1           	9.55        	0.05407     	0.03762     	0.07158     
780         	1           	9.55        	0.05735     	0.03734     	0.0786      
781         	1           	9.4         	0.05731     	0.03577     	0.08015     
782         	1           	9.5         	0.05583     	0.03378     	0.07904     
783         	1           	9.55        	0.05652     	0.03366     	0.08072     
784         	1           	9.55        	0.05625     	0.03267     	0.08114     
785         	1           	9.5         	0.05446     	0.03204     	0.07828     
786         	1           	9.45        	0.05389     	0.03108     	0.07815     
787         	1           	9.45        	0.05494     	0.0322      	0.07901     
788         	1           	9.55        	0.05435     	0.03257     	0.0773      
789         	1           	9.6         	0.05325     	0.0308      	0.07703     
790         	1           	9.65        	0.05361     	0.03134     	0.07716     
791         	1           	9.65        	0.05168     	0.03159     	0.07298     
792         	1           	9.65        	0.0507      	0.03237     	0.07015     
793         	1           	9.55        	0.05276     	0.03394     	0.07287     
794         	1           	9.55        	0.05283     	0.03363     	0.07333     
795         	1           	9.45        	0.05236     	0.03427     	0.07157     
796         	1           	9.35        	0.05349     	0.03551     	0.07253     
797         	1           	9.45        	0.05359     	0.03752     	0.07066     
798         	1           	9.45        	0.05358     	0.03817     	0.06996     
799         	1           	9.4         	0.0531      	0.0382      	0.06893     
800         	1           	9.4         	0.05168     	0.03895     	0.06529     
801         	1           	9.45        	0.04877     	0.03578     	0.06261     
802         	1           	9.3         	0.04838     	0.03484     	0.0628      
803         	1           	9.2         	0.04764     	0.03602     	0.06        
804         	1           	9.2         	0.04887     	0.03761     	0.06085     
805         	1           	9.35        	0.05004     	0.03824     	0.06251     
806         	1           	9.3         	0.05072     	0.03909     	0.06302     
807         	1           	9.35        	0.05176     	0.03839     	0.06598     
808         	1           	9.4         	0.05318     	0.03946     	0.06772     
809         	1           	9.35        	0.05346     	0.04118     	0.06644     
810         	1           	9.45        	0.05511     	0.04222     	0.0688      
811         	1           	9.5         	0.05428     	0.04246     	0.06678     
812         	1           	9.45        	0.0544      	0.0438      	0.0656      
813         	1           	9.35        	0.05506     	0.04361     	0.06714     
814         	1           	9.35        	0.05461     	0.04178     	0.06822     
815         	1           	9.25        	0.05483     	0.04099     	0.06957     
816         	1           	9.35        	0.05403     	0.04087     	0.06796     
817         	1           	9.35        	0.05311     	0.04082     	0.06613     
818         	1           	9.45        	0.05043     	0.03909     	0.06241     
819         	1           	9.45        	0.04998     	0.03855     	0.06209     
820         	1           	9.3         	0.04913     	0.0383      	0.06067     
821         	1           	9.25        	0.04977     	0.03822     	0.06207     
822         	1           	9.35        	0.04991     	0.03775     	0.06292     
823         	1           	9.25        	0.05033     	0.03647     	0.0652      
824         	1           	9.35        	0.05085     	0.03609     	0.06672     
825         	1           	9.15        	0.05186     	0.03697     	0.06795     
826         	1           	9.1         	0.05134     	0.03785     	0.06591     
827         	1           	9.1         	0.0511      	0.03629     	0.06717     
828         	1           	9.15        	0.04991     	0.03467     	0.06645     
829         	1           	9.25        	0.04992     	0.03605     	0.06493     
830         	1           	9.15        	0.04982     	0.03634     	0.06445     
831         	1           	9.15        	0.04947     	0.03685     	0.06313     
832         	1           	9.2         	0.04968     	0.03537     	0.06518     
833         	1           	9.1         	0.04963     	0.03567     	0.06477     
834         	1           	9.2         	0.05072     	0.03658     	0.06593     
835         	1           	9.15        	0.04962     	0.0359      	0.06436     
836         	1           	9.2         	0.05025     	0.03716     	0.06427     
837         	1           	9.1         	0.05115     	0.03869     	0.06449     
838         	1           	9.25        	0.05184     	0.03816     	0.06643     
839         	1           	9.15        	0.05092     	0.038       	0.06466     
840         	1           	9.15        	0.05072     	0.03977     	0.06235     
841         	1           	9.2         	0.05244     	0.04064     	0.06493     
842         	1           	9.25        	0.05162     	0.0423      	0.06145     
843         	1           	9.25        	0.05117     	0.04162     	0.06127     
844         	1           	9.25        	0.05003     	0.04097     	0.0596      
845         	1           	9.3         	0.04917     	0.03798     	0.06096     
846         	1           	9.3         	0.05117     	0.04057     	0.06243     
847         	1           	9.15        	0.04912     	0.039       	0.05988     
848         	1           	9.15        	0.04969     	0.03753     	0.06262     
849         	1           	9.2         	0.04958     	0.03766     	0.06225     
850         	1           	9.1         	0.04805     	0.03527     	0.06167     
851         	1           	9           	0.0481      	0.03719     	0.05977     
852         	1           	9           	0.04757     	0.03778     	0.05805     
853         	1           	9           	0.04866     	0.03902     	0.05892     
854         	1           	8.95        	0.04933     	0.03849     	0.06084     
855         	1           	8.95        	0.05065     	0.03862     	0.06344     
856         	1           	9           	0.05173     	0.03829     	0.06608     
857         	1           	9           	0.04998     	0.03693     	0.06386     
858         	1           	8.9         	0.05019     	0.0354      	0.06581     
859         	1           	8.85        	0.05181     	0.03706     	0.06744     
860         	1           	8.95        	0.05147     	0.03627     	0.06756     
861         	1           	8.95        	0.05289     	0.03843     	0.06815     
862         	1           	8.9         	0.05417     	0.04063     	0.06841     
863         	1           	8.85        	0.05433     	0.04072     	0.06854     
864         	1           	8.9         	0.05429     	0.04239     	0.06673     
865         	1           	8.9         	0.05404     	0.04239     	0.06615     
866         	1           	8.85        	0.05383     	0.04182     	0.0664      
867         	1           	9           	0.05347     	0.03945     	0.06818     
868         	1           	8.9         	0.0576      	0.04062     	0.07559     
869         	1           	8.85        	0.05756     	0.04099     	0.07513     
870         	1           	8.8         	0.0577      	0.04051     	0.076       
871         	1           	8.95        	0.05816     	0.03947     	0.07805     
872         	1           	8.85        	0.05978     	0.03911     	0.08186     
873         	1           	8.85        	0.06082     	0.04069     	0.08241     
874         	1           	9           	0.06038     	0.04213     	0.08008     
875         	1           	9           	0.0601      	0.04144     	0.08027     
876         	1           	9           	0.06025     	0.04212     	0.07987     
877         	1           	8.95        	0.05838     	0.04026     	0.07792     
878         	1           	8.9         	0.05974     	0.04061     	0.08045     
879         	1           	9.05        	0.06052     	0.04135     	0.08129     
880         	1           	9.15        	0.05916     	0.0394      	0.08058     
881         	1           	9.15        	0.05903     	0.04096     	0.0787      
882         	1           	9.05        	0.05717     	0.04083     	0.07484     
883         	1           	9.05        	0.05829     	0.04357     	0.07429     
884         	1           	9.05        	0.05508     	0.04038     	0.07103     
885         	1           	8.9         	0.05387     	0.03949     	0.0695      
886         	1           	9.05        	0.05345     	0.04093     	0.06716     
887         	1           	9.05        	0.0522      	0.04015     	0.06536     
888         	1           	9           	0.0516      	0.03933     	0.06494     
889         	1           	8.95        	0.05046     	0.03948     	0.06235     
890         	1           	8.95        	0.05045     	0.03902     	0.06285     
891         	1           	8.95        	0.04988     	0.03759     	0.06319     
892         	1           	9.05        	0.04903     	0.03661     	0.06245     
893         	1           	9.1         	0.04767     	0.03453     	0.06182     
894         	1           	8.95        	0.04846     	0.03374     	0.06435     
895         	1           	8.95        	0.04775     	0.03597     	0.0605      
896         	1           	8.95        	0.04902     	0.03776     	0.06128     
897         	1           	8.9         	0.04644     	0.037       	0.05674     
898         	1           	8.9         	0.04639     	0.03732     	0.05629     
899         	1           	8.85        	0.04607     	0.03732     	0.05554     
900         	1           	8.85        	0.04783     	0.03852     	0.05794     
901         	1           	8.85        	0.0456      	0.03537     	0.05677     
902         	1           	8.8         	0.04392     	0.03532     	0.0533      
903         	1           	8.8         	0.0449      	0.03609     	0.05444     
904         	1           	8.75        	0.04365     	0.03569     	0.05223     
905         	1           	8.8         	0.04386     	0.03552     	0.05285     
906         	1           	8.8         	0.04223     	0.03503     	0.05001     
907         	1           	8.85        	0.0413      	0.03343     	0.04977     
908         	1           	8.85        	0.04199     	0.03329     	0.05136     
909         	1           	8.9         	0.04114     	0.03281     	0.05007     
910         	1           	8.85        	0.04206     	0.03348     	0.05132     
911         	1           	8.85        	0.04142     	0.03422     	0.04919     
912         	1           	8.85        	0.04197     	0.0351      	0.04935     
913         	1           	8.85        	0.04183     	0.03469     	0.04951     
914         	1           	8.75        	0.0414      	0.03365     	0.04972     
915         	1           	8.7         	0.0415      	0.03398     	0.0496      
916         	1           	8.65        	0.04106     	0.03558     	0.04694     
917         	1           	8.65        	0.04087     	0.03416     	0.04806     
918         	1           	8.6         	0.0415      	0.03474     	0.04865     
919         	1           	8.65        	0.04231     	0.03622     	0.04877     
920         	1           	8.75        	0.04048     	0.03572     	0.04556     
921         	1           	8.65        	0.04092     	0.03521     	0.047       
922         	1           	8.65        	0.04184     	0.03728     	0.04672     
923         	1           	8.65        	0.04263     	0.03793     	0.04765     
924         	1           	8.65        	0.04259     	0.03804     	0.04749     
925         	1           	8.6         	0.04198     	0.03786     	0.04641     
926         	1           	8.65        	0.04022     	0.03698     	0.04372     
927         	1           	8.65        	0.03992     	0.03729     	0.04276     
928         	1           	8.6         	0.04066     	0.03771     	0.04384     
929         	1           	8.7         	0.04028     	0.03629     	0.04458     
930         	1           	8.65        	0.04134     	0.03617     	0.04687     
931         	1           	8.6         	0.04355     	0.03738     	0.05013     
932         	1           	8.65        	0.04463     	0.03665     	0.05316     
933         	1           	8.7         	0.0453      	0.03697     	0.0542      
934         	1           	8.6         	0.04509     	0.03671     	0.05404     
935         	1           	8.6         	0.04485     	0.03698     	0.05327     
936         	1           	8.65        	0.0446      	0.03508     	0.05479     
937         	1           	8.65        	0.04588     	0.0358      	0.05668     
938         	1           	8.6         	0.04706     	0.03873     	0.056       
939         	1           	8.6         	0.04799     	0.03958     	0.05706     
940         	1           	8.6         	0.04725     	0.04007     	0.05496     
941         	1           	8.65        	0.04773     	0.03967     	0.05637     
942         	1           	8.6         	0.04825     	0.03895     	0.05823     
943         	1           	8.6         	0.0483      	0.03893     	0.0583      
944         	1           	8.65        	0.04877     	0.03764     	0.06062     
945         	1           	8.6         	0.0495      	0.03888     	0.06076     
946         	1           	8.7         	0.04841     	0.0395      	0.05782     
947         	1           	8.7         	0.04751     	0.03855     	0.05696     
948         	1           	8.7         	0.04714     	0.03816     	0.05658     
949         	1           	8.8         	0.04837     	0.0364      	0.06096     
950         	1           	8.7         	0.04712     	0.03466     	0.06021     
951         	1           	8.8         	0.04592     	0.03323     	0.05922     
952         	1           	8.85        	0.04458     	0.03127     	0.05857     
953         	1           	8.7         	0.04335     	0.03109     	0.05624     
954         	1           	8.6         	0.04446     	0.03189     	0.05775     
955         	1           	8.6         	0.04454     	0.03221     	0.05753     
956         	1           	8.6         	0.04678     	0.03439     	0.0598      
957         	1           	8.55        	0.0465      	0.03535     	0.05825     
958         	1           	8.4         	0.04762     	0.03462     	0.06126     
959         	1           	8.35        	0.04742     	0.03614     	0.05921     
960         	1           	8.35        	0.04709     	0.03757     	0.05704     
961         	1           	8.45        	0.04548     	0.03592     	0.05554     
962         	1           	8.35        	0.04492     	0.03588     	0.05444     
963         	1           	8.3         	0.04634     	0.03763     	0.05555     
964         	1           	8.35        	0.04573     	0.03814     	0.0538      
965         	1           	8.5         	0.04577     	0.0379      	0.05415     
966         	1           	8.45        	0.04397     	0.03568     	0.05284     
967         	1           	8.5         	0.04434     	0.03698     	0.05224     
968         	1           	8.6         	0.04469     	0.03692     	0.05303     
969         	1           	8.55        	0.04599     	0.03769     	0.05493     
970         	1           	8.6         	0.0451      	0.0361      	0.05476     
971         	1           	8.6         	0.04649     	0.03667     	0.05709     
972         	1           	8.55        	0.04484     	0.03661     	0.05371     
973         	1           	8.45        	0.04574     	0.03676     	0.05539     
974         	1           	8.45        	0.04748     	0.03847     	0.05719     
975         	1           	8.4         	0.04751     	0.03868     	0.05708     
976         	1           	8.4         	0.04829     	0.03877     	0.05862     
977         	1           	8.5         	0.04837     	0.03865     	0.05886     
978         	1           	8.45        	0.04839     	0.03954     	0.05794     
979         	1           	8.45        	0.04944     	0.03891     	0.06075     
980         	1           	8.4         	0.04976     	0.03908     	0.06119     
981         	1           	8.4         	0.04878     	0.03972     	0.05847     
982         	1           	8.4         	0.04975     	0.03902     	0.06121     
983         	1           	8.4         	0.04923     	0.03731     	0.06191     
984         	1           	8.45        	0.04791     	0.0363      	0.06029     
985         	1           	8.45        	0.05004     	0.03901     	0.06178     
986         	1           	8.45        	0.0488      	0.03702     	0.06132     
987         	1           	8.4         	0.04884     	0.03622     	0.06228     
988         	1           	8.35        	0.04859     	0.03636     	0.06162     
989         	1           	8.35        	0.0477      	0.03548     	0.06073     
990         	1           	8.35        	0.04833     	0.035       	0.06253     
991         	1           	8.45        	0.04758     	0.03505     	0.06094     
992         	1           	8.45        	0.04726     	0.03455     	0.06078     
993         	1           	8.45        	0.04958     	0.03748     	0.06241     
994         	1           	8.5         	0.04907     	0.03867     	0.06017     
995         	1           	8.45        	0.04864     	0.03809     	0.05984     
996         	1           	8.55        	0.0483      	0.03821     	0.05904     
997         	1           	8.6         	0.0497      	0.03811     	0.06209     
998         	1           	8.55        	0.04945     	0.03609     	0.06371     
999         	1           	8.55        	0.04983     	0.0374      	0.06307     
1000        	1           	8.55        	0.04955     	0.03751     	0.06243     
