generation  	alive.rpl   	adlt.nbInd  	q.adlt.a.freq_l1_a1	q.adlt.a.freq_l1_a2	q.adlt.a.freq_l2_a1	q.adlt.a.freq_l2_a2
1           	50          	0           	0           	0           	0           	0           
2           	50          	9.45        	0.01844     	0.01844     	0.008864    	0.008864    
3           	49          	515.2       	0.02084     	0.02084     	0.0181      	0.0181      
4           	49          	1.513e+04   	0.01585     	0.01585     	0.01878     	0.01878     
5           	49          	5.177e+04   	0.01152     	0.01152     	0.01886     	0.01886     
6           	49          	6313        	0.008672    	0.008672    	0.01939     	0.01939     
7           	49          	0           	0.007423    	0.007423    	0.02048     	0.02048     
8           	49          	0           	0.007064    	0.007064    	0.02097     	0.02097     
9           	49          	0           	0.006131    	0.006131    	0.0213      	0.0213      
10          	49          	0           	0.00547     	0.00547     	0.02229     	0.02229     
11          	49          	0           	0.005459    	0.005459    	0.02275     	0.02275     
12          	49          	0           	0.005173    	0.005173    	0.02312     	0.02312     
13          	49          	0           	0.005071    	0.005071    	0.02351     	0.02351     
14          	49          	0           	0.00494     	0.00494     	0.02404     	0.02404     
15          	49          	0           	0.004929    	0.004929    	0.02546     	0.02546     
16          	49          	0           	0.004705    	0.004705    	0.02594     	0.02594     
17          	49          	0           	0.004726    	0.004726    	0.02682     	0.02682     
18          	49          	0           	0.004749    	0.004749    	0.02804     	0.02804     
19          	49          	0           	0.004758    	0.004758    	0.02841     	0.02841     
20          	49          	0           	0.004592    	0.004592    	0.02875     	0.02875     
21          	49          	0           	0.004313    	0.004313    	0.02867     	0.02867     
22          	49          	0           	0.003995    	0.003995    	0.02848     	0.02848     
23          	49          	0           	0.003969    	0.003969    	0.02891     	0.02891     
24          	49          	0           	0.004077    	0.004077    	0.02907     	0.02907     
25          	49          	0           	0.003808    	0.003808    	0.02984     	0.02984     
26          	49          	0           	0.003685    	0.003685    	0.02961     	0.02961     
27          	49          	0           	0.003623    	0.003623    	0.02954     	0.02954     
28          	49          	0           	0.003372    	0.003372    	0.02896     	0.02896     
29          	49          	0           	0.003196    	0.003196    	0.02943     	0.02943     
30          	49          	0           	0.002959    	0.002959    	0.02967     	0.02967     
31          	49          	0           	0.003072    	0.003072    	0.02962     	0.02962     
32          	49          	0           	0.00309     	0.00309     	0.02929     	0.02929     
33          	49          	0           	0.002895    	0.002895    	0.02985     	0.02985     
34          	49          	0           	0.002764    	0.002764    	0.02979     	0.02979     
35          	49          	0           	0.002773    	0.002773    	0.02983     	0.02983     
36          	49          	0           	0.002729    	0.002729    	0.03047     	0.03047     
37          	49          	0           	0.002738    	0.002738    	0.0315      	0.0315      
38          	49          	0           	0.002573    	0.002573    	0.0309      	0.0309      
39          	49          	0           	0.002562    	0.002562    	0.03035     	0.03035     
40          	49          	0           	0.002467    	0.002467    	0.03102     	0.03102     
41          	49          	0           	0.002452    	0.002452    	0.03094     	0.03094     
42          	49          	0           	0.002534    	0.002534    	0.03107     	0.03107     
43          	49          	0           	0.002403    	0.002403    	0.03072     	0.03072     
44          	49          	0           	0.002521    	0.002521    	0.03099     	0.03099     
45          	49          	0           	0.00243     	0.00243     	0.03151     	0.03151     
46          	49          	0           	0.002501    	0.002501    	0.03184     	0.03184     
47          	49          	0           	0.002456    	0.002456    	0.03134     	0.03134     
48          	49          	0           	0.002225    	0.002225    	0.03134     	0.03134     
49          	49          	0           	0.002221    	0.002221    	0.03093     	0.03093     
50          	49          	0           	0.00232     	0.00232     	0.03156     	0.03156     
51          	49          	0           	0.002441    	0.002441    	0.03215     	0.03215     
52          	49          	0           	0.002353    	0.002353    	0.03267     	0.03267     
53          	49          	0           	0.002308    	0.002308    	0.03294     	0.03294     
54          	49          	0           	0.002236    	0.002236    	0.03303     	0.03303     
55          	49          	0           	0.002172    	0.002172    	0.03281     	0.03281     
56          	49          	0           	0.002453    	0.002453    	0.03296     	0.03296     
57          	49          	0           	0.00231     	0.00231     	0.03262     	0.03262     
58          	49          	0           	0.002185    	0.002185    	0.03284     	0.03284     
59          	49          	0           	0.002344    	0.002344    	0.0334      	0.0334      
60          	49          	0           	0.002574    	0.002574    	0.03449     	0.03449     
61          	49          	0           	0.002476    	0.002476    	0.03524     	0.03524     
62          	49          	0           	0.00249     	0.00249     	0.03517     	0.03517     
63          	49          	0           	0.002306    	0.002306    	0.03532     	0.03532     
64          	49          	0           	0.002277    	0.002277    	0.03651     	0.03651     
65          	49          	0           	0.002236    	0.002236    	0.03715     	0.03715     
66          	49          	0           	0.002268    	0.002268    	0.03665     	0.03665     
67          	49          	0           	0.00225     	0.00225     	0.03663     	0.03663     
68          	49          	0           	0.00219     	0.00219     	0.03717     	0.03717     
69          	49          	0           	0.002351    	0.002351    	0.03798     	0.03798     
70          	49          	0           	0.002499    	0.002499    	0.03825     	0.03825     
71          	49          	0           	0.002402    	0.002402    	0.03849     	0.03849     
72          	49          	0           	0.002592    	0.002592    	0.03773     	0.03773     
73          	49          	0           	0.00248     	0.00248     	0.03733     	0.03733     
74          	49          	0           	0.002502    	0.002502    	0.03702     	0.03702     
75          	49          	0           	0.002537    	0.002537    	0.03701     	0.03701     
76          	49          	0           	0.002574    	0.002574    	0.03719     	0.03719     
77          	49          	0           	0.002559    	0.002559    	0.0372      	0.0372      
78          	49          	0           	0.002778    	0.002778    	0.03719     	0.03719     
79          	49          	0           	0.002598    	0.002598    	0.03809     	0.03809     
80          	49          	0           	0.002528    	0.002528    	0.03869     	0.03869     
81          	49          	0           	0.002467    	0.002467    	0.03853     	0.03853     
82          	49          	0           	0.00239     	0.00239     	0.03841     	0.03841     
83          	49          	0           	0.002494    	0.002494    	0.03805     	0.03805     
84          	49          	0           	0.002393    	0.002393    	0.03876     	0.03876     
85          	49          	0           	0.002255    	0.002255    	0.03827     	0.03827     
86          	49          	0           	0.00222     	0.00222     	0.03897     	0.03897     
87          	49          	0           	0.002358    	0.002358    	0.03856     	0.03856     
88          	49          	0           	0.002361    	0.002361    	0.03784     	0.03784     
89          	49          	0           	0.00238     	0.00238     	0.03709     	0.03709     
90          	49          	0           	0.002363    	0.002363    	0.03718     	0.03718     
91          	49          	0           	0.002361    	0.002361    	0.03659     	0.03659     
92          	49          	0           	0.002359    	0.002359    	0.03758     	0.03758     
93          	49          	0           	0.002376    	0.002376    	0.03738     	0.03738     
94          	49          	0           	0.002332    	0.002332    	0.03778     	0.03778     
95          	49          	0           	0.002491    	0.002491    	0.038       	0.038       
96          	49          	0           	0.002539    	0.002539    	0.03816     	0.03816     
97          	49          	0           	0.002556    	0.002556    	0.03803     	0.03803     
98          	49          	0           	0.002554    	0.002554    	0.03808     	0.03808     
99          	49          	0           	0.002557    	0.002557    	0.03822     	0.03822     
100         	49          	0           	0.002747    	0.002747    	0.03801     	0.03801     
101         	49          	0           	0.002524    	0.002524    	0.03806     	0.03806     
102         	49          	0           	0.002377    	0.002377    	0.03739     	0.03739     
103         	49          	0           	0.002195    	0.002195    	0.03812     	0.03812     
104         	49          	0           	0.002091    	0.002091    	0.03781     	0.03781     
105         	49          	0           	0.002054    	0.002054    	0.03809     	0.03809     
106         	49          	0           	0.002127    	0.002127    	0.0382      	0.0382      
107         	49          	0           	0.002204    	0.002204    	0.03763     	0.03763     
108         	49          	0           	0.002202    	0.002202    	0.03758     	0.03758     
109         	49          	0           	0.002218    	0.002218    	0.03774     	0.03774     
110         	49          	0           	0.002297    	0.002297    	0.0379      	0.0379      
111         	49          	0           	0.002139    	0.002139    	0.0386      	0.0386      
112         	49          	0           	0.002013    	0.002013    	0.03899     	0.03899     
113         	49          	0           	0.002098    	0.002098    	0.03926     	0.03926     
114         	49          	0           	0.002126    	0.002126    	0.0397      	0.0397      
115         	49          	0           	0.002055    	0.002055    	0.0401      	0.0401      
116         	49          	0           	0.002165    	0.002165    	0.04002     	0.04002     
117         	49          	0           	0.002342    	0.002342    	0.04061     	0.04061     
118         	49          	0           	0.002456    	0.002456    	0.0406      	0.0406      
119         	49          	0           	0.002485    	0.002485    	0.04015     	0.04015     
120         	49          	0           	0.002569    	0.002569    	0.03964     	0.03964     
121         	49          	0           	0.00287     	0.00287     	0.03904     	0.03904     
122         	49          	0           	0.002833    	0.002833    	0.0389      	0.0389      
123         	49          	0           	0.002489    	0.002489    	0.03856     	0.03856     
124         	49          	0           	0.002653    	0.002653    	0.03897     	0.03897     
125         	49          	0           	0.002774    	0.002774    	0.03845     	0.03845     
126         	49          	0           	0.002952    	0.002952    	0.0387      	0.0387      
127         	49          	0           	0.002844    	0.002844    	0.03832     	0.03832     
128         	49          	0           	0.00262     	0.00262     	0.0378      	0.0378      
129         	49          	0           	0.002412    	0.002412    	0.03812     	0.03812     
130         	49          	0           	0.002384    	0.002384    	0.03829     	0.03829     
131         	49          	0           	0.002317    	0.002317    	0.03803     	0.03803     
132         	49          	0           	0.002477    	0.002477    	0.03821     	0.03821     
133         	49          	0           	0.002424    	0.002424    	0.03911     	0.03911     
134         	49          	0           	0.002362    	0.002362    	0.03921     	0.03921     
135         	49          	0           	0.002236    	0.002236    	0.03957     	0.03957     
136         	49          	0           	0.002427    	0.002427    	0.03979     	0.03979     
137         	49          	0           	0.002578    	0.002578    	0.03973     	0.03973     
138         	49          	0           	0.002616    	0.002616    	0.04046     	0.04046     
139         	49          	0           	0.002312    	0.002312    	0.0402      	0.0402      
140         	49          	0           	0.002102    	0.002102    	0.04005     	0.04005     
141         	49          	0           	0.00211     	0.00211     	0.03971     	0.03971     
142         	49          	0           	0.00203     	0.00203     	0.04        	0.04        
143         	49          	0           	0.001853    	0.001853    	0.04017     	0.04017     
144         	49          	0           	0.001797    	0.001797    	0.03963     	0.03963     
145         	49          	0           	0.002018    	0.002018    	0.03967     	0.03967     
146         	49          	0           	0.002197    	0.002197    	0.03933     	0.03933     
147         	49          	0           	0.002427    	0.002427    	0.03863     	0.03863     
148         	49          	0           	0.002675    	0.002675    	0.03847     	0.03847     
149         	49          	0           	0.002853    	0.002853    	0.03819     	0.03819     
150         	49          	0           	0.002723    	0.002723    	0.03822     	0.03822     
151         	49          	0           	0.002908    	0.002908    	0.03787     	0.03787     
152         	49          	0           	0.002656    	0.002656    	0.0383      	0.0383      
153         	49          	0           	0.002593    	0.002593    	0.03833     	0.03833     
154         	49          	0           	0.002702    	0.002702    	0.03806     	0.03806     
155         	49          	0           	0.002964    	0.002964    	0.03871     	0.03871     
156         	49          	0           	0.003035    	0.003035    	0.03883     	0.03883     
157         	49          	0           	0.003062    	0.003062    	0.03876     	0.03876     
158         	49          	0           	0.002912    	0.002912    	0.03817     	0.03817     
159         	49          	0           	0.002834    	0.002834    	0.03941     	0.03941     
160         	49          	0           	0.002805    	0.002805    	0.03963     	0.03963     
161         	49          	0           	0.002725    	0.002725    	0.03929     	0.03929     
162         	49          	0           	0.002591    	0.002591    	0.03878     	0.03878     
163         	49          	0           	0.002643    	0.002643    	0.03866     	0.03866     
164         	49          	0           	0.002371    	0.002371    	0.03928     	0.03928     
165         	49          	0           	0.002284    	0.002284    	0.03915     	0.03915     
166         	49          	0           	0.002241    	0.002241    	0.03885     	0.03885     
167         	49          	0           	0.002372    	0.002372    	0.03887     	0.03887     
168         	49          	0           	0.002645    	0.002645    	0.03975     	0.03975     
169         	49          	0           	0.002484    	0.002484    	0.04018     	0.04018     
170         	49          	0           	0.002386    	0.002386    	0.04055     	0.04055     
171         	49          	0           	0.002179    	0.002179    	0.04209     	0.04209     
172         	49          	0           	0.002128    	0.002128    	0.0429      	0.0429      
173         	49          	0           	0.001975    	0.001975    	0.04292     	0.04292     
174         	49          	0           	0.002111    	0.002111    	0.04247     	0.04247     
175         	49          	0           	0.002309    	0.002309    	0.04277     	0.04277     
176         	49          	0           	0.002296    	0.002296    	0.04327     	0.04327     
177         	49          	0           	0.00233     	0.00233     	0.0438      	0.0438      
178         	49          	0           	0.002521    	0.002521    	0.04353     	0.04353     
179         	49          	0           	0.002521    	0.002521    	0.04393     	0.04393     
180         	49          	0           	0.00251     	0.00251     	0.04457     	0.04457     
181         	49          	0           	0.002618    	0.002618    	0.04416     	0.04416     
182         	49          	0           	0.002631    	0.002631    	0.04443     	0.04443     
183         	49          	0           	0.002568    	0.002568    	0.04443     	0.04443     
184         	49          	0           	0.002551    	0.002551    	0.04398     	0.04398     
185         	49          	0           	0.002647    	0.002647    	0.0437      	0.0437      
186         	49          	0           	0.002455    	0.002455    	0.04422     	0.04422     
187         	49          	0           	0.002651    	0.002651    	0.04509     	0.04509     
188         	49          	0           	0.002523    	0.002523    	0.04494     	0.04494     
189         	49          	0           	0.002695    	0.002695    	0.04457     	0.04457     
190         	49          	0           	0.002652    	0.002652    	0.04448     	0.04448     
191         	49          	0           	0.002605    	0.002605    	0.0447      	0.0447      
192         	49          	0           	0.002627    	0.002627    	0.04457     	0.04457     
193         	49          	0           	0.00256     	0.00256     	0.04524     	0.04524     
194         	49          	0           	0.002269    	0.002269    	0.04486     	0.04486     
195         	49          	0           	0.002276    	0.002276    	0.04562     	0.04562     
196         	49          	0           	0.00251     	0.00251     	0.04608     	0.04608     
197         	49          	0           	0.002843    	0.002843    	0.0467      	0.0467      
198         	49          	0           	0.002818    	0.002818    	0.04728     	0.04728     
199         	49          	0           	0.002663    	0.002663    	0.04754     	0.04754     
200         	49          	0           	0.002561    	0.002561    	0.04753     	0.04753     
