replicate   	generation  	n.adlt.nbAll	n.adlt.fst  	n.adlt.fst_l1	n.adlt.fst_l2
1           	1           	5.5         	0.5055      	1           	1.984e-05   
1           	2           	8.55        	0.494       	0.977       	0.0004341   
1           	3           	9.65        	0.482       	0.953       	0.0005997   
1           	4           	9.85        	0.4711      	0.9314      	0.0009518   
1           	5           	9.95        	0.4605      	0.91        	0.001526    
1           	6           	9.85        	0.4504      	0.8896      	0.001865    
1           	7           	9.9         	0.442       	0.8719      	0.002529    
1           	8           	9.9         	0.4332      	0.8543      	0.002756    
1           	9           	9.95        	0.4245      	0.8362      	0.003341    
1           	10          	10          	0.4154      	0.8175      	0.003999    
1           	11          	10          	0.4025      	0.792       	0.00431     
1           	12          	10          	0.396       	0.7787      	0.0048      
1           	13          	10          	0.3846      	0.7554      	0.005357    
1           	14          	10          	0.3735      	0.7337      	0.005433    
1           	15          	10          	0.3652      	0.7166      	0.006277    
1           	16          	10          	0.3581      	0.7021      	0.006491    
1           	17          	10          	0.3524      	0.691       	0.006487    
1           	18          	10          	0.3465      	0.679       	0.006687    
1           	19          	10          	0.3367      	0.6588      	0.007532    
1           	20          	10          	0.3316      	0.6486      	0.007329    
1           	21          	10          	0.3206      	0.6267      	0.007313    
1           	22          	10          	0.3122      	0.6096      	0.007747    
1           	23          	10          	0.3083      	0.6009      	0.008522    
1           	24          	10          	0.3056      	0.5952      	0.009071    
1           	25          	10          	0.2998      	0.5838      	0.00937     
1           	26          	10          	0.2937      	0.5718      	0.009175    
1           	27          	10          	0.2893      	0.5635      	0.009092    
1           	28          	10          	0.2807      	0.5458      	0.009466    
1           	29          	10          	0.2754      	0.5361      	0.008872    
1           	30          	10          	0.2725      	0.5301      	0.009134    
1           	31          	10          	0.2702      	0.5258      	0.009096    
1           	32          	10          	0.2676      	0.5199      	0.009762    
1           	33          	10          	0.2571      	0.4997      	0.009186    
1           	34          	10          	0.2532      	0.492       	0.009173    
1           	35          	10          	0.253       	0.4914      	0.009466    
1           	36          	10          	0.2474      	0.4798      	0.009896    
1           	37          	10          	0.2432      	0.4714      	0.01022     
1           	38          	10          	0.2382      	0.4616      	0.01012     
1           	39          	10          	0.2313      	0.4474      	0.01049     
1           	40          	10          	0.2262      	0.4372      	0.01056     
1           	41          	10          	0.2227      	0.4306      	0.01038     
1           	42          	10          	0.2226      	0.4301      	0.0108      
1           	43          	10          	0.2183      	0.4218      	0.01079     
1           	44          	10          	0.215       	0.4148      	0.01126     
1           	45          	10          	0.2109      	0.4071      	0.01109     
1           	46          	10          	0.2067      	0.3985      	0.01138     
1           	47          	10          	0.2005      	0.3863      	0.01123     
1           	48          	10          	0.1985      	0.3818      	0.01187     
1           	49          	10          	0.1944      	0.3729      	0.01242     
1           	50          	10          	0.1891      	0.3634      	0.01154     
1           	51          	10          	0.1849      	0.3545      	0.01216     
1           	52          	10          	0.1822      	0.3498      	0.01155     
1           	53          	10          	0.1744      	0.3345      	0.01108     
1           	54          	10          	0.1749      	0.3342      	0.01239     
1           	55          	10          	0.1711      	0.3258      	0.01318     
1           	56          	10          	0.1691      	0.3214      	0.01368     
1           	57          	10          	0.1664      	0.3155      	0.01409     
1           	58          	10          	0.1646      	0.3125      	0.01355     
1           	59          	10          	0.1646      	0.3119      	0.01429     
1           	60          	10          	0.1643      	0.3113      	0.01437     
1           	61          	10          	0.16        	0.3025      	0.01451     
1           	62          	10          	0.1583      	0.2996      	0.01408     
1           	63          	10          	0.1551      	0.2927      	0.01475     
1           	64          	10          	0.1527      	0.2877      	0.01519     
1           	65          	10          	0.153       	0.287       	0.01642     
1           	66          	10          	0.1482      	0.2772      	0.01678     
1           	67          	10          	0.1457      	0.2722      	0.01674     
1           	68          	10          	0.1437      	0.2683      	0.01651     
1           	69          	10          	0.1403      	0.2603      	0.01787     
1           	70          	10          	0.1374      	0.2535      	0.019       
1           	71          	10          	0.1372      	0.2526      	0.01966     
1           	72          	10          	0.137       	0.2523      	0.01934     
1           	73          	10          	0.1369      	0.2525      	0.01899     
1           	74          	10          	0.1339      	0.2464      	0.01913     
1           	75          	10          	0.1291      	0.2372      	0.01886     
1           	76          	10          	0.1255      	0.23        	0.01884     
1           	77          	10          	0.1236      	0.2266      	0.01865     
1           	78          	10          	0.1218      	0.2214      	0.02007     
1           	79          	10          	0.1185      	0.2156      	0.01938     
1           	80          	10          	0.1211      	0.2213      	0.01895     
1           	81          	10          	0.12        	0.2186      	0.01951     
1           	82          	10          	0.1203      	0.2193      	0.0194      
1           	83          	10          	0.1196      	0.2165      	0.02085     
1           	84          	10          	0.1147      	0.207       	0.02074     
1           	85          	10          	0.1147      	0.2067      	0.02098     
1           	86          	10          	0.1139      	0.205       	0.02101     
1           	87          	10          	0.11        	0.1971      	0.02108     
1           	88          	10          	0.1059      	0.1897      	0.02037     
1           	89          	10          	0.1039      	0.1866      	0.01966     
1           	90          	10          	0.1003      	0.1797      	0.01933     
1           	91          	10          	0.09688     	0.1734      	0.01889     
1           	92          	10          	0.09583     	0.1717      	0.01847     
1           	93          	10          	0.09194     	0.1646      	0.01786     
1           	94          	10          	0.09088     	0.163       	0.01734     
1           	95          	10          	0.08886     	0.1595      	0.01679     
1           	96          	10          	0.08978     	0.1611      	0.01715     
1           	97          	10          	0.08759     	0.158       	0.01588     
1           	98          	10          	0.08614     	0.1545      	0.01658     
1           	99          	10          	0.08488     	0.1523      	0.01627     
1           	100         	10          	0.08451     	0.1519      	0.01589     
1           	101         	10          	0.08284     	0.1489      	0.01552     
1           	102         	10          	0.08367     	0.1496      	0.01638     
1           	103         	10          	0.08219     	0.1461      	0.01688     
1           	104         	10          	0.08199     	0.1456      	0.01712     
1           	105         	10          	0.08159     	0.1449      	0.01693     
1           	106         	10          	0.08012     	0.1424      	0.01647     
1           	107         	10          	0.07826     	0.1392      	0.016       
1           	108         	10          	0.07536     	0.134       	0.01537     
1           	109         	10          	0.07398     	0.1312      	0.01548     
1           	110         	10          	0.07197     	0.1277      	0.01503     
1           	111         	10          	0.07031     	0.1251      	0.01437     
1           	112         	10          	0.06965     	0.123       	0.01519     
1           	113         	10          	0.06937     	0.1213      	0.01634     
1           	114         	10          	0.06903     	0.1208      	0.01616     
1           	115         	10          	0.06815     	0.1186      	0.0166      
1           	116         	10          	0.06737     	0.1173      	0.01647     
1           	117         	10          	0.06597     	0.1145      	0.01639     
1           	118         	10          	0.064       	0.1098      	0.01718     
1           	119         	10          	0.06015     	0.1029      	0.01644     
1           	120         	10          	0.06089     	0.104       	0.01684     
1           	121         	10          	0.05849     	0.1001      	0.01601     
1           	122         	10          	0.05807     	0.09949     	0.01575     
1           	123         	10          	0.05683     	0.09642     	0.01635     
1           	124         	10          	0.05818     	0.09993     	0.01553     
1           	125         	10          	0.05855     	0.1005      	0.01563     
1           	126         	10          	0.05833     	0.1009      	0.01479     
1           	127         	10          	0.05649     	0.09725     	0.01478     
1           	128         	10          	0.05357     	0.09207     	0.01413     
1           	129         	10          	0.05292     	0.09161     	0.01329     
1           	130         	10          	0.05401     	0.09322     	0.01387     
1           	131         	10          	0.05375     	0.09287     	0.01367     
1           	132         	10          	0.05337     	0.09151     	0.01428     
1           	133         	10          	0.05057     	0.08662     	0.01362     
1           	134         	10          	0.0508      	0.08657     	0.01414     
1           	135         	10          	0.0508      	0.08631     	0.01441     
1           	136         	10          	0.05088     	0.08583     	0.01507     
1           	137         	10          	0.0506      	0.08563     	0.01469     
1           	138         	10          	0.04734     	0.07983     	0.01405     
1           	139         	10          	0.04541     	0.07587     	0.01423     
1           	140         	10          	0.04577     	0.07599     	0.01485     
1           	141         	10          	0.04413     	0.07251     	0.01511     
1           	142         	10          	0.0439      	0.0723      	0.01486     
1           	143         	10          	0.04328     	0.07066     	0.01523     
1           	144         	10          	0.04253     	0.06922     	0.01516     
1           	145         	10          	0.04076     	0.06643     	0.01443     
1           	146         	10          	0.04101     	0.06697     	0.01438     
1           	147         	10          	0.03963     	0.06323     	0.01539     
1           	148         	10          	0.03931     	0.06351     	0.01441     
1           	149         	10          	0.03859     	0.06208     	0.0144      
1           	150         	10          	0.03754     	0.06024     	0.01417     
1           	151         	10          	0.03803     	0.06028     	0.0151      
1           	152         	10          	0.03693     	0.05879     	0.01444     
1           	153         	10          	0.03663     	0.05878     	0.01385     
1           	154         	10          	0.03611     	0.0581      	0.01348     
1           	155         	10          	0.03512     	0.0553      	0.01433     
1           	156         	10          	0.03408     	0.05347     	0.0141      
1           	157         	10          	0.03292     	0.05038     	0.01493     
1           	158         	10          	0.033       	0.0501      	0.01538     
1           	159         	10          	0.03145     	0.04721     	0.01521     
1           	160         	10          	0.03075     	0.04535     	0.0157      
1           	161         	10          	0.03131     	0.04572     	0.01644     
1           	162         	10          	0.03108     	0.04574     	0.01598     
1           	163         	10          	0.03097     	0.0451      	0.01642     
1           	164         	10          	0.02997     	0.0442      	0.01531     
1           	165         	10          	0.02998     	0.04331     	0.01626     
1           	166         	10          	0.02956     	0.04228     	0.01648     
1           	167         	10          	0.02971     	0.04206     	0.01702     
1           	168         	10          	0.0305      	0.0427      	0.01796     
1           	169         	10          	0.02982     	0.04053     	0.01883     
1           	170         	10          	0.02806     	0.03714     	0.01876     
1           	171         	10          	0.02801     	0.03725     	0.01855     
1           	172         	10          	0.02738     	0.03655     	0.01798     
1           	173         	10          	0.02715     	0.03579     	0.01831     
1           	174         	10          	0.02738     	0.03625     	0.0183      
1           	175         	10          	0.02635     	0.03407     	0.01845     
1           	176         	10          	0.02626     	0.0342      	0.01814     
1           	177         	10          	0.02518     	0.03258     	0.01761     
1           	178         	10          	0.02515     	0.03267     	0.01746     
1           	179         	10          	0.02521     	0.03244     	0.01783     
1           	180         	10          	0.0249      	0.0328      	0.01684     
1           	181         	10          	0.02506     	0.03182     	0.01817     
1           	182         	10          	0.02504     	0.03097     	0.01901     
1           	183         	10          	0.02487     	0.03057     	0.01906     
1           	184         	10          	0.02512     	0.03085     	0.01928     
1           	185         	10          	0.02488     	0.03012     	0.01956     
1           	186         	10          	0.02373     	0.02811     	0.01926     
1           	187         	10          	0.02342     	0.02779     	0.01897     
1           	188         	10          	0.02376     	0.02834     	0.0191      
1           	189         	10          	0.02442     	0.02848     	0.02028     
1           	190         	10          	0.025       	0.02881     	0.02111     
1           	191         	10          	0.02369     	0.02698     	0.02033     
1           	192         	10          	0.02422     	0.02636     	0.02204     
1           	193         	10          	0.02313     	0.02581     	0.02041     
1           	194         	10          	0.02346     	0.02577     	0.0211      
1           	195         	10          	0.02309     	0.02503     	0.02112     
1           	196         	10          	0.02306     	0.02533     	0.02074     
1           	197         	10          	0.02208     	0.02405     	0.02007     
1           	198         	10          	0.02101     	0.02343     	0.01855     
1           	199         	10          	0.02094     	0.02275     	0.01911     
1           	200         	10          	0.0208      	0.02218     	0.01939     
1           	201         	10          	0.01991     	0.02025     	0.01956     
1           	202         	10          	0.01948     	0.01906     	0.01992     
1           	203         	10          	0.01876     	0.01743     	0.02012     
1           	204         	10          	0.01867     	0.01745     	0.01991     
1           	205         	10          	0.01834     	0.01743     	0.01926     
1           	206         	10          	0.01919     	0.01767     	0.02073     
1           	207         	10          	0.01936     	0.0183      	0.02044     
1           	208         	10          	0.01947     	0.01875     	0.0202      
1           	209         	10          	0.01975     	0.01838     	0.02116     
1           	210         	10          	0.02063     	0.01939     	0.0219      
1           	211         	10          	0.02131     	0.01998     	0.02267     
1           	212         	10          	0.0201      	0.01916     	0.02105     
1           	213         	10          	0.02012     	0.01905     	0.02121     
1           	214         	10          	0.02019     	0.01904     	0.02136     
1           	215         	10          	0.0196      	0.01881     	0.0204      
1           	216         	10          	0.01909     	0.01879     	0.01939     
1           	217         	10          	0.01962     	0.0192      	0.02004     
1           	218         	10          	0.01995     	0.01891     	0.02102     
1           	219         	10          	0.02013     	0.01849     	0.02179     
1           	220         	10          	0.02026     	0.0194      	0.02114     
1           	221         	10          	0.02008     	0.01933     	0.02084     
1           	222         	10          	0.01992     	0.01857     	0.0213      
1           	223         	10          	0.01986     	0.01806     	0.02169     
1           	224         	10          	0.02004     	0.01938     	0.02071     
1           	225         	10          	0.01912     	0.01764     	0.02062     
1           	226         	10          	0.0181      	0.01629     	0.01994     
1           	227         	10          	0.01822     	0.01627     	0.0202      
1           	228         	10          	0.01766     	0.01596     	0.01939     
1           	229         	10          	0.01729     	0.01585     	0.01875     
1           	230         	10          	0.01716     	0.01553     	0.01882     
1           	231         	10          	0.01656     	0.01498     	0.01816     
1           	232         	10          	0.01678     	0.01584     	0.01773     
1           	233         	10          	0.01719     	0.01677     	0.01763     
1           	234         	10          	0.01629     	0.01585     	0.01674     
1           	235         	10          	0.01617     	0.01582     	0.01652     
1           	236         	10          	0.01528     	0.01505     	0.01552     
1           	237         	10          	0.01573     	0.01521     	0.01626     
1           	238         	10          	0.01502     	0.01451     	0.01553     
1           	239         	10          	0.01429     	0.01412     	0.01447     
1           	240         	10          	0.01434     	0.01388     	0.0148      
1           	241         	10          	0.01506     	0.01544     	0.01468     
1           	242         	10          	0.0144      	0.01422     	0.01458     
1           	243         	10          	0.01499     	0.01464     	0.01534     
1           	244         	10          	0.015       	0.01493     	0.01506     
1           	245         	10          	0.01456     	0.01509     	0.01401     
1           	246         	10          	0.01491     	0.01611     	0.01368     
1           	247         	10          	0.01551     	0.01684     	0.01416     
1           	248         	10          	0.01643     	0.01866     	0.01415     
1           	249         	10          	0.01594     	0.01785     	0.01399     
1           	250         	10          	0.01587     	0.0178      	0.0139      
1           	251         	10          	0.01587     	0.01744     	0.01427     
1           	252         	10          	0.01591     	0.01701     	0.01478     
1           	253         	10          	0.01659     	0.01843     	0.01471     
1           	254         	10          	0.01643     	0.01742     	0.01543     
1           	255         	10          	0.01676     	0.01809     	0.01539     
1           	256         	10          	0.01752     	0.01841     	0.01662     
1           	257         	10          	0.01759     	0.01769     	0.01749     
1           	258         	10          	0.0178      	0.01753     	0.01808     
1           	259         	10          	0.01822     	0.01843     	0.018       
1           	260         	10          	0.01867     	0.01924     	0.01809     
1           	261         	10          	0.01789     	0.01879     	0.01698     
1           	262         	10          	0.01734     	0.01818     	0.01648     
1           	263         	10          	0.01769     	0.01784     	0.01754     
1           	264         	10          	0.01778     	0.01864     	0.01691     
1           	265         	10          	0.01768     	0.01862     	0.01673     
1           	266         	10          	0.01797     	0.01979     	0.01613     
1           	267         	10          	0.0175      	0.01809     	0.01689     
1           	268         	10          	0.01715     	0.01787     	0.01642     
1           	269         	10          	0.01737     	0.0188      	0.0159      
1           	270         	10          	0.01725     	0.01887     	0.0156      
1           	271         	10          	0.01809     	0.01985     	0.0163      
1           	272         	10          	0.01757     	0.01972     	0.01537     
1           	273         	10          	0.01714     	0.019       	0.01524     
1           	274         	10          	0.01705     	0.0187      	0.01537     
1           	275         	10          	0.01691     	0.01862     	0.01517     
1           	276         	10          	0.0165      	0.01777     	0.0152      
1           	277         	10          	0.0172      	0.01853     	0.01583     
1           	278         	10          	0.01636     	0.01753     	0.01518     
1           	279         	10          	0.01706     	0.01846     	0.01563     
1           	280         	10          	0.01653     	0.01724     	0.01581     
1           	281         	10          	0.01678     	0.01689     	0.01667     
1           	282         	10          	0.01718     	0.01761     	0.01674     
1           	283         	10          	0.01739     	0.01818     	0.01658     
1           	284         	10          	0.01706     	0.0174      	0.01672     
1           	285         	10          	0.01721     	0.01693     	0.01749     
1           	286         	10          	0.0162      	0.01668     	0.0157      
1           	287         	10          	0.01681     	0.01762     	0.016       
1           	288         	10          	0.0173      	0.01762     	0.01697     
1           	289         	10          	0.01723     	0.01716     	0.0173      
1           	290         	10          	0.01718     	0.01667     	0.01769     
1           	291         	10          	0.01771     	0.01824     	0.01716     
1           	292         	10          	0.01794     	0.01811     	0.01777     
1           	293         	10          	0.01779     	0.01791     	0.01768     
1           	294         	10          	0.01817     	0.01836     	0.01796     
1           	295         	10          	0.01824     	0.0186      	0.01788     
1           	296         	10          	0.01871     	0.01887     	0.01856     
1           	297         	10          	0.01875     	0.01899     	0.01851     
1           	298         	10          	0.01841     	0.0183      	0.01853     
1           	299         	10          	0.0183      	0.01739     	0.01924     
1           	300         	10          	0.01824     	0.0168      	0.0197      
1           	301         	10          	0.01843     	0.01696     	0.01994     
1           	302         	10          	0.01858     	0.01743     	0.01974     
1           	303         	10          	0.01835     	0.01723     	0.01949     
1           	304         	10          	0.01831     	0.01738     	0.01926     
1           	305         	10          	0.01766     	0.01629     	0.01906     
1           	306         	10          	0.01855     	0.01653     	0.02061     
1           	307         	10          	0.01774     	0.01542     	0.0201      
1           	308         	10          	0.0174      	0.015       	0.01985     
1           	309         	10          	0.01749     	0.01551     	0.01951     
1           	310         	10          	0.01812     	0.01681     	0.01945     
1           	311         	10          	0.01795     	0.01659     	0.01933     
1           	312         	10          	0.01798     	0.01643     	0.01955     
1           	313         	10          	0.01757     	0.01563     	0.01954     
1           	314         	10          	0.01839     	0.01707     	0.01973     
1           	315         	10          	0.01848     	0.01809     	0.01888     
1           	316         	10          	0.01758     	0.01756     	0.0176      
1           	317         	10          	0.01831     	0.01892     	0.01769     
1           	318         	10          	0.01865     	0.0187      	0.01861     
1           	319         	10          	0.01963     	0.0203      	0.01896     
1           	320         	10          	0.02016     	0.02146     	0.01885     
1           	321         	10          	0.01979     	0.02114     	0.01843     
1           	322         	10          	0.02001     	0.02207     	0.01792     
1           	323         	10          	0.0205      	0.02309     	0.01788     
1           	324         	10          	0.02167     	0.02469     	0.01861     
1           	325         	10          	0.02119     	0.02556     	0.01676     
1           	326         	10          	0.02179     	0.02524     	0.01831     
1           	327         	10          	0.0205      	0.02449     	0.01645     
1           	328         	10          	0.02026     	0.02308     	0.01741     
1           	329         	10          	0.02012     	0.02337     	0.01683     
1           	330         	10          	0.02068     	0.02374     	0.01757     
1           	331         	10          	0.02027     	0.02365     	0.01683     
1           	332         	10          	0.02086     	0.02405     	0.01763     
1           	333         	10          	0.02132     	0.02394     	0.01866     
1           	334         	10          	0.02141     	0.02372     	0.01906     
1           	335         	10          	0.02138     	0.02341     	0.01932     
1           	336         	10          	0.02253     	0.02458     	0.02045     
1           	337         	10          	0.02247     	0.02407     	0.02086     
1           	338         	10          	0.02212     	0.02383     	0.02037     
1           	339         	10          	0.02175     	0.02409     	0.01937     
1           	340         	10          	0.0228      	0.02576     	0.0198      
1           	341         	10          	0.02319     	0.02696     	0.01938     
1           	342         	9.95        	0.02316     	0.02597     	0.02032     
1           	343         	9.95        	0.02254     	0.02615     	0.01888     
1           	344         	10          	0.0226      	0.02707     	0.01807     
1           	345         	10          	0.02179     	0.0261      	0.01744     
1           	346         	10          	0.02205     	0.02637     	0.01768     
1           	347         	10          	0.02199     	0.02627     	0.01766     
1           	348         	10          	0.02113     	0.02567     	0.01653     
1           	349         	10          	0.02149     	0.02694     	0.01597     
1           	350         	10          	0.02095     	0.02618     	0.01565     
1           	351         	10          	0.0213      	0.02648     	0.01606     
1           	352         	10          	0.0226      	0.02779     	0.01736     
1           	353         	10          	0.02307     	0.0286      	0.01748     
1           	354         	10          	0.02293     	0.02871     	0.01708     
1           	355         	10          	0.02314     	0.02905     	0.01716     
1           	356         	10          	0.0234      	0.02838     	0.01836     
1           	357         	10          	0.02241     	0.0256      	0.01919     
1           	358         	10          	0.02114     	0.02472     	0.01752     
1           	359         	10          	0.02082     	0.0247      	0.0169      
1           	360         	10          	0.02085     	0.02379     	0.01787     
1           	361         	10          	0.02061     	0.02324     	0.01795     
1           	362         	10          	0.02135     	0.02286     	0.01981     
1           	363         	10          	0.02111     	0.02241     	0.01979     
1           	364         	10          	0.02066     	0.02182     	0.01948     
1           	365         	10          	0.01992     	0.02207     	0.01774     
1           	366         	10          	0.01962     	0.02227     	0.01694     
1           	367         	10          	0.01995     	0.02309     	0.01676     
1           	368         	10          	0.01971     	0.02299     	0.01638     
1           	369         	10          	0.0197      	0.02364     	0.01569     
1           	370         	10          	0.02048     	0.02475     	0.01614     
1           	371         	10          	0.01993     	0.02417     	0.01563     
1           	372         	10          	0.0201      	0.02365     	0.01648     
1           	373         	10          	0.02064     	0.02359     	0.01764     
1           	374         	10          	0.02065     	0.02355     	0.0177      
1           	375         	10          	0.02125     	0.02385     	0.01861     
1           	376         	10          	0.02136     	0.02409     	0.01858     
1           	377         	10          	0.02119     	0.02433     	0.01799     
1           	378         	10          	0.02051     	0.02362     	0.01734     
1           	379         	10          	0.02042     	0.0225      	0.01829     
1           	380         	10          	0.02069     	0.02277     	0.01857     
1           	381         	10          	0.02106     	0.02387     	0.0182      
1           	382         	10          	0.02157     	0.02401     	0.0191      
1           	383         	10          	0.02194     	0.02451     	0.01932     
1           	384         	9.95        	0.02185     	0.02366     	0.02001     
1           	385         	9.95        	0.02252     	0.0255      	0.01949     
1           	386         	10          	0.02255     	0.0248      	0.02025     
1           	387         	10          	0.02311     	0.02433     	0.02186     
1           	388         	10          	0.02219     	0.02345     	0.02091     
1           	389         	10          	0.02274     	0.02358     	0.02188     
1           	390         	10          	0.02201     	0.02262     	0.0214      
1           	391         	10          	0.02128     	0.02147     	0.0211      
1           	392         	10          	0.02111     	0.02038     	0.02185     
1           	393         	10          	0.02029     	0.0196      	0.02099     
1           	394         	10          	0.02033     	0.01929     	0.02137     
1           	395         	10          	0.02011     	0.01853     	0.02171     
1           	396         	10          	0.01917     	0.01752     	0.02085     
1           	397         	10          	0.01904     	0.01841     	0.01969     
1           	398         	10          	0.01914     	0.01899     	0.0193      
1           	399         	10          	0.01843     	0.01832     	0.01854     
1           	400         	10          	0.01794     	0.01781     	0.01808     
1           	401         	10          	0.01785     	0.01789     	0.01781     
1           	402         	10          	0.0179      	0.01859     	0.0172      
1           	403         	9.95        	0.01766     	0.01851     	0.0168      
1           	404         	10          	0.01751     	0.0191      	0.0159      
1           	405         	10          	0.0178      	0.0192      	0.01638     
1           	406         	10          	0.01835     	0.01945     	0.01722     
1           	407         	10          	0.01809     	0.01917     	0.017       
1           	408         	10          	0.01813     	0.01964     	0.0166      
1           	409         	10          	0.01849     	0.01965     	0.01731     
1           	410         	10          	0.01837     	0.01977     	0.01694     
1           	411         	10          	0.01813     	0.02038     	0.01585     
1           	412         	10          	0.01846     	0.02047     	0.01643     
1           	413         	10          	0.01941     	0.02167     	0.01712     
1           	414         	9.95        	0.01956     	0.02173     	0.01737     
1           	415         	10          	0.01913     	0.02208     	0.01613     
1           	416         	10          	0.01912     	0.02284     	0.01536     
1           	417         	10          	0.01887     	0.02249     	0.01522     
1           	418         	9.95        	0.01956     	0.02211     	0.01698     
1           	419         	9.95        	0.02065     	0.02318     	0.01808     
1           	420         	9.95        	0.01944     	0.02059     	0.01827     
1           	421         	9.95        	0.01941     	0.02008     	0.01874     
1           	422         	9.95        	0.01973     	0.02032     	0.01913     
1           	423         	9.95        	0.02023     	0.02003     	0.02042     
1           	424         	9.95        	0.01949     	0.01927     	0.01971     
1           	425         	9.95        	0.01995     	0.01938     	0.02053     
1           	426         	9.95        	0.02035     	0.0198      	0.02091     
1           	427         	9.95        	0.02054     	0.01981     	0.02128     
1           	428         	9.95        	0.02011     	0.01989     	0.02032     
1           	429         	10          	0.02018     	0.02031     	0.02005     
1           	430         	10          	0.01947     	0.01939     	0.01954     
1           	431         	10          	0.01923     	0.01982     	0.01863     
1           	432         	10          	0.01966     	0.02029     	0.01903     
1           	433         	10          	0.0187      	0.01919     	0.0182      
1           	434         	10          	0.01992     	0.01964     	0.02021     
1           	435         	10          	0.01931     	0.01948     	0.01915     
1           	436         	10          	0.01967     	0.01983     	0.0195      
1           	437         	10          	0.01998     	0.02085     	0.0191      
1           	438         	10          	0.02057     	0.02147     	0.01966     
1           	439         	10          	0.02115     	0.02293     	0.01935     
1           	440         	10          	0.0206      	0.0218      	0.01939     
1           	441         	10          	0.02056     	0.02125     	0.01987     
1           	442         	10          	0.0203      	0.02134     	0.01926     
1           	443         	10          	0.02003     	0.02158     	0.01846     
1           	444         	10          	0.01976     	0.02045     	0.01906     
1           	445         	10          	0.01955     	0.0209      	0.01819     
1           	446         	10          	0.01934     	0.02181     	0.01684     
1           	447         	10          	0.01861     	0.01981     	0.0174      
1           	448         	10          	0.01779     	0.01948     	0.01607     
1           	449         	10          	0.01746     	0.01836     	0.01655     
1           	450         	10          	0.01713     	0.01848     	0.01576     
1           	451         	10          	0.01712     	0.01838     	0.01584     
1           	452         	10          	0.01768     	0.01981     	0.01553     
1           	453         	10          	0.01712     	0.01978     	0.01443     
1           	454         	10          	0.01685     	0.02022     	0.01344     
1           	455         	10          	0.01724     	0.0212      	0.01323     
1           	456         	10          	0.01702     	0.0208      	0.01319     
1           	457         	10          	0.01625     	0.01982     	0.01265     
1           	458         	10          	0.0164      	0.02008     	0.01268     
1           	459         	10          	0.01715     	0.01999     	0.01427     
1           	460         	10          	0.0173      	0.01998     	0.01458     
1           	461         	10          	0.01785     	0.02165     	0.01399     
1           	462         	10          	0.01809     	0.02245     	0.01368     
1           	463         	10          	0.01841     	0.02351     	0.01325     
1           	464         	10          	0.01832     	0.02332     	0.01326     
1           	465         	10          	0.01868     	0.02403     	0.01326     
1           	466         	10          	0.01937     	0.02481     	0.01384     
1           	467         	10          	0.01993     	0.02561     	0.01417     
1           	468         	10          	0.02056     	0.02576     	0.01529     
1           	469         	10          	0.02152     	0.02728     	0.01569     
1           	470         	10          	0.02071     	0.02539     	0.01598     
1           	471         	10          	0.02106     	0.02629     	0.01577     
1           	472         	10          	0.02162     	0.02571     	0.01748     
1           	473         	10          	0.02264     	0.02787     	0.01735     
1           	474         	10          	0.022       	0.02659     	0.01736     
1           	475         	10          	0.02341     	0.02777     	0.019       
1           	476         	10          	0.02331     	0.0283      	0.01826     
1           	477         	10          	0.02446     	0.02873     	0.02014     
1           	478         	10          	0.02445     	0.02792     	0.02094     
1           	479         	10          	0.02417     	0.02782     	0.02048     
1           	480         	10          	0.02414     	0.02735     	0.0209      
1           	481         	10          	0.02377     	0.02733     	0.02017     
1           	482         	10          	0.02431     	0.02805     	0.02053     
1           	483         	10          	0.02439     	0.02955     	0.01917     
1           	484         	10          	0.02433     	0.02883     	0.01977     
1           	485         	10          	0.02438     	0.02885     	0.01986     
1           	486         	10          	0.02479     	0.02934     	0.02018     
1           	487         	10          	0.0238      	0.02704     	0.02052     
1           	488         	10          	0.02387     	0.02757     	0.02013     
1           	489         	10          	0.02347     	0.02709     	0.0198      
1           	490         	10          	0.02306     	0.02657     	0.01952     
1           	491         	10          	0.02296     	0.0272      	0.01868     
1           	492         	10          	0.02385     	0.02839     	0.01927     
1           	493         	10          	0.02355     	0.02633     	0.02075     
1           	494         	10          	0.02363     	0.02664     	0.0206      
1           	495         	10          	0.02484     	0.02762     	0.02203     
1           	496         	10          	0.02446     	0.02735     	0.02154     
1           	497         	10          	0.02416     	0.02562     	0.02268     
1           	498         	10          	0.02403     	0.02504     	0.02302     
1           	499         	10          	0.02317     	0.024       	0.02232     
1           	500         	10          	0.02278     	0.0238      	0.02176     
1           	501         	10          	0.02341     	0.02484     	0.02196     
1           	502         	10          	0.02335     	0.0249      	0.02178     
1           	503         	10          	0.02251     	0.02403     	0.02097     
1           	504         	10          	0.02157     	0.0227      	0.02043     
1           	505         	10          	0.02149     	0.02338     	0.01957     
1           	506         	10          	0.02143     	0.02315     	0.01968     
1           	507         	10          	0.02232     	0.02483     	0.01979     
1           	508         	10          	0.023       	0.02565     	0.02034     
1           	509         	10          	0.023       	0.02589     	0.0201      
1           	510         	10          	0.02254     	0.02467     	0.02039     
1           	511         	10          	0.02392     	0.02535     	0.02247     
1           	512         	10          	0.02342     	0.02494     	0.0219      
1           	513         	10          	0.02383     	0.02565     	0.02199     
1           	514         	10          	0.02388     	0.02616     	0.02159     
1           	515         	10          	0.02341     	0.02643     	0.02038     
1           	516         	10          	0.02467     	0.02697     	0.02237     
1           	517         	10          	0.02486     	0.02774     	0.02197     
1           	518         	10          	0.02452     	0.02722     	0.02182     
1           	519         	10          	0.02357     	0.02619     	0.02094     
1           	520         	10          	0.02337     	0.02583     	0.0209      
1           	521         	10          	0.02206     	0.02372     	0.0204      
1           	522         	10          	0.0216      	0.02337     	0.01982     
1           	523         	10          	0.02149     	0.02341     	0.01956     
1           	524         	10          	0.02135     	0.02301     	0.01967     
1           	525         	10          	0.02107     	0.02258     	0.01954     
1           	526         	10          	0.02045     	0.0211      	0.01979     
1           	527         	10          	0.02168     	0.02355     	0.01979     
1           	528         	10          	0.02178     	0.02373     	0.01981     
1           	529         	10          	0.02105     	0.02218     	0.01992     
1           	530         	10          	0.02092     	0.02142     	0.02041     
1           	531         	10          	0.02121     	0.02016     	0.02228     
1           	532         	10          	0.02141     	0.02039     	0.02244     
1           	533         	10          	0.0212      	0.01984     	0.02257     
1           	534         	10          	0.02163     	0.02045     	0.02282     
1           	535         	10          	0.02262     	0.02169     	0.02357     
1           	536         	10          	0.0231      	0.0232      	0.02299     
1           	537         	10          	0.02186     	0.02091     	0.02281     
1           	538         	10          	0.02297     	0.02172     	0.02423     
1           	539         	10          	0.02192     	0.01943     	0.02442     
1           	540         	10          	0.02279     	0.02139     	0.02421     
1           	541         	10          	0.02385     	0.02198     	0.02574     
1           	542         	10          	0.02321     	0.02158     	0.02486     
1           	543         	10          	0.02326     	0.02104     	0.0255      
1           	544         	10          	0.0235      	0.02088     	0.02616     
1           	545         	10          	0.02302     	0.02069     	0.02539     
1           	546         	10          	0.0229      	0.02038     	0.02546     
1           	547         	10          	0.02285     	0.02033     	0.02539     
1           	548         	10          	0.02125     	0.01818     	0.02435     
1           	549         	10          	0.02025     	0.01749     	0.02303     
1           	550         	10          	0.02044     	0.01786     	0.02305     
1           	551         	9.95        	0.02098     	0.01767     	0.02432     
1           	552         	10          	0.02119     	0.01943     	0.02296     
1           	553         	10          	0.021       	0.01888     	0.02314     
1           	554         	10          	0.02184     	0.02097     	0.02271     
1           	555         	10          	0.02185     	0.01993     	0.0238      
1           	556         	10          	0.02187     	0.02086     	0.02289     
1           	557         	10          	0.02163     	0.02227     	0.02099     
1           	558         	10          	0.02143     	0.02298     	0.01987     
1           	559         	10          	0.02104     	0.02236     	0.01971     
1           	560         	10          	0.02056     	0.02235     	0.01875     
1           	561         	10          	0.0208      	0.02223     	0.01937     
1           	562         	10          	0.02063     	0.0229      	0.01833     
1           	563         	10          	0.01977     	0.02262     	0.01689     
1           	564         	10          	0.0201      	0.02264     	0.01754     
1           	565         	10          	0.01983     	0.02349     	0.01614     
1           	566         	10          	0.01976     	0.02355     	0.01592     
1           	567         	9.95        	0.01957     	0.02349     	0.0156      
1           	568         	9.95        	0.01817     	0.02171     	0.0146      
1           	569         	10          	0.01783     	0.02102     	0.0146      
1           	570         	9.95        	0.01843     	0.02091     	0.01592     
1           	571         	10          	0.01892     	0.02144     	0.01637     
1           	572         	9.95        	0.01897     	0.02212     	0.01579     
1           	573         	10          	0.01907     	0.02223     	0.01587     
1           	574         	10          	0.02064     	0.02477     	0.01648     
1           	575         	10          	0.02077     	0.02507     	0.01642     
1           	576         	10          	0.02088     	0.02546     	0.01623     
1           	577         	9.95        	0.02082     	0.02533     	0.01624     
1           	578         	10          	0.02102     	0.02505     	0.01694     
1           	579         	9.95        	0.02122     	0.02521     	0.01718     
1           	580         	10          	0.02125     	0.02535     	0.0171      
1           	581         	10          	0.02032     	0.02461     	0.016       
1           	582         	10          	0.0203      	0.02492     	0.01563     
1           	583         	10          	0.01988     	0.02486     	0.01485     
1           	584         	10          	0.02008     	0.0242      	0.01593     
1           	585         	10          	0.02102     	0.02629     	0.01569     
1           	586         	10          	0.02121     	0.02626     	0.01611     
1           	587         	10          	0.02089     	0.02556     	0.01617     
1           	588         	10          	0.02106     	0.02452     	0.01756     
1           	589         	10          	0.02085     	0.02452     	0.01714     
1           	590         	10          	0.02051     	0.02381     	0.01719     
1           	591         	10          	0.02081     	0.02407     	0.01753     
1           	592         	10          	0.02118     	0.0242      	0.01814     
1           	593         	10          	0.02078     	0.02387     	0.01768     
1           	594         	9.95        	0.02085     	0.0245      	0.01718     
1           	595         	9.95        	0.02146     	0.02519     	0.01772     
1           	596         	9.95        	0.0201      	0.02316     	0.01702     
1           	597         	10          	0.02003     	0.02284     	0.0172      
1           	598         	10          	0.02132     	0.02461     	0.01801     
1           	599         	9.95        	0.02178     	0.02421     	0.01933     
1           	600         	9.95        	0.02137     	0.02344     	0.01928     
1           	601         	10          	0.02201     	0.02354     	0.02047     
1           	602         	10          	0.02065     	0.02248     	0.01882     
1           	603         	9.95        	0.02169     	0.02314     	0.02024     
1           	604         	10          	0.02171     	0.02254     	0.02088     
1           	605         	9.95        	0.02196     	0.02208     	0.02185     
1           	606         	9.85        	0.02259     	0.02174     	0.02344     
1           	607         	9.85        	0.02212     	0.02151     	0.02273     
1           	608         	9.9         	0.02261     	0.0232      	0.02202     
1           	609         	10          	0.02375     	0.02466     	0.02283     
1           	610         	10          	0.02294     	0.02294     	0.02294     
1           	611         	10          	0.02327     	0.02355     	0.023       
1           	612         	10          	0.02388     	0.02368     	0.02409     
1           	613         	9.95        	0.02412     	0.02408     	0.02415     
1           	614         	9.95        	0.02363     	0.02271     	0.02455     
1           	615         	9.95        	0.02242     	0.0206      	0.02425     
1           	616         	10          	0.02194     	0.01995     	0.02393     
1           	617         	9.95        	0.02125     	0.01918     	0.02331     
1           	618         	10          	0.01998     	0.01846     	0.0215      
1           	619         	9.95        	0.02011     	0.01771     	0.02251     
1           	620         	9.95        	0.0191      	0.01646     	0.02174     
1           	621         	10          	0.01961     	0.01681     	0.02239     
1           	622         	10          	0.01943     	0.01704     	0.02181     
1           	623         	10          	0.01938     	0.0175      	0.02126     
1           	624         	10          	0.0199      	0.01767     	0.02211     
1           	625         	10          	0.0199      	0.01803     	0.02176     
1           	626         	10          	0.01869     	0.01827     	0.01911     
1           	627         	10          	0.01827     	0.01797     	0.01856     
1           	628         	10          	0.01841     	0.01872     	0.01809     
1           	629         	10          	0.01962     	0.02037     	0.01889     
1           	630         	10          	0.01991     	0.02077     	0.01906     
1           	631         	10          	0.01974     	0.02015     	0.01933     
1           	632         	10          	0.02019     	0.02061     	0.01977     
1           	633         	10          	0.02043     	0.02055     	0.02031     
1           	634         	10          	0.02054     	0.0205      	0.02058     
1           	635         	10          	0.02081     	0.02142     	0.02021     
1           	636         	10          	0.02034     	0.02167     	0.01903     
1           	637         	9.95        	0.021       	0.02243     	0.01957     
1           	638         	9.95        	0.02133     	0.0223      	0.02037     
1           	639         	9.95        	0.02155     	0.02226     	0.02084     
1           	640         	10          	0.02234     	0.02251     	0.02217     
1           	641         	10          	0.02309     	0.0234      	0.02278     
1           	642         	10          	0.02283     	0.02271     	0.02294     
1           	643         	9.95        	0.02322     	0.02448     	0.02197     
1           	644         	9.95        	0.023       	0.02446     	0.02155     
1           	645         	9.95        	0.02471     	0.02657     	0.02285     
1           	646         	9.95        	0.02432     	0.02671     	0.02195     
1           	647         	9.95        	0.02539     	0.02743     	0.02336     
1           	648         	9.95        	0.02715     	0.02966     	0.02465     
1           	649         	9.95        	0.02799     	0.03037     	0.02561     
1           	650         	10          	0.02835     	0.03176     	0.02496     
1           	651         	9.95        	0.02784     	0.02973     	0.02595     
1           	652         	9.9         	0.02712     	0.02868     	0.02556     
1           	653         	9.95        	0.02741     	0.03008     	0.02476     
1           	654         	9.85        	0.02908     	0.03168     	0.0265      
1           	655         	9.9         	0.02868     	0.03133     	0.02605     
1           	656         	9.95        	0.0281      	0.03083     	0.0254      
1           	657         	9.95        	0.02858     	0.03207     	0.02512     
1           	658         	9.95        	0.02778     	0.03183     	0.02378     
1           	659         	9.95        	0.02787     	0.03231     	0.02347     
1           	660         	9.95        	0.02722     	0.03237     	0.02212     
1           	661         	9.95        	0.02738     	0.0324      	0.02241     
1           	662         	10          	0.02785     	0.03361     	0.02213     
1           	663         	10          	0.02774     	0.03265     	0.02285     
1           	664         	10          	0.0282      	0.03306     	0.02338     
1           	665         	9.95        	0.02941     	0.03539     	0.02349     
1           	666         	10          	0.0314      	0.03828     	0.02454     
1           	667         	9.95        	0.03024     	0.038       	0.02251     
1           	668         	9.95        	0.02975     	0.03751     	0.02202     
1           	669         	9.95        	0.02898     	0.03773     	0.02027     
1           	670         	9.95        	0.02907     	0.03749     	0.02067     
1           	671         	9.95        	0.0282      	0.03669     	0.01974     
1           	672         	10          	0.02738     	0.03599     	0.01879     
1           	673         	10          	0.02649     	0.03458     	0.0184      
1           	674         	9.95        	0.02586     	0.03333     	0.01839     
1           	675         	9.95        	0.02535     	0.03163     	0.01907     
1           	676         	9.9         	0.0262      	0.03119     	0.02122     
1           	677         	9.9         	0.02515     	0.02948     	0.02083     
1           	678         	9.95        	0.02471     	0.02842     	0.02102     
1           	679         	9.9         	0.02434     	0.02908     	0.01961     
1           	680         	9.9         	0.02383     	0.02877     	0.0189      
1           	681         	9.95        	0.02374     	0.02913     	0.01837     
1           	682         	9.95        	0.02539     	0.03003     	0.02075     
1           	683         	9.95        	0.02459     	0.02871     	0.02049     
1           	684         	10          	0.02441     	0.02885     	0.01998     
1           	685         	10          	0.02649     	0.03121     	0.02179     
1           	686         	10          	0.02586     	0.02986     	0.02188     
1           	687         	10          	0.02423     	0.02858     	0.01991     
1           	688         	10          	0.02421     	0.02937     	0.01907     
1           	689         	9.95        	0.02467     	0.03009     	0.01929     
1           	690         	9.9         	0.0248      	0.03023     	0.01941     
1           	691         	9.95        	0.02461     	0.02986     	0.0194      
1           	692         	9.9         	0.02522     	0.03049     	0.01998     
1           	693         	9.85        	0.02496     	0.03007     	0.0199      
1           	694         	9.9         	0.02443     	0.02982     	0.0191      
1           	695         	9.95        	0.02502     	0.02931     	0.02077     
1           	696         	9.9         	0.0247      	0.02944     	0.02001     
1           	697         	9.9         	0.02369     	0.02841     	0.019       
1           	698         	9.85        	0.02432     	0.02938     	0.01931     
1           	699         	9.95        	0.02459     	0.02943     	0.01979     
1           	700         	9.9         	0.02408     	0.02823     	0.01996     
1           	701         	9.95        	0.02382     	0.02885     	0.01884     
1           	702         	9.85        	0.02369     	0.02938     	0.01804     
1           	703         	9.9         	0.02431     	0.02968     	0.01896     
1           	704         	9.9         	0.02375     	0.02984     	0.01768     
1           	705         	9.95        	0.02256     	0.02749     	0.01764     
1           	706         	9.95        	0.02252     	0.02781     	0.01728     
1           	707         	9.95        	0.02223     	0.02759     	0.01691     
1           	708         	9.95        	0.02199     	0.02679     	0.01723     
1           	709         	10          	0.02192     	0.02601     	0.01786     
1           	710         	9.95        	0.0209      	0.02527     	0.01658     
1           	711         	9.95        	0.02112     	0.02498     	0.01731     
1           	712         	9.95        	0.02123     	0.02525     	0.01726     
1           	713         	9.95        	0.0208      	0.02481     	0.01685     
1           	714         	9.95        	0.02141     	0.02513     	0.01774     
1           	715         	9.9         	0.02094     	0.02474     	0.01718     
1           	716         	9.9         	0.02051     	0.0246      	0.01647     
1           	717         	9.9         	0.02102     	0.02571     	0.01638     
1           	718         	9.95        	0.02205     	0.02695     	0.0172      
1           	719         	9.95        	0.02316     	0.02814     	0.01822     
1           	720         	9.95        	0.02308     	0.02796     	0.01824     
1           	721         	9.9         	0.02349     	0.02851     	0.01852     
1           	722         	9.9         	0.02324     	0.02843     	0.01808     
1           	723         	10          	0.02305     	0.02747     	0.01867     
1           	724         	9.95        	0.02299     	0.027       	0.01901     
1           	725         	9.95        	0.02338     	0.02901     	0.01779     
1           	726         	9.95        	0.02342     	0.02895     	0.01791     
1           	727         	9.95        	0.02358     	0.02877     	0.01842     
1           	728         	9.95        	0.02138     	0.0254      	0.01738     
1           	729         	10          	0.0211      	0.02473     	0.01748     
1           	730         	9.95        	0.02168     	0.0259      	0.01746     
1           	731         	9.95        	0.02293     	0.02797     	0.0179      
1           	732         	10          	0.02347     	0.02875     	0.01821     
1           	733         	9.95        	0.02415     	0.03088     	0.01743     
1           	734         	9.95        	0.02266     	0.02846     	0.01685     
1           	735         	9.9         	0.02079     	0.02478     	0.01679     
1           	736         	9.9         	0.01979     	0.024       	0.01558     
1           	737         	9.9         	0.01991     	0.02401     	0.01581     
1           	738         	9.9         	0.01972     	0.02356     	0.01588     
1           	739         	9.9         	0.02051     	0.02403     	0.01698     
1           	740         	9.95        	0.02142     	0.02541     	0.01742     
1           	741         	9.95        	0.02117     	0.02434     	0.01799     
1           	742         	9.9         	0.02095     	0.02378     	0.01811     
1           	743         	9.9         	0.02142     	0.02442     	0.0184      
1           	744         	9.9         	0.02093     	0.02426     	0.01758     
1           	745         	9.95        	0.02119     	0.02513     	0.01725     
1           	746         	9.95        	0.02095     	0.02546     	0.01646     
1           	747         	9.95        	0.02065     	0.02481     	0.01652     
1           	748         	10          	0.02165     	0.02617     	0.01715     
1           	749         	9.85        	0.02224     	0.02612     	0.01837     
1           	750         	9.9         	0.02255     	0.02642     	0.0187      
1           	751         	9.85        	0.02217     	0.02568     	0.01868     
1           	752         	9.85        	0.02221     	0.02706     	0.01739     
1           	753         	9.85        	0.02163     	0.02651     	0.01678     
1           	754         	9.85        	0.02177     	0.02646     	0.01712     
1           	755         	9.8         	0.02106     	0.02666     	0.01548     
1           	756         	9.75        	0.02158     	0.02676     	0.01642     
1           	757         	9.8         	0.02072     	0.02493     	0.01653     
1           	758         	9.85        	0.01988     	0.02365     	0.01613     
1           	759         	9.9         	0.01953     	0.02315     	0.01594     
1           	760         	9.9         	0.01943     	0.02366     	0.01524     
1           	761         	9.9         	0.02035     	0.02529     	0.01546     
1           	762         	9.9         	0.02063     	0.02589     	0.0154      
1           	763         	9.9         	0.01992     	0.02562     	0.01426     
1           	764         	9.95        	0.01948     	0.024       	0.01498     
1           	765         	9.95        	0.01993     	0.02387     	0.01601     
1           	766         	9.95        	0.02018     	0.02382     	0.01655     
1           	767         	9.95        	0.01964     	0.02312     	0.01618     
1           	768         	9.85        	0.02046     	0.0231      	0.01784     
1           	769         	9.85        	0.01955     	0.02194     	0.01717     
1           	770         	9.8         	0.0186      	0.02111     	0.01611     
1           	771         	9.8         	0.01942     	0.02286     	0.016       
1           	772         	9.85        	0.01881     	0.02217     	0.01547     
1           	773         	9.75        	0.01967     	0.02393     	0.01543     
1           	774         	9.85        	0.01964     	0.024       	0.01529     
1           	775         	9.9         	0.01992     	0.02469     	0.01515     
1           	776         	9.95        	0.02001     	0.02481     	0.0152      
1           	777         	9.9         	0.01909     	0.02341     	0.01476     
1           	778         	9.85        	0.01799     	0.02205     	0.01394     
1           	779         	9.9         	0.0178      	0.02107     	0.01454     
1           	780         	9.9         	0.01824     	0.02101     	0.01545     
1           	781         	9.9         	0.01802     	0.02131     	0.01472     
1           	782         	9.9         	0.01881     	0.02187     	0.01575     
1           	783         	9.9         	0.01881     	0.02209     	0.01553     
1           	784         	9.9         	0.01881     	0.02138     	0.01623     
1           	785         	9.75        	0.01814     	0.02115     	0.01512     
1           	786         	9.7         	0.01744     	0.02045     	0.01441     
1           	787         	9.75        	0.01758     	0.02001     	0.01513     
1           	788         	9.85        	0.01749     	0.02097     	0.01399     
1           	789         	9.8         	0.01689     	0.0204      	0.01337     
1           	790         	9.85        	0.01699     	0.01999     	0.01399     
1           	791         	9.8         	0.0171      	0.01984     	0.01434     
1           	792         	9.85        	0.01767     	0.02001     	0.01532     
1           	793         	9.8         	0.01781     	0.0199      	0.01572     
1           	794         	9.75        	0.01719     	0.0189      	0.01548     
1           	795         	9.85        	0.01733     	0.01889     	0.01576     
1           	796         	9.9         	0.01852     	0.02083     	0.0162      
1           	797         	9.8         	0.01951     	0.02122     	0.01779     
1           	798         	9.7         	0.019       	0.02089     	0.01711     
1           	799         	9.75        	0.01962     	0.02098     	0.01827     
1           	800         	9.75        	0.01991     	0.02129     	0.01853     
1           	801         	9.75        	0.01887     	0.01982     	0.01792     
1           	802         	9.85        	0.01807     	0.01869     	0.01745     
1           	803         	9.85        	0.01889     	0.01768     	0.02009     
1           	804         	9.8         	0.01891     	0.01852     	0.0193      
1           	805         	9.9         	0.01852     	0.01853     	0.01852     
1           	806         	9.95        	0.01822     	0.01773     	0.01871     
1           	807         	9.95        	0.01777     	0.01781     	0.01773     
1           	808         	9.85        	0.01875     	0.01872     	0.01878     
1           	809         	9.9         	0.0192      	0.01987     	0.01853     
1           	810         	9.85        	0.0185      	0.01871     	0.0183      
1           	811         	9.85        	0.01805     	0.01777     	0.01833     
1           	812         	9.9         	0.01875     	0.01909     	0.01842     
1           	813         	9.95        	0.01898     	0.01983     	0.01812     
1           	814         	9.9         	0.01888     	0.02036     	0.01739     
1           	815         	9.75        	0.01873     	0.01967     	0.01778     
1           	816         	9.75        	0.01907     	0.02003     	0.01811     
1           	817         	9.8         	0.01801     	0.01856     	0.01746     
1           	818         	9.8         	0.01805     	0.01781     	0.0183      
1           	819         	9.85        	0.01829     	0.01894     	0.01764     
1           	820         	9.85        	0.01935     	0.01992     	0.01877     
1           	821         	9.85        	0.01945     	0.01907     	0.01982     
1           	822         	9.85        	0.02024     	0.0196      	0.02086     
1           	823         	9.85        	0.02099     	0.02003     	0.02194     
1           	824         	9.85        	0.02118     	0.02153     	0.02082     
1           	825         	9.8         	0.02091     	0.02206     	0.01977     
1           	826         	9.7         	0.0215      	0.02355     	0.01946     
1           	827         	9.75        	0.02214     	0.02348     	0.02082     
1           	828         	9.75        	0.02218     	0.02279     	0.02157     
1           	829         	9.75        	0.02213     	0.02267     	0.02159     
1           	830         	9.75        	0.02323     	0.02354     	0.02293     
1           	831         	9.75        	0.02359     	0.02395     	0.02323     
1           	832         	9.7         	0.02451     	0.02444     	0.02459     
1           	833         	9.8         	0.02475     	0.02514     	0.02435     
1           	834         	9.75        	0.02534     	0.0257      	0.02499     
1           	835         	9.75        	0.02395     	0.02386     	0.02404     
1           	836         	9.75        	0.025       	0.02448     	0.02551     
1           	837         	9.7         	0.02405     	0.02276     	0.02533     
1           	838         	9.75        	0.0243      	0.02214     	0.02643     
1           	839         	9.8         	0.02417     	0.0232      	0.02513     
1           	840         	9.9         	0.02424     	0.02311     	0.02536     
1           	841         	9.85        	0.02419     	0.02294     	0.02544     
1           	842         	9.85        	0.02371     	0.02103     	0.02636     
1           	843         	9.85        	0.02284     	0.01974     	0.0259      
1           	844         	9.85        	0.02237     	0.01923     	0.02547     
1           	845         	9.85        	0.02129     	0.01831     	0.02423     
1           	846         	9.85        	0.0211      	0.01908     	0.02309     
1           	847         	9.85        	0.02085     	0.01959     	0.0221      
1           	848         	9.9         	0.02148     	0.01986     	0.02306     
1           	849         	9.9         	0.02136     	0.01947     	0.02322     
1           	850         	9.95        	0.02125     	0.02007     	0.02242     
1           	851         	9.9         	0.02118     	0.01984     	0.0225      
1           	852         	9.9         	0.02104     	0.02005     	0.022       
1           	853         	9.9         	0.02176     	0.02075     	0.02275     
1           	854         	9.9         	0.02307     	0.02158     	0.02452     
1           	855         	9.85        	0.02421     	0.02323     	0.02516     
1           	856         	9.85        	0.02456     	0.02406     	0.02505     
1           	857         	9.8         	0.02397     	0.02289     	0.02503     
1           	858         	9.9         	0.02264     	0.02254     	0.02274     
1           	859         	9.85        	0.02233     	0.02243     	0.02224     
1           	860         	9.85        	0.02183     	0.02297     	0.02072     
1           	861         	9.85        	0.02249     	0.02308     	0.02192     
1           	862         	9.8         	0.02263     	0.02298     	0.02229     
1           	863         	9.8         	0.02171     	0.02139     	0.02202     
1           	864         	9.75        	0.02233     	0.02306     	0.02162     
1           	865         	9.85        	0.02294     	0.02456     	0.02137     
1           	866         	9.75        	0.02308     	0.02532     	0.02089     
1           	867         	9.75        	0.02357     	0.02709     	0.02015     
1           	868         	9.7         	0.02389     	0.02678     	0.02107     
1           	869         	9.7         	0.02403     	0.02826     	0.01991     
1           	870         	9.65        	0.02479     	0.02906     	0.02063     
1           	871         	9.75        	0.02523     	0.02948     	0.02109     
1           	872         	9.65        	0.02661     	0.03051     	0.0228      
1           	873         	9.6         	0.02628     	0.03142     	0.02125     
1           	874         	9.55        	0.02645     	0.03259     	0.02043     
1           	875         	9.6         	0.02708     	0.03338     	0.02093     
1           	876         	9.65        	0.02715     	0.03174     	0.02266     
1           	877         	9.55        	0.02715     	0.03078     	0.0236      
1           	878         	9.6         	0.0267      	0.03024     	0.02324     
1           	879         	9.75        	0.02688     	0.03131     	0.02253     
1           	880         	9.75        	0.02743     	0.03157     	0.02337     
1           	881         	9.75        	0.02661     	0.0307      	0.02259     
1           	882         	9.7         	0.02688     	0.03127     	0.02256     
1           	883         	9.75        	0.02516     	0.02923     	0.02115     
1           	884         	9.85        	0.02642     	0.03028     	0.02262     
1           	885         	9.75        	0.02518     	0.02823     	0.02218     
1           	886         	9.8         	0.02489     	0.0267      	0.02311     
1           	887         	9.8         	0.02518     	0.02682     	0.02357     
1           	888         	9.7         	0.02575     	0.02771     	0.02382     
1           	889         	9.7         	0.02574     	0.02757     	0.02395     
1           	890         	9.55        	0.02594     	0.02774     	0.02416     
1           	891         	9.5         	0.02624     	0.02663     	0.02585     
1           	892         	9.45        	0.02548     	0.02484     	0.02612     
1           	893         	9.5         	0.02613     	0.02607     	0.02618     
1           	894         	9.55        	0.02602     	0.02724     	0.02482     
1           	895         	9.55        	0.02614     	0.02765     	0.02465     
1           	896         	9.65        	0.02583     	0.02732     	0.02437     
1           	897         	9.65        	0.0255      	0.02586     	0.02514     
1           	898         	9.5         	0.02585     	0.02729     	0.02442     
1           	899         	9.6         	0.02619     	0.02857     	0.02385     
1           	900         	9.7         	0.02705     	0.02874     	0.02538     
1           	901         	9.6         	0.02605     	0.02715     	0.02497     
1           	902         	9.7         	0.02414     	0.02615     	0.02214     
1           	903         	9.6         	0.02471     	0.0263      	0.02313     
1           	904         	9.55        	0.02513     	0.02668     	0.02359     
1           	905         	9.5         	0.02606     	0.02791     	0.02423     
1           	906         	9.6         	0.02537     	0.02755     	0.02321     
1           	907         	9.45        	0.02509     	0.02705     	0.02314     
1           	908         	9.5         	0.02506     	0.02696     	0.02318     
1           	909         	9.55        	0.02558     	0.02754     	0.02363     
1           	910         	9.6         	0.02431     	0.02731     	0.02134     
1           	911         	9.55        	0.02438     	0.02808     	0.02073     
1           	912         	9.55        	0.0233      	0.02604     	0.02059     
1           	913         	9.55        	0.02296     	0.02598     	0.01996     
1           	914         	9.5         	0.02289     	0.02621     	0.0196      
1           	915         	9.45        	0.02334     	0.02768     	0.01903     
1           	916         	9.45        	0.02325     	0.02785     	0.01871     
1           	917         	9.3         	0.0233      	0.02862     	0.01804     
1           	918         	9.4         	0.02281     	0.0277      	0.01797     
1           	919         	9.35        	0.02197     	0.02625     	0.01771     
1           	920         	9.35        	0.02177     	0.02659     	0.01698     
1           	921         	9.4         	0.02123     	0.02682     	0.01567     
1           	922         	9.45        	0.02243     	0.02832     	0.01656     
1           	923         	9.4         	0.0224      	0.02775     	0.01709     
1           	924         	9.45        	0.02144     	0.0264      	0.01652     
1           	925         	9.25        	0.02126     	0.02589     	0.01666     
1           	926         	9.3         	0.02169     	0.02568     	0.01773     
1           	927         	9.35        	0.02188     	0.02533     	0.01847     
1           	928         	9.4         	0.02155     	0.02514     	0.01798     
1           	929         	9.3         	0.02102     	0.02346     	0.0186      
1           	930         	9.3         	0.02111     	0.02359     	0.01864     
1           	931         	9.4         	0.02121     	0.0235      	0.01893     
1           	932         	9.35        	0.02247     	0.02467     	0.02027     
1           	933         	9.4         	0.02262     	0.0262      	0.01906     
1           	934         	9.4         	0.02285     	0.02681     	0.01891     
1           	935         	9.5         	0.02319     	0.027       	0.01939     
1           	936         	9.45        	0.02283     	0.02637     	0.01931     
1           	937         	9.5         	0.02272     	0.02555     	0.01991     
1           	938         	9.5         	0.02281     	0.02622     	0.01944     
1           	939         	9.4         	0.02209     	0.02488     	0.01933     
1           	940         	9.35        	0.02277     	0.02476     	0.0208      
1           	941         	9.4         	0.02237     	0.02493     	0.01985     
1           	942         	9.45        	0.02306     	0.02473     	0.02142     
1           	943         	9.4         	0.02362     	0.02537     	0.02189     
1           	944         	9.4         	0.02411     	0.02587     	0.02237     
1           	945         	9.4         	0.02425     	0.02534     	0.02317     
1           	946         	9.4         	0.02523     	0.02543     	0.02503     
1           	947         	9.5         	0.02545     	0.02456     	0.02633     
1           	948         	9.45        	0.02416     	0.02306     	0.02524     
1           	949         	9.55        	0.02384     	0.02376     	0.02392     
1           	950         	9.45        	0.02418     	0.02355     	0.02479     
1           	951         	9.35        	0.02533     	0.0245      	0.02614     
1           	952         	9.45        	0.02389     	0.02397     	0.02381     
1           	953         	9.55        	0.02303     	0.02371     	0.02237     
1           	954         	9.6         	0.02369     	0.02431     	0.02308     
1           	955         	9.55        	0.02237     	0.02201     	0.02271     
1           	956         	9.6         	0.0222      	0.02281     	0.02161     
1           	957         	9.7         	0.02153     	0.02288     	0.02021     
1           	958         	9.7         	0.02178     	0.02277     	0.02081     
1           	959         	9.55        	0.02195     	0.02294     	0.02098     
1           	960         	9.5         	0.02214     	0.0228      	0.0215      
1           	961         	9.65        	0.02264     	0.02511     	0.02024     
1           	962         	9.65        	0.02246     	0.02502     	0.01995     
1           	963         	9.55        	0.02246     	0.02585     	0.01915     
1           	964         	9.6         	0.02334     	0.02688     	0.01987     
1           	965         	9.6         	0.02249     	0.02539     	0.01965     
1           	966         	9.6         	0.02263     	0.02435     	0.02095     
1           	967         	9.65        	0.02165     	0.02321     	0.02012     
1           	968         	9.65        	0.02192     	0.0236      	0.02028     
1           	969         	9.7         	0.02254     	0.02424     	0.02087     
1           	970         	9.6         	0.02288     	0.02491     	0.02088     
1           	971         	9.6         	0.02308     	0.02536     	0.02085     
1           	972         	9.45        	0.0234      	0.02594     	0.0209      
1           	973         	9.6         	0.02289     	0.0248      	0.021       
1           	974         	9.6         	0.02394     	0.02657     	0.02136     
1           	975         	9.55        	0.0247      	0.02744     	0.022       
1           	976         	9.45        	0.02417     	0.02683     	0.02156     
1           	977         	9.5         	0.02489     	0.02816     	0.02166     
1           	978         	9.6         	0.0254      	0.02925     	0.02161     
1           	979         	9.5         	0.0257      	0.031       	0.02049     
1           	980         	9.55        	0.02621     	0.03063     	0.02187     
1           	981         	9.65        	0.02616     	0.03049     	0.0219      
1           	982         	9.75        	0.02622     	0.03019     	0.02232     
1           	983         	9.65        	0.02548     	0.02842     	0.02261     
1           	984         	9.75        	0.02523     	0.02768     	0.02283     
1           	985         	9.7         	0.02559     	0.02783     	0.02338     
1           	986         	9.7         	0.02511     	0.02725     	0.023       
1           	987         	9.65        	0.0245      	0.02719     	0.02184     
1           	988         	9.65        	0.0247      	0.02667     	0.02276     
1           	989         	9.8         	0.02488     	0.0281      	0.02171     
1           	990         	9.8         	0.02465     	0.02767     	0.02169     
1           	991         	9.75        	0.0249      	0.02759     	0.02226     
1           	992         	9.65        	0.02608     	0.02889     	0.02332     
1           	993         	9.6         	0.02491     	0.02633     	0.02352     
1           	994         	9.65        	0.0251      	0.02617     	0.02407     
1           	995         	9.7         	0.0246      	0.02446     	0.02473     
1           	996         	9.6         	0.02428     	0.02472     	0.02385     
1           	997         	9.65        	0.02546     	0.02577     	0.02516     
1           	998         	9.5         	0.02612     	0.02682     	0.02544     
1           	999         	9.6         	0.02574     	0.02819     	0.02336     
1           	1000        	9.7         	0.0254      	0.02853     	0.02236     
