generation  	adlt.nbInd  	q.adlt.a.freq_l1_a1	q.adlt.a.freq_l1_a2	q.adlt.a.freq_l2_a1	q.adlt.a.freq_l2_a2	alive.rpl   
1           	2           	0.5         	0.5         	0.5         	0.5         	100         
2           	9.64        	0.4893      	0.5107      	0.5045      	0.4955      	100         
3           	50.23       	0.6217      	0.3783      	0.4696      	0.5304      	99          
4           	245.4       	0.6824      	0.3176      	0.4587      	0.5413      	99          
5           	834.5       	0.7221      	0.2779      	0.4483      	0.5517      	99          
6           	997.6       	0.7557      	0.2443      	0.4412      	0.5588      	99          
7           	1000        	0.7821      	0.2179      	0.4347      	0.5653      	99          
8           	1000        	0.8018      	0.1982      	0.4298      	0.5702      	99          
9           	1000        	0.8164      	0.1836      	0.4262      	0.5738      	99          
10          	1000        	0.8298      	0.1702      	0.4214      	0.5786      	99          
11          	1000        	0.8409      	0.1591      	0.4178      	0.5822      	99          
12          	1000        	0.8505      	0.1495      	0.4161      	0.5839      	99          
13          	1000        	0.8592      	0.1408      	0.4158      	0.5842      	99          
14          	1000        	0.8685      	0.1315      	0.4147      	0.5853      	99          
15          	1000        	0.8757      	0.1243      	0.4119      	0.5881      	99          
16          	1000        	0.883       	0.117       	0.4096      	0.5904      	99          
17          	1000        	0.8879      	0.1121      	0.4074      	0.5926      	99          
18          	1000        	0.8938      	0.1062      	0.4069      	0.5931      	99          
19          	1000        	0.8988      	0.1012      	0.4059      	0.5941      	99          
20          	1000        	0.9021      	0.09794     	0.4045      	0.5955      	99          
21          	1000        	0.9046      	0.09543     	0.4022      	0.5978      	99          
22          	1000        	0.9075      	0.09245     	0.4019      	0.5981      	99          
23          	1000        	0.9107      	0.0893      	0.4002      	0.5998      	99          
24          	1000        	0.9136      	0.08637     	0.398       	0.602       	99          
25          	1000        	0.9163      	0.08374     	0.397       	0.603       	99          
26          	1000        	0.918       	0.08197     	0.397       	0.603       	99          
27          	1000        	0.9204      	0.07962     	0.3985      	0.6015      	99          
28          	1000        	0.9232      	0.07676     	0.3987      	0.6013      	99          
29          	1000        	0.9251      	0.07485     	0.4001      	0.5999      	99          
30          	1000        	0.9268      	0.0732      	0.3998      	0.6002      	99          
31          	1000        	0.9285      	0.07152     	0.3985      	0.6015      	99          
32          	1000        	0.9299      	0.07013     	0.398       	0.602       	99          
33          	1000        	0.9307      	0.06928     	0.3975      	0.6025      	99          
34          	1000        	0.9315      	0.06847     	0.3968      	0.6032      	99          
35          	1000        	0.9331      	0.06689     	0.3969      	0.6031      	99          
36          	1000        	0.934       	0.06604     	0.3954      	0.6046      	99          
37          	1000        	0.936       	0.06397     	0.3953      	0.6047      	99          
38          	1000        	0.9361      	0.06391     	0.3933      	0.6067      	99          
39          	1000        	0.9372      	0.06283     	0.3957      	0.6043      	99          
40          	1000        	0.9383      	0.06172     	0.3961      	0.6039      	99          
41          	1000        	0.9391      	0.06094     	0.3974      	0.6026      	99          
42          	1000        	0.9397      	0.06031     	0.3952      	0.6048      	99          
43          	1000        	0.9409      	0.05914     	0.3938      	0.6062      	99          
44          	1000        	0.9412      	0.05882     	0.3963      	0.6037      	99          
45          	1000        	0.9425      	0.05748     	0.3954      	0.6046      	99          
46          	1000        	0.944       	0.05598     	0.3942      	0.6058      	99          
47          	1000        	0.9457      	0.05434     	0.3952      	0.6048      	99          
48          	1000        	0.9458      	0.05419     	0.3931      	0.6069      	99          
49          	1000        	0.9471      	0.05289     	0.3909      	0.6091      	99          
50          	1000        	0.9479      	0.05209     	0.3909      	0.6091      	99          
51          	1000        	0.9487      	0.05127     	0.3914      	0.6086      	99          
52          	1000        	0.9491      	0.05088     	0.3914      	0.6086      	99          
53          	1000        	0.9501      	0.04987     	0.3904      	0.6096      	99          
54          	1000        	0.951       	0.04901     	0.3904      	0.6096      	99          
55          	1000        	0.9515      	0.04852     	0.3901      	0.6099      	99          
56          	1000        	0.9525      	0.04746     	0.3906      	0.6094      	99          
57          	1000        	0.9535      	0.04655     	0.3895      	0.6105      	99          
58          	1000        	0.954       	0.04602     	0.3896      	0.6104      	99          
59          	1000        	0.9545      	0.0455      	0.3893      	0.6107      	99          
60          	1000        	0.9551      	0.04487     	0.3879      	0.6121      	99          
61          	1000        	0.9556      	0.04444     	0.3877      	0.6123      	99          
62          	1000        	0.9559      	0.04414     	0.3862      	0.6138      	99          
63          	1000        	0.9564      	0.04361     	0.3867      	0.6133      	99          
64          	1000        	0.9578      	0.04224     	0.3858      	0.6142      	99          
65          	1000        	0.9587      	0.04128     	0.3851      	0.6149      	99          
66          	1000        	0.9587      	0.0413      	0.3859      	0.6141      	99          
67          	1000        	0.9598      	0.04023     	0.386       	0.614       	99          
68          	1000        	0.9596      	0.04035     	0.384       	0.616       	99          
69          	1000        	0.9605      	0.03949     	0.3839      	0.6161      	99          
70          	1000        	0.9612      	0.03877     	0.3841      	0.6159      	99          
71          	1000        	0.9615      	0.03852     	0.3843      	0.6157      	99          
72          	1000        	0.9626      	0.03743     	0.3825      	0.6175      	99          
73          	1000        	0.9626      	0.03735     	0.3825      	0.6175      	99          
74          	1000        	0.9629      	0.03713     	0.3832      	0.6168      	99          
75          	1000        	0.9634      	0.03658     	0.3824      	0.6176      	99          
76          	1000        	0.9637      	0.03634     	0.3825      	0.6175      	99          
77          	1000        	0.9639      	0.0361      	0.3817      	0.6183      	99          
78          	1000        	0.9637      	0.03631     	0.3821      	0.6179      	99          
79          	1000        	0.9637      	0.03634     	0.3811      	0.6189      	99          
80          	1000        	0.964       	0.03596     	0.3815      	0.6185      	99          
81          	1000        	0.9643      	0.03569     	0.3813      	0.6187      	99          
82          	1000        	0.9646      	0.03537     	0.3797      	0.6203      	99          
83          	1000        	0.9649      	0.03512     	0.3812      	0.6188      	99          
84          	1000        	0.9647      	0.03531     	0.3803      	0.6197      	99          
85          	1000        	0.9649      	0.03506     	0.3788      	0.6212      	99          
86          	1000        	0.9659      	0.03412     	0.3782      	0.6218      	99          
87          	1000        	0.9659      	0.03414     	0.3765      	0.6235      	99          
88          	1000        	0.9661      	0.0339      	0.3785      	0.6215      	99          
89          	1000        	0.9667      	0.03331     	0.3768      	0.6232      	99          
90          	1000        	0.9666      	0.03338     	0.3762      	0.6238      	99          
91          	1000        	0.9667      	0.0333      	0.3752      	0.6248      	99          
92          	1000        	0.9663      	0.03374     	0.3738      	0.6262      	99          
93          	1000        	0.9663      	0.03374     	0.3737      	0.6263      	99          
94          	1000        	0.9672      	0.03279     	0.3735      	0.6265      	99          
95          	1000        	0.9674      	0.0326      	0.3744      	0.6256      	99          
96          	1000        	0.9678      	0.03222     	0.3739      	0.6261      	99          
97          	1000        	0.9684      	0.03159     	0.3749      	0.6251      	99          
98          	1000        	0.969       	0.03097     	0.3738      	0.6262      	99          
99          	1000        	0.9687      	0.03128     	0.3728      	0.6272      	99          
100         	1000        	0.969       	0.03102     	0.3732      	0.6268      	99          
101         	1000        	0.9692      	0.03076     	0.3736      	0.6264      	99          
102         	1000        	0.9697      	0.03028     	0.3731      	0.6269      	99          
103         	1000        	0.9696      	0.03035     	0.372       	0.628       	99          
104         	1000        	0.9701      	0.02988     	0.3709      	0.6291      	99          
105         	1000        	0.9706      	0.02939     	0.3715      	0.6285      	99          
106         	1000        	0.971       	0.02898     	0.3741      	0.6259      	99          
107         	1000        	0.9704      	0.02957     	0.3744      	0.6256      	99          
108         	1000        	0.9706      	0.02935     	0.3748      	0.6252      	99          
109         	1000        	0.9706      	0.0294      	0.3753      	0.6247      	99          
110         	1000        	0.9706      	0.02939     	0.3765      	0.6235      	99          
111         	1000        	0.9708      	0.02918     	0.3763      	0.6237      	99          
112         	1000        	0.9709      	0.02911     	0.3749      	0.6251      	99          
113         	1000        	0.9708      	0.02922     	0.3742      	0.6258      	99          
114         	1000        	0.9712      	0.02881     	0.3728      	0.6272      	99          
115         	1000        	0.9714      	0.0286      	0.3721      	0.6279      	99          
116         	1000        	0.9718      	0.02824     	0.3718      	0.6282      	99          
117         	1000        	0.9717      	0.02828     	0.372       	0.628       	99          
118         	1000        	0.9719      	0.02807     	0.3722      	0.6278      	99          
119         	1000        	0.972       	0.02803     	0.3728      	0.6272      	99          
120         	1000        	0.9718      	0.02817     	0.3729      	0.6271      	99          
121         	1000        	0.972       	0.02796     	0.3722      	0.6278      	99          
122         	1000        	0.9715      	0.02845     	0.3724      	0.6276      	99          
123         	1000        	0.9713      	0.02866     	0.3724      	0.6276      	99          
124         	1000        	0.9717      	0.02834     	0.3738      	0.6262      	99          
125         	1000        	0.9721      	0.02789     	0.3718      	0.6282      	99          
126         	1000        	0.9724      	0.02762     	0.3728      	0.6272      	99          
127         	1000        	0.9725      	0.02745     	0.3737      	0.6263      	99          
128         	1000        	0.9736      	0.02639     	0.3746      	0.6254      	99          
129         	1000        	0.9735      	0.02647     	0.3744      	0.6256      	99          
130         	1000        	0.9737      	0.02628     	0.3737      	0.6263      	99          
131         	1000        	0.9738      	0.02618     	0.3742      	0.6258      	99          
132         	1000        	0.9741      	0.02593     	0.375       	0.625       	99          
133         	1000        	0.9743      	0.02571     	0.3751      	0.6249      	99          
134         	1000        	0.9745      	0.02552     	0.3754      	0.6246      	99          
135         	1000        	0.974       	0.02599     	0.3765      	0.6235      	99          
136         	1000        	0.9743      	0.02571     	0.378       	0.622       	99          
137         	1000        	0.9741      	0.02589     	0.3789      	0.6211      	99          
138         	1000        	0.9739      	0.02607     	0.3777      	0.6223      	99          
139         	1000        	0.9735      	0.02652     	0.3772      	0.6228      	99          
140         	1000        	0.9732      	0.02676     	0.3778      	0.6222      	99          
141         	1000        	0.9737      	0.02633     	0.3764      	0.6236      	99          
142         	1000        	0.9734      	0.02656     	0.377       	0.623       	99          
143         	1000        	0.9736      	0.0264      	0.378       	0.622       	99          
144         	1000        	0.9734      	0.02659     	0.378       	0.622       	99          
145         	1000        	0.9733      	0.02669     	0.3774      	0.6226      	99          
146         	1000        	0.9737      	0.02634     	0.3787      	0.6213      	99          
147         	1000        	0.9736      	0.02638     	0.3788      	0.6212      	99          
148         	1000        	0.974       	0.02595     	0.3786      	0.6214      	99          
149         	1000        	0.9739      	0.02614     	0.379       	0.621       	99          
150         	1000        	0.9742      	0.02577     	0.3765      	0.6235      	99          
151         	1000        	0.9743      	0.02566     	0.3763      	0.6237      	99          
152         	1000        	0.9745      	0.02554     	0.376       	0.624       	99          
153         	1000        	0.9745      	0.02553     	0.3749      	0.6251      	99          
154         	1000        	0.975       	0.02498     	0.3751      	0.6249      	99          
155         	1000        	0.9744      	0.02562     	0.3758      	0.6242      	99          
156         	1000        	0.9743      	0.02569     	0.3764      	0.6236      	99          
157         	1000        	0.974       	0.02598     	0.3737      	0.6263      	99          
158         	1000        	0.9745      	0.02546     	0.3737      	0.6263      	99          
159         	1000        	0.9741      	0.02594     	0.3738      	0.6262      	99          
160         	1000        	0.9743      	0.02574     	0.3744      	0.6256      	99          
161         	1000        	0.9743      	0.02573     	0.3756      	0.6244      	99          
162         	1000        	0.9743      	0.02565     	0.3763      	0.6237      	99          
163         	1000        	0.9746      	0.02537     	0.3759      	0.6241      	99          
164         	1000        	0.9745      	0.02555     	0.3762      	0.6238      	99          
165         	1000        	0.9745      	0.02546     	0.3762      	0.6238      	99          
166         	1000        	0.9748      	0.02523     	0.376       	0.624       	99          
167         	1000        	0.9745      	0.02546     	0.3739      	0.6261      	99          
168         	1000        	0.9744      	0.02565     	0.3744      	0.6256      	99          
169         	1000        	0.9746      	0.02543     	0.3724      	0.6276      	99          
170         	1000        	0.9749      	0.02512     	0.3723      	0.6277      	99          
171         	1000        	0.9747      	0.0253      	0.3727      	0.6273      	99          
172         	1000        	0.9739      	0.0261      	0.3737      	0.6263      	99          
173         	1000        	0.9734      	0.02657     	0.373       	0.627       	99          
174         	1000        	0.9735      	0.02652     	0.3735      	0.6265      	99          
175         	1000        	0.9738      	0.02625     	0.3731      	0.6269      	99          
176         	1000        	0.9734      	0.0266      	0.3733      	0.6267      	99          
177         	1000        	0.9735      	0.02653     	0.3732      	0.6268      	99          
178         	1000        	0.9736      	0.02637     	0.3737      	0.6263      	99          
179         	1000        	0.9739      	0.02611     	0.3739      	0.6261      	99          
180         	1000        	0.9745      	0.02547     	0.3745      	0.6255      	99          
181         	1000        	0.9749      	0.02513     	0.3763      	0.6237      	99          
182         	1000        	0.975       	0.025       	0.3784      	0.6216      	99          
183         	1000        	0.9755      	0.02447     	0.3785      	0.6215      	99          
184         	1000        	0.9754      	0.02455     	0.3775      	0.6225      	99          
185         	1000        	0.9754      	0.02455     	0.3776      	0.6224      	99          
186         	1000        	0.9754      	0.02459     	0.3785      	0.6215      	99          
187         	1000        	0.9753      	0.02469     	0.3787      	0.6213      	99          
188         	1000        	0.9752      	0.0248      	0.3778      	0.6222      	99          
189         	1000        	0.9751      	0.02488     	0.3779      	0.6221      	99          
190         	1000        	0.9751      	0.02491     	0.3771      	0.6229      	99          
191         	1000        	0.975       	0.02498     	0.3768      	0.6232      	99          
192         	1000        	0.9752      	0.02481     	0.3773      	0.6227      	99          
193         	1000        	0.9749      	0.02508     	0.3773      	0.6227      	99          
194         	1000        	0.975       	0.02503     	0.3776      	0.6224      	99          
195         	1000        	0.9752      	0.02483     	0.3763      	0.6237      	99          
196         	1000        	0.9753      	0.02467     	0.3752      	0.6248      	99          
197         	1000        	0.9754      	0.02457     	0.3746      	0.6254      	99          
198         	1000        	0.9754      	0.02457     	0.3738      	0.6262      	99          
199         	1000        	0.9759      	0.02411     	0.3744      	0.6256      	99          
200         	1000        	0.9759      	0.02413     	0.3758      	0.6242      	99          
201         	1000        	0.9756      	0.02436     	0.3767      	0.6233      	99          
202         	1000        	0.9755      	0.02446     	0.3771      	0.6229      	99          
203         	1000        	0.9752      	0.02484     	0.3766      	0.6234      	99          
204         	1000        	0.9757      	0.02433     	0.3764      	0.6236      	99          
205         	1000        	0.9753      	0.02471     	0.376       	0.624       	99          
206         	1000        	0.9753      	0.02472     	0.3751      	0.6249      	99          
207         	1000        	0.9753      	0.02469     	0.3745      	0.6255      	99          
208         	1000        	0.9752      	0.02475     	0.3742      	0.6258      	99          
209         	1000        	0.9752      	0.02478     	0.3728      	0.6272      	99          
210         	1000        	0.9752      	0.02478     	0.3721      	0.6279      	99          
211         	1000        	0.9754      	0.02458     	0.3704      	0.6296      	99          
212         	1000        	0.9762      	0.02383     	0.3712      	0.6288      	99          
213         	1000        	0.976       	0.02404     	0.3719      	0.6281      	99          
214         	1000        	0.9758      	0.02418     	0.3709      	0.6291      	99          
215         	1000        	0.9758      	0.02418     	0.3712      	0.6288      	99          
216         	1000        	0.9759      	0.02409     	0.3704      	0.6296      	99          
217         	1000        	0.9759      	0.02412     	0.3696      	0.6304      	99          
218         	1000        	0.9758      	0.02424     	0.3697      	0.6303      	99          
219         	1000        	0.9757      	0.02427     	0.3692      	0.6308      	99          
220         	1000        	0.9758      	0.02415     	0.3681      	0.6319      	99          
221         	1000        	0.976       	0.02401     	0.3673      	0.6327      	99          
222         	1000        	0.9759      	0.02411     	0.3666      	0.6334      	99          
223         	1000        	0.9764      	0.02356     	0.3648      	0.6352      	99          
224         	1000        	0.9768      	0.02323     	0.3644      	0.6356      	99          
225         	1000        	0.9766      	0.02344     	0.3633      	0.6367      	99          
226         	1000        	0.9766      	0.02337     	0.3642      	0.6358      	99          
227         	1000        	0.9762      	0.02375     	0.3643      	0.6357      	99          
228         	1000        	0.976       	0.02395     	0.3636      	0.6364      	99          
229         	1000        	0.9762      	0.02377     	0.3644      	0.6356      	99          
230         	1000        	0.9758      	0.02423     	0.3651      	0.6349      	99          
231         	1000        	0.9754      	0.02464     	0.3666      	0.6334      	99          
232         	1000        	0.9756      	0.02445     	0.3663      	0.6337      	99          
233         	1000        	0.9753      	0.02469     	0.3672      	0.6328      	99          
234         	1000        	0.9747      	0.02534     	0.3659      	0.6341      	99          
235         	1000        	0.9742      	0.02581     	0.3662      	0.6338      	99          
236         	1000        	0.9742      	0.02576     	0.367       	0.633       	99          
237         	1000        	0.9738      	0.02616     	0.3673      	0.6327      	99          
238         	1000        	0.974       	0.02604     	0.3669      	0.6331      	99          
239         	1000        	0.9743      	0.02574     	0.3653      	0.6347      	99          
240         	1000        	0.9744      	0.02565     	0.3666      	0.6334      	99          
241         	1000        	0.9742      	0.02579     	0.3673      	0.6327      	99          
242         	1000        	0.9743      	0.02567     	0.3656      	0.6344      	99          
243         	1000        	0.9748      	0.02524     	0.3649      	0.6351      	99          
244         	1000        	0.9746      	0.02538     	0.3656      	0.6344      	99          
245         	1000        	0.9742      	0.02577     	0.3648      	0.6352      	99          
246         	1000        	0.9737      	0.02627     	0.3664      	0.6336      	99          
247         	1000        	0.9739      	0.02613     	0.3663      	0.6337      	99          
248         	1000        	0.9738      	0.02619     	0.3653      	0.6347      	99          
249         	1000        	0.9736      	0.02644     	0.3654      	0.6346      	99          
250         	1000        	0.9732      	0.02682     	0.3655      	0.6345      	99          
251         	1000        	0.9731      	0.02687     	0.3652      	0.6348      	99          
252         	1000        	0.9731      	0.02685     	0.364       	0.636       	99          
253         	1000        	0.9731      	0.02685     	0.3639      	0.6361      	99          
254         	1000        	0.973       	0.02702     	0.3634      	0.6366      	99          
255         	1000        	0.9729      	0.02713     	0.3628      	0.6372      	99          
256         	1000        	0.9724      	0.0276      	0.3628      	0.6372      	99          
257         	1000        	0.9719      	0.02807     	0.3626      	0.6374      	99          
258         	1000        	0.9719      	0.02812     	0.3636      	0.6364      	99          
259         	1000        	0.9716      	0.02844     	0.3635      	0.6365      	99          
260         	1000        	0.9716      	0.02838     	0.3637      	0.6363      	99          
261         	1000        	0.9711      	0.02895     	0.3631      	0.6369      	99          
262         	1000        	0.971       	0.02899     	0.3624      	0.6376      	99          
263         	1000        	0.9717      	0.02826     	0.364       	0.636       	99          
264         	1000        	0.972       	0.02796     	0.3648      	0.6352      	99          
265         	1000        	0.9725      	0.02752     	0.3651      	0.6349      	99          
266         	1000        	0.9724      	0.02756     	0.3654      	0.6346      	99          
267         	1000        	0.9722      	0.02778     	0.3658      	0.6342      	99          
268         	1000        	0.9717      	0.02825     	0.3676      	0.6324      	99          
269         	1000        	0.9718      	0.02819     	0.37        	0.63        	99          
270         	1000        	0.9717      	0.02826     	0.3694      	0.6306      	99          
271         	1000        	0.9713      	0.02866     	0.37        	0.63        	99          
272         	1000        	0.9712      	0.02878     	0.3705      	0.6295      	99          
273         	1000        	0.9711      	0.0289      	0.3713      	0.6287      	99          
274         	1000        	0.9712      	0.02876     	0.3725      	0.6275      	99          
275         	1000        	0.9711      	0.02888     	0.3717      	0.6283      	99          
276         	1000        	0.9712      	0.02882     	0.371       	0.629       	99          
277         	1000        	0.9713      	0.02872     	0.372       	0.628       	99          
278         	1000        	0.9715      	0.02852     	0.371       	0.629       	99          
279         	1000        	0.9715      	0.02847     	0.3723      	0.6277      	99          
280         	1000        	0.9718      	0.02818     	0.3725      	0.6275      	99          
281         	1000        	0.9719      	0.02808     	0.3724      	0.6276      	99          
282         	1000        	0.9721      	0.02794     	0.3717      	0.6283      	99          
283         	1000        	0.9716      	0.02835     	0.3718      	0.6282      	99          
284         	1000        	0.9716      	0.02844     	0.3727      	0.6273      	99          
285         	1000        	0.9719      	0.02809     	0.3725      	0.6275      	99          
286         	1000        	0.9723      	0.02772     	0.3713      	0.6287      	99          
287         	1000        	0.9721      	0.02785     	0.3718      	0.6282      	99          
288         	1000        	0.972       	0.02801     	0.3718      	0.6282      	99          
289         	1000        	0.9722      	0.02783     	0.3722      	0.6278      	99          
290         	1000        	0.9721      	0.02791     	0.3727      	0.6273      	99          
291         	1000        	0.9723      	0.02769     	0.3735      	0.6265      	99          
292         	1000        	0.9722      	0.02776     	0.3732      	0.6268      	99          
293         	1000        	0.972       	0.02796     	0.3751      	0.6249      	99          
294         	1000        	0.9722      	0.02782     	0.376       	0.624       	99          
295         	1000        	0.9721      	0.02792     	0.3754      	0.6246      	99          
296         	1000        	0.9726      	0.02739     	0.3749      	0.6251      	99          
297         	1000        	0.9727      	0.02729     	0.3738      	0.6262      	99          
298         	1000        	0.9728      	0.0272      	0.3731      	0.6269      	99          
299         	1000        	0.9732      	0.02684     	0.3745      	0.6255      	99          
300         	1000        	0.9731      	0.0269      	0.3737      	0.6263      	99          
301         	1000        	0.9729      	0.0271      	0.3746      	0.6254      	99          
302         	1000        	0.9726      	0.02741     	0.3747      	0.6253      	99          
303         	1000        	0.9727      	0.02733     	0.3737      	0.6263      	99          
304         	1000        	0.9725      	0.02746     	0.373       	0.627       	99          
305         	1000        	0.9723      	0.02772     	0.373       	0.627       	99          
306         	1000        	0.9718      	0.0282      	0.3717      	0.6283      	99          
307         	1000        	0.9715      	0.02853     	0.3731      	0.6269      	99          
308         	1000        	0.9715      	0.02854     	0.3725      	0.6275      	99          
309         	1000        	0.9712      	0.02881     	0.3732      	0.6268      	99          
310         	1000        	0.9712      	0.02875     	0.3762      	0.6238      	99          
311         	1000        	0.9709      	0.02909     	0.3772      	0.6228      	99          
312         	1000        	0.9707      	0.02931     	0.3768      	0.6232      	99          
313         	1000        	0.9709      	0.02911     	0.3767      	0.6233      	99          
314         	1000        	0.9712      	0.02878     	0.3781      	0.6219      	99          
315         	1000        	0.9714      	0.0286      	0.377       	0.623       	99          
316         	1000        	0.9709      	0.02913     	0.3774      	0.6226      	99          
317         	1000        	0.9709      	0.02911     	0.3777      	0.6223      	99          
318         	1000        	0.9713      	0.02867     	0.3795      	0.6205      	99          
319         	1000        	0.9709      	0.0291      	0.3786      	0.6214      	99          
320         	1000        	0.9709      	0.02914     	0.3789      	0.6211      	99          
321         	1000        	0.9707      	0.02933     	0.3792      	0.6208      	99          
322         	1000        	0.9704      	0.02964     	0.3799      	0.6201      	99          
323         	1000        	0.9704      	0.02956     	0.381       	0.619       	99          
324         	1000        	0.9713      	0.02871     	0.3804      	0.6196      	99          
325         	1000        	0.9709      	0.02906     	0.3797      	0.6203      	99          
326         	1000        	0.9706      	0.02935     	0.3799      	0.6201      	99          
327         	1000        	0.9706      	0.02935     	0.3813      	0.6187      	99          
328         	1000        	0.9705      	0.02946     	0.3819      	0.6181      	99          
329         	1000        	0.9708      	0.02918     	0.3813      	0.6187      	99          
330         	1000        	0.9712      	0.02881     	0.3808      	0.6192      	99          
331         	1000        	0.9716      	0.02843     	0.3807      	0.6193      	99          
332         	1000        	0.9719      	0.02809     	0.381       	0.619       	99          
333         	1000        	0.9716      	0.02837     	0.38        	0.62        	99          
334         	1000        	0.9717      	0.02825     	0.3788      	0.6212      	99          
335         	1000        	0.9721      	0.02789     	0.3779      	0.6221      	99          
336         	1000        	0.9718      	0.02821     	0.3789      	0.6211      	99          
337         	1000        	0.972       	0.02801     	0.3778      	0.6222      	99          
338         	1000        	0.9716      	0.02844     	0.3784      	0.6216      	99          
339         	1000        	0.9715      	0.02846     	0.38        	0.62        	99          
340         	1000        	0.9718      	0.02823     	0.3805      	0.6195      	99          
341         	1000        	0.9723      	0.0277      	0.3827      	0.6173      	99          
342         	1000        	0.9723      	0.02772     	0.3819      	0.6181      	99          
343         	1000        	0.9719      	0.02807     	0.3832      	0.6168      	99          
344         	1000        	0.9723      	0.02773     	0.3843      	0.6157      	99          
345         	1000        	0.9724      	0.02763     	0.3833      	0.6167      	99          
346         	1000        	0.9729      	0.02715     	0.3819      	0.6181      	99          
347         	1000        	0.9732      	0.02675     	0.3808      	0.6192      	99          
348         	1000        	0.973       	0.02702     	0.3786      	0.6214      	99          
349         	1000        	0.9733      	0.0267      	0.3785      	0.6215      	99          
350         	1000        	0.9728      	0.02716     	0.3775      	0.6225      	99          
351         	1000        	0.9726      	0.02739     	0.3773      	0.6227      	99          
352         	1000        	0.9727      	0.02731     	0.378       	0.622       	99          
353         	1000        	0.9727      	0.02728     	0.3779      	0.6221      	99          
354         	1000        	0.9727      	0.02725     	0.379       	0.621       	99          
355         	1000        	0.973       	0.02698     	0.38        	0.62        	99          
356         	1000        	0.9731      	0.0269      	0.3801      	0.6199      	99          
357         	1000        	0.9732      	0.02682     	0.3796      	0.6204      	99          
358         	1000        	0.9727      	0.02734     	0.3795      	0.6205      	99          
359         	1000        	0.9725      	0.02751     	0.3797      	0.6203      	99          
360         	1000        	0.9722      	0.02781     	0.3794      	0.6206      	99          
361         	1000        	0.9718      	0.0282      	0.3784      	0.6216      	99          
362         	1000        	0.972       	0.02799     	0.3786      	0.6214      	99          
363         	1000        	0.9723      	0.02772     	0.3787      	0.6213      	99          
364         	1000        	0.9725      	0.02754     	0.3773      	0.6227      	99          
365         	1000        	0.9728      	0.02717     	0.3763      	0.6237      	99          
366         	1000        	0.9729      	0.02712     	0.3771      	0.6229      	99          
367         	1000        	0.9729      	0.02713     	0.3777      	0.6223      	99          
368         	1000        	0.973       	0.02697     	0.3793      	0.6207      	99          
369         	1000        	0.9732      	0.0268      	0.3791      	0.6209      	99          
370         	1000        	0.9735      	0.02651     	0.3807      	0.6193      	99          
371         	1000        	0.9728      	0.02724     	0.382       	0.618       	99          
372         	1000        	0.9728      	0.02721     	0.3828      	0.6172      	99          
373         	1000        	0.973       	0.02702     	0.3828      	0.6172      	99          
374         	1000        	0.9731      	0.02688     	0.3824      	0.6176      	99          
375         	1000        	0.9734      	0.0266      	0.3831      	0.6169      	99          
376         	1000        	0.9735      	0.02649     	0.3824      	0.6176      	99          
377         	1000        	0.9737      	0.0263      	0.3798      	0.6202      	99          
378         	1000        	0.9735      	0.02646     	0.379       	0.621       	99          
379         	1000        	0.9739      	0.02615     	0.3803      	0.6197      	99          
380         	1000        	0.974       	0.02604     	0.3802      	0.6198      	99          
381         	1000        	0.9739      	0.0261      	0.379       	0.621       	99          
382         	1000        	0.9744      	0.02562     	0.3795      	0.6205      	99          
383         	1000        	0.974       	0.02601     	0.3798      	0.6202      	99          
384         	1000        	0.9741      	0.02586     	0.3784      	0.6216      	99          
385         	1000        	0.9742      	0.02582     	0.3789      	0.6211      	99          
386         	1000        	0.9742      	0.02581     	0.3784      	0.6216      	99          
387         	1000        	0.9742      	0.02585     	0.379       	0.621       	99          
388         	1000        	0.9738      	0.0262      	0.3793      	0.6207      	99          
389         	1000        	0.9737      	0.02629     	0.3776      	0.6224      	99          
390         	1000        	0.9734      	0.0266      	0.3776      	0.6224      	99          
391         	1000        	0.974       	0.02598     	0.3783      	0.6217      	99          
392         	1000        	0.9745      	0.02553     	0.3784      	0.6216      	99          
393         	1000        	0.9743      	0.0257      	0.3781      	0.6219      	99          
394         	1000        	0.9746      	0.02537     	0.3778      	0.6222      	99          
395         	1000        	0.9741      	0.02588     	0.3779      	0.6221      	99          
396         	1000        	0.9738      	0.02617     	0.3797      	0.6203      	99          
397         	1000        	0.9741      	0.02593     	0.3784      	0.6216      	99          
398         	1000        	0.9742      	0.02581     	0.3793      	0.6207      	99          
399         	1000        	0.9743      	0.02571     	0.3795      	0.6205      	99          
400         	1000        	0.9742      	0.02582     	0.3806      	0.6194      	99          
401         	1000        	0.9739      	0.02612     	0.3789      	0.6211      	99          
402         	1000        	0.974       	0.02598     	0.3776      	0.6224      	99          
403         	1000        	0.9743      	0.02572     	0.3772      	0.6228      	99          
404         	1000        	0.9745      	0.02548     	0.3775      	0.6225      	99          
405         	1000        	0.9744      	0.02563     	0.3787      	0.6213      	99          
406         	1000        	0.9743      	0.02573     	0.3785      	0.6215      	99          
407         	1000        	0.9746      	0.02544     	0.3771      	0.6229      	99          
408         	1000        	0.9742      	0.02584     	0.3784      	0.6216      	99          
409         	1000        	0.9746      	0.02537     	0.3773      	0.6227      	99          
410         	1000        	0.9745      	0.02547     	0.3772      	0.6228      	99          
411         	1000        	0.9744      	0.02565     	0.3781      	0.6219      	99          
412         	1000        	0.9744      	0.02559     	0.3787      	0.6213      	99          
413         	1000        	0.9743      	0.02569     	0.3783      	0.6217      	99          
414         	1000        	0.9739      	0.02613     	0.3781      	0.6219      	99          
415         	1000        	0.9742      	0.02581     	0.3785      	0.6215      	99          
416         	1000        	0.9743      	0.0257      	0.3784      	0.6216      	99          
417         	1000        	0.9743      	0.02571     	0.379       	0.621       	99          
418         	1000        	0.9736      	0.02643     	0.3792      	0.6208      	99          
419         	1000        	0.9739      	0.02607     	0.379       	0.621       	99          
420         	1000        	0.974       	0.02597     	0.3787      	0.6213      	99          
421         	1000        	0.974       	0.02598     	0.3785      	0.6215      	99          
422         	1000        	0.974       	0.02604     	0.3769      	0.6231      	99          
423         	1000        	0.9743      	0.02571     	0.3779      	0.6221      	99          
424         	1000        	0.9747      	0.02525     	0.3785      	0.6215      	99          
425         	1000        	0.9746      	0.02536     	0.3784      	0.6216      	99          
426         	1000        	0.9743      	0.02566     	0.3787      	0.6213      	99          
427         	1000        	0.9741      	0.02588     	0.3794      	0.6206      	99          
428         	1000        	0.9743      	0.02569     	0.3797      	0.6203      	99          
429         	1000        	0.9748      	0.02517     	0.3803      	0.6197      	99          
430         	1000        	0.9751      	0.02488     	0.3802      	0.6198      	99          
431         	1000        	0.9757      	0.0243      	0.38        	0.62        	99          
432         	1000        	0.976       	0.02402     	0.3807      	0.6193      	99          
433         	1000        	0.9758      	0.02423     	0.3798      	0.6202      	99          
434         	1000        	0.9756      	0.02436     	0.3803      	0.6197      	99          
435         	1000        	0.9756      	0.02444     	0.3794      	0.6206      	99          
436         	1000        	0.9754      	0.02463     	0.3787      	0.6213      	99          
437         	1000        	0.9754      	0.02464     	0.3799      	0.6201      	99          
438         	1000        	0.9757      	0.02433     	0.3802      	0.6198      	99          
439         	1000        	0.9759      	0.02415     	0.3806      	0.6194      	99          
440         	1000        	0.9761      	0.0239      	0.3802      	0.6198      	99          
441         	1000        	0.9766      	0.02345     	0.3797      	0.6203      	99          
442         	1000        	0.9764      	0.02365     	0.3785      	0.6215      	99          
443         	1000        	0.976       	0.02396     	0.3784      	0.6216      	99          
444         	1000        	0.9759      	0.02405     	0.3776      	0.6224      	99          
445         	1000        	0.976       	0.02398     	0.3757      	0.6243      	99          
446         	1000        	0.9757      	0.02426     	0.3746      	0.6254      	99          
447         	1000        	0.9755      	0.02448     	0.3744      	0.6256      	99          
448         	1000        	0.9756      	0.02438     	0.3744      	0.6256      	99          
449         	1000        	0.9756      	0.0244      	0.3751      	0.6249      	99          
450         	1000        	0.9759      	0.0241      	0.374       	0.626       	99          
451         	1000        	0.9762      	0.02379     	0.3743      	0.6257      	99          
452         	1000        	0.9757      	0.02431     	0.3725      	0.6275      	99          
453         	1000        	0.9756      	0.02436     	0.3729      	0.6271      	99          
454         	1000        	0.9758      	0.02425     	0.3739      	0.6261      	99          
455         	1000        	0.9759      	0.02411     	0.3732      	0.6268      	99          
456         	1000        	0.9757      	0.02434     	0.3731      	0.6269      	99          
457         	1000        	0.9759      	0.02415     	0.3734      	0.6266      	99          
458         	1000        	0.9752      	0.02481     	0.3749      	0.6251      	99          
459         	1000        	0.9754      	0.0246      	0.3756      	0.6244      	99          
460         	1000        	0.9756      	0.02444     	0.375       	0.625       	99          
461         	1000        	0.9754      	0.02458     	0.3753      	0.6247      	99          
462         	1000        	0.9753      	0.02471     	0.3779      	0.6221      	99          
463         	1000        	0.9748      	0.02516     	0.3772      	0.6228      	99          
464         	1000        	0.9746      	0.02544     	0.3754      	0.6246      	99          
465         	1000        	0.9744      	0.02563     	0.3756      	0.6244      	99          
466         	1000        	0.9744      	0.02558     	0.3758      	0.6242      	99          
467         	1000        	0.9743      	0.02568     	0.3749      	0.6251      	99          
468         	1000        	0.9744      	0.02562     	0.3754      	0.6246      	99          
469         	1000        	0.9751      	0.02485     	0.3757      	0.6243      	99          
470         	1000        	0.9751      	0.02492     	0.3759      	0.6241      	99          
471         	1000        	0.9751      	0.02491     	0.375       	0.625       	99          
472         	1000        	0.9749      	0.02507     	0.3746      	0.6254      	99          
473         	1000        	0.9746      	0.02541     	0.3753      	0.6247      	99          
474         	1000        	0.9742      	0.0258      	0.375       	0.625       	99          
475         	1000        	0.9743      	0.02568     	0.3742      	0.6258      	99          
476         	1000        	0.9748      	0.02518     	0.3739      	0.6261      	99          
477         	1000        	0.9746      	0.02541     	0.373       	0.627       	99          
478         	1000        	0.9744      	0.02559     	0.3731      	0.6269      	99          
479         	1000        	0.9741      	0.02589     	0.3723      	0.6277      	99          
480         	1000        	0.9735      	0.02653     	0.3711      	0.6289      	99          
481         	1000        	0.9735      	0.0265      	0.3733      	0.6267      	99          
482         	1000        	0.9735      	0.02647     	0.374       	0.626       	99          
483         	1000        	0.9735      	0.02652     	0.3743      	0.6257      	99          
484         	1000        	0.9736      	0.02642     	0.3731      	0.6269      	99          
485         	1000        	0.9738      	0.02615     	0.3724      	0.6276      	99          
486         	1000        	0.9742      	0.02583     	0.3729      	0.6271      	99          
487         	1000        	0.9743      	0.02572     	0.3716      	0.6284      	99          
488         	1000        	0.9743      	0.02574     	0.3721      	0.6279      	99          
489         	1000        	0.9747      	0.02529     	0.3708      	0.6292      	99          
490         	1000        	0.9745      	0.02549     	0.371       	0.629       	99          
491         	1000        	0.9747      	0.02525     	0.3707      	0.6293      	99          
492         	1000        	0.9749      	0.02506     	0.3697      	0.6303      	99          
493         	1000        	0.9752      	0.02481     	0.3706      	0.6294      	99          
494         	1000        	0.9752      	0.02484     	0.371       	0.629       	99          
495         	1000        	0.9748      	0.02524     	0.371       	0.629       	99          
496         	1000        	0.9749      	0.02515     	0.3699      	0.6301      	99          
497         	1000        	0.9745      	0.02546     	0.3703      	0.6297      	99          
498         	1000        	0.9746      	0.02541     	0.3703      	0.6297      	99          
499         	1000        	0.9744      	0.02556     	0.3696      	0.6304      	99          
500         	1000        	0.9745      	0.02554     	0.371       	0.629       	99          
