generation  	adlt.nbInd  	q.adlt.a.freq_l1_a1	q.adlt.a.freq_l1_a2	q.adlt.a.freq_l2_a1	q.adlt.a.freq_l2_a2	alive.rpl   
1           	0           	0           	0           	0           	0           	100         
2           	8.29        	0.01522     	0.01522     	0.01167     	0.01167     	100         
3           	661.3       	0.0172      	0.0172      	0.02358     	0.02358     	99          
4           	1.847e+04   	0.01302     	0.01302     	0.0253      	0.0253      	99          
5           	5.838e+04   	0.01041     	0.01041     	0.02628     	0.02628     	99          
6           	547.5       	0.008953    	0.008953    	0.02731     	0.02731     	99          
7           	0           	0.008036    	0.008036    	0.02843     	0.02843     	99          
8           	0           	0.00744     	0.00744     	0.02919     	0.02919     	99          
9           	0           	0.006892    	0.006892    	0.02973     	0.02973     	99          
10          	0           	0.006682    	0.006682    	0.03034     	0.03034     	99          
11          	0           	0.0066      	0.0066      	0.03092     	0.03092     	99          
12          	0           	0.00643     	0.00643     	0.03134     	0.03134     	99          
13          	0           	0.006239    	0.006239    	0.03211     	0.03211     	99          
14          	0           	0.005929    	0.005929    	0.03291     	0.03291     	99          
15          	0           	0.005788    	0.005788    	0.03378     	0.03378     	99          
16          	0           	0.005557    	0.005557    	0.03391     	0.03391     	99          
17          	0           	0.005454    	0.005454    	0.03437     	0.03437     	99          
18          	0           	0.005256    	0.005256    	0.03482     	0.03482     	99          
19          	0           	0.005323    	0.005323    	0.03539     	0.03539     	99          
20          	0           	0.005384    	0.005384    	0.03548     	0.03548     	99          
21          	0           	0.005457    	0.005457    	0.03564     	0.03564     	99          
22          	0           	0.005444    	0.005444    	0.03566     	0.03566     	99          
23          	0           	0.005573    	0.005573    	0.03611     	0.03611     	99          
24          	0           	0.005592    	0.005592    	0.03686     	0.03686     	99          
25          	0           	0.00585     	0.00585     	0.03693     	0.03693     	99          
26          	0           	0.00587     	0.00587     	0.03746     	0.03746     	99          
27          	0           	0.005806    	0.005806    	0.03795     	0.03795     	99          
28          	0           	0.005722    	0.005722    	0.03784     	0.03784     	99          
29          	0           	0.005961    	0.005961    	0.03805     	0.03805     	99          
30          	0           	0.006175    	0.006175    	0.03846     	0.03846     	99          
31          	0           	0.005899    	0.005899    	0.03867     	0.03867     	99          
32          	0           	0.006174    	0.006174    	0.03888     	0.03888     	99          
33          	0           	0.006155    	0.006155    	0.03914     	0.03914     	99          
34          	0           	0.006044    	0.006044    	0.03897     	0.03897     	99          
35          	0           	0.005941    	0.005941    	0.0391      	0.0391      	99          
36          	0           	0.006199    	0.006199    	0.03879     	0.03879     	99          
37          	0           	0.00623     	0.00623     	0.03888     	0.03888     	99          
38          	0           	0.006435    	0.006435    	0.03865     	0.03865     	99          
39          	0           	0.006532    	0.006532    	0.03967     	0.03967     	99          
40          	0           	0.006245    	0.006245    	0.04001     	0.04001     	99          
41          	0           	0.006156    	0.006156    	0.03973     	0.03973     	99          
42          	0           	0.006106    	0.006106    	0.03955     	0.03955     	99          
43          	0           	0.006118    	0.006118    	0.03898     	0.03898     	99          
44          	0           	0.006147    	0.006147    	0.03919     	0.03919     	99          
45          	0           	0.005802    	0.005802    	0.03941     	0.03941     	99          
46          	0           	0.005529    	0.005529    	0.03962     	0.03962     	99          
47          	0           	0.005332    	0.005332    	0.04027     	0.04027     	99          
48          	0           	0.005362    	0.005362    	0.03955     	0.03955     	99          
49          	0           	0.005294    	0.005294    	0.03947     	0.03947     	99          
50          	0           	0.005362    	0.005362    	0.03981     	0.03981     	99          
51          	0           	0.005485    	0.005485    	0.04038     	0.04038     	99          
52          	0           	0.005472    	0.005472    	0.04062     	0.04062     	99          
53          	0           	0.005514    	0.005514    	0.04052     	0.04052     	99          
54          	0           	0.005359    	0.005359    	0.04118     	0.04118     	99          
55          	0           	0.00539     	0.00539     	0.04136     	0.04136     	99          
56          	0           	0.005209    	0.005209    	0.04155     	0.04155     	99          
57          	0           	0.005121    	0.005121    	0.04154     	0.04154     	99          
58          	0           	0.005045    	0.005045    	0.04184     	0.04184     	99          
59          	0           	0.005161    	0.005161    	0.04203     	0.04203     	99          
60          	0           	0.005133    	0.005133    	0.04183     	0.04183     	99          
61          	0           	0.005411    	0.005411    	0.04252     	0.04252     	99          
62          	0           	0.005448    	0.005448    	0.04271     	0.04271     	99          
63          	0           	0.005667    	0.005667    	0.04273     	0.04273     	99          
64          	0           	0.005491    	0.005491    	0.04297     	0.04297     	99          
65          	0           	0.005552    	0.005552    	0.043       	0.043       	99          
66          	0           	0.005566    	0.005566    	0.04296     	0.04296     	99          
67          	0           	0.005489    	0.005489    	0.04347     	0.04347     	99          
68          	0           	0.005607    	0.005607    	0.04366     	0.04366     	99          
69          	0           	0.005605    	0.005605    	0.04343     	0.04343     	99          
70          	0           	0.005668    	0.005668    	0.04367     	0.04367     	99          
71          	0           	0.005438    	0.005438    	0.04349     	0.04349     	99          
72          	0           	0.005287    	0.005287    	0.04323     	0.04323     	99          
73          	0           	0.005445    	0.005445    	0.04321     	0.04321     	99          
74          	0           	0.005484    	0.005484    	0.04283     	0.04283     	99          
75          	0           	0.00545     	0.00545     	0.04307     	0.04307     	99          
76          	0           	0.005565    	0.005565    	0.04322     	0.04322     	99          
77          	0           	0.005621    	0.005621    	0.04305     	0.04305     	99          
78          	0           	0.005708    	0.005708    	0.04352     	0.04352     	99          
79          	0           	0.006025    	0.006025    	0.04398     	0.04398     	99          
80          	0           	0.005992    	0.005992    	0.04378     	0.04378     	99          
81          	0           	0.005957    	0.005957    	0.04444     	0.04444     	99          
82          	0           	0.005825    	0.005825    	0.04513     	0.04513     	99          
83          	0           	0.005903    	0.005903    	0.04517     	0.04517     	99          
84          	0           	0.006015    	0.006015    	0.04494     	0.04494     	99          
85          	0           	0.005992    	0.005992    	0.04483     	0.04483     	99          
86          	0           	0.005784    	0.005784    	0.0446      	0.0446      	99          
87          	0           	0.005911    	0.005911    	0.0451      	0.0451      	99          
88          	0           	0.005798    	0.005798    	0.04504     	0.04504     	99          
89          	0           	0.005732    	0.005732    	0.04516     	0.04516     	99          
90          	0           	0.005872    	0.005872    	0.0457      	0.0457      	99          
91          	0           	0.006048    	0.006048    	0.04578     	0.04578     	99          
92          	0           	0.006055    	0.006055    	0.04573     	0.04573     	99          
93          	0           	0.006024    	0.006024    	0.04649     	0.04649     	99          
94          	0           	0.00588     	0.00588     	0.04679     	0.04679     	99          
95          	0           	0.005987    	0.005987    	0.04636     	0.04636     	99          
96          	0           	0.005899    	0.005899    	0.04592     	0.04592     	99          
97          	0           	0.005765    	0.005765    	0.04584     	0.04584     	99          
98          	0           	0.005718    	0.005718    	0.04578     	0.04578     	99          
99          	0           	0.005768    	0.005768    	0.0464      	0.0464      	99          
100         	0           	0.005871    	0.005871    	0.04763     	0.04763     	99          
101         	0           	0.006       	0.006       	0.04788     	0.04788     	99          
102         	0           	0.005945    	0.005945    	0.04832     	0.04832     	99          
103         	0           	0.006133    	0.006133    	0.04837     	0.04837     	99          
104         	0           	0.006053    	0.006053    	0.04823     	0.04823     	99          
105         	0           	0.006125    	0.006125    	0.04791     	0.04791     	99          
106         	0           	0.006128    	0.006128    	0.04892     	0.04892     	99          
107         	0           	0.006447    	0.006447    	0.04856     	0.04856     	99          
108         	0           	0.006353    	0.006353    	0.04863     	0.04863     	99          
109         	0           	0.006404    	0.006404    	0.04883     	0.04883     	99          
110         	0           	0.006569    	0.006569    	0.04935     	0.04935     	99          
111         	0           	0.006627    	0.006627    	0.04929     	0.04929     	99          
112         	0           	0.006764    	0.006764    	0.04937     	0.04937     	99          
113         	0           	0.006747    	0.006747    	0.04969     	0.04969     	99          
114         	0           	0.006753    	0.006753    	0.0497      	0.0497      	99          
115         	0           	0.006549    	0.006549    	0.0492      	0.0492      	99          
116         	0           	0.006599    	0.006599    	0.04916     	0.04916     	99          
117         	0           	0.006882    	0.006882    	0.04975     	0.04975     	99          
118         	0           	0.006902    	0.006902    	0.04949     	0.04949     	99          
119         	0           	0.006866    	0.006866    	0.0501      	0.0501      	99          
120         	0           	0.006952    	0.006952    	0.04969     	0.04969     	99          
121         	0           	0.006991    	0.006991    	0.04969     	0.04969     	99          
122         	0           	0.007068    	0.007068    	0.05018     	0.05018     	99          
123         	0           	0.006953    	0.006953    	0.05017     	0.05017     	99          
124         	0           	0.006919    	0.006919    	0.05014     	0.05014     	99          
125         	0           	0.006729    	0.006729    	0.04993     	0.04993     	99          
126         	0           	0.006708    	0.006708    	0.04981     	0.04981     	99          
127         	0           	0.006733    	0.006733    	0.05001     	0.05001     	99          
128         	0           	0.006455    	0.006455    	0.05046     	0.05046     	99          
129         	0           	0.00658     	0.00658     	0.05092     	0.05092     	99          
130         	0           	0.006489    	0.006489    	0.05047     	0.05047     	99          
131         	0           	0.006365    	0.006365    	0.05044     	0.05044     	99          
132         	0           	0.006547    	0.006547    	0.05099     	0.05099     	99          
133         	0           	0.006402    	0.006402    	0.05101     	0.05101     	99          
134         	0           	0.006296    	0.006296    	0.0508      	0.0508      	99          
135         	0           	0.006708    	0.006708    	0.05092     	0.05092     	99          
136         	0           	0.006368    	0.006368    	0.05119     	0.05119     	99          
137         	0           	0.006551    	0.006551    	0.05184     	0.05184     	99          
138         	0           	0.006541    	0.006541    	0.05238     	0.05238     	99          
139         	0           	0.00682     	0.00682     	0.05263     	0.05263     	99          
140         	0           	0.006846    	0.006846    	0.05289     	0.05289     	99          
141         	0           	0.006732    	0.006732    	0.05243     	0.05243     	99          
142         	0           	0.007054    	0.007054    	0.05299     	0.05299     	99          
143         	0           	0.007031    	0.007031    	0.05344     	0.05344     	99          
144         	0           	0.007123    	0.007123    	0.05341     	0.05341     	99          
145         	0           	0.007368    	0.007368    	0.0539      	0.0539      	99          
146         	0           	0.007297    	0.007297    	0.05423     	0.05423     	99          
147         	0           	0.007318    	0.007318    	0.05366     	0.05366     	99          
148         	0           	0.007057    	0.007057    	0.05354     	0.05354     	99          
149         	0           	0.007018    	0.007018    	0.05368     	0.05368     	99          
150         	0           	0.006868    	0.006868    	0.05353     	0.05353     	99          
151         	0           	0.007035    	0.007035    	0.05396     	0.05396     	99          
152         	0           	0.007028    	0.007028    	0.0535      	0.0535      	99          
153         	0           	0.007048    	0.007048    	0.05378     	0.05378     	99          
154         	0           	0.006823    	0.006823    	0.0539      	0.0539      	99          
155         	0           	0.007195    	0.007195    	0.05376     	0.05376     	99          
156         	0           	0.007187    	0.007187    	0.0543      	0.0543      	99          
157         	0           	0.007417    	0.007417    	0.05443     	0.05443     	99          
158         	0           	0.007308    	0.007308    	0.05479     	0.05479     	99          
159         	0           	0.007453    	0.007453    	0.05445     	0.05445     	99          
160         	0           	0.007511    	0.007511    	0.05511     	0.05511     	99          
161         	0           	0.007548    	0.007548    	0.05519     	0.05519     	99          
162         	0           	0.007466    	0.007466    	0.05571     	0.05571     	99          
163         	0           	0.007338    	0.007338    	0.0553      	0.0553      	99          
164         	0           	0.007559    	0.007559    	0.05615     	0.05615     	99          
165         	0           	0.007423    	0.007423    	0.05676     	0.05676     	99          
166         	0           	0.00733     	0.00733     	0.0568      	0.0568      	99          
167         	0           	0.007391    	0.007391    	0.05707     	0.05707     	99          
168         	0           	0.007483    	0.007483    	0.05736     	0.05736     	99          
169         	0           	0.007596    	0.007596    	0.05651     	0.05651     	99          
170         	0           	0.007519    	0.007519    	0.05671     	0.05671     	99          
171         	0           	0.007668    	0.007668    	0.05706     	0.05706     	99          
172         	0           	0.008072    	0.008072    	0.05711     	0.05711     	99          
173         	0           	0.008295    	0.008295    	0.05738     	0.05738     	99          
174         	0           	0.008137    	0.008137    	0.05779     	0.05779     	99          
175         	0           	0.008029    	0.008029    	0.05834     	0.05834     	99          
176         	0           	0.008431    	0.008431    	0.05871     	0.05871     	99          
177         	0           	0.008379    	0.008379    	0.05896     	0.05896     	99          
178         	0           	0.008383    	0.008383    	0.05939     	0.05939     	99          
179         	0           	0.008227    	0.008227    	0.05972     	0.05972     	99          
180         	0           	0.007872    	0.007872    	0.05926     	0.05926     	99          
181         	0           	0.007653    	0.007653    	0.0592      	0.0592      	99          
182         	0           	0.007628    	0.007628    	0.05971     	0.05971     	99          
183         	0           	0.007506    	0.007506    	0.06042     	0.06042     	99          
184         	0           	0.007672    	0.007672    	0.06047     	0.06047     	99          
185         	0           	0.007698    	0.007698    	0.06056     	0.06056     	99          
186         	0           	0.007724    	0.007724    	0.06104     	0.06104     	99          
187         	0           	0.007772    	0.007772    	0.06117     	0.06117     	99          
188         	0           	0.00825     	0.00825     	0.06175     	0.06175     	99          
189         	0           	0.008335    	0.008335    	0.0619      	0.0619      	99          
190         	0           	0.008407    	0.008407    	0.06128     	0.06128     	99          
191         	0           	0.008303    	0.008303    	0.0613      	0.0613      	99          
192         	0           	0.008271    	0.008271    	0.06066     	0.06066     	99          
193         	0           	0.008472    	0.008472    	0.061       	0.061       	99          
194         	0           	0.008479    	0.008479    	0.06139     	0.06139     	99          
195         	0           	0.008454    	0.008454    	0.06174     	0.06174     	99          
196         	0           	0.008505    	0.008505    	0.06184     	0.06184     	99          
197         	0           	0.00839     	0.00839     	0.06151     	0.06151     	99          
198         	0           	0.008663    	0.008663    	0.0615      	0.0615      	99          
199         	0           	0.00834     	0.00834     	0.06202     	0.06202     	99          
200         	0           	0.007922    	0.007922    	0.06185     	0.06185     	99          
201         	0           	0.00786     	0.00786     	0.06162     	0.06162     	99          
202         	0           	0.00793     	0.00793     	0.06212     	0.06212     	99          
203         	0           	0.008274    	0.008274    	0.06307     	0.06307     	99          
204         	0           	0.007936    	0.007936    	0.06299     	0.06299     	99          
205         	0           	0.008105    	0.008105    	0.06312     	0.06312     	99          
206         	0           	0.007953    	0.007953    	0.06352     	0.06352     	99          
207         	0           	0.008072    	0.008072    	0.06382     	0.06382     	99          
208         	0           	0.008009    	0.008009    	0.06461     	0.06461     	99          
209         	0           	0.007941    	0.007941    	0.06471     	0.06471     	99          
210         	0           	0.008075    	0.008075    	0.06443     	0.06443     	99          
211         	0           	0.007948    	0.007948    	0.06466     	0.06466     	99          
212         	0           	0.007578    	0.007578    	0.06459     	0.06459     	99          
213         	0           	0.007725    	0.007725    	0.06468     	0.06468     	99          
214         	0           	0.007675    	0.007675    	0.06466     	0.06466     	99          
215         	0           	0.007628    	0.007628    	0.06479     	0.06479     	99          
216         	0           	0.007761    	0.007761    	0.06492     	0.06492     	99          
217         	0           	0.007828    	0.007828    	0.06468     	0.06468     	99          
218         	0           	0.008001    	0.008001    	0.06455     	0.06455     	99          
219         	0           	0.008023    	0.008023    	0.06502     	0.06502     	99          
220         	0           	0.007808    	0.007808    	0.06475     	0.06475     	99          
221         	0           	0.007747    	0.007747    	0.06494     	0.06494     	99          
222         	0           	0.007975    	0.007975    	0.06535     	0.06535     	99          
223         	0           	0.00773     	0.00773     	0.065       	0.065       	99          
224         	0           	0.007521    	0.007521    	0.06575     	0.06575     	99          
225         	0           	0.007631    	0.007631    	0.06557     	0.06557     	99          
226         	0           	0.007656    	0.007656    	0.06611     	0.06611     	99          
227         	0           	0.007913    	0.007913    	0.06631     	0.06631     	99          
228         	0           	0.008198    	0.008198    	0.06637     	0.06637     	99          
229         	0           	0.007781    	0.007781    	0.06657     	0.06657     	99          
230         	0           	0.008047    	0.008047    	0.06661     	0.06661     	99          
231         	0           	0.008229    	0.008229    	0.06645     	0.06645     	99          
232         	0           	0.008336    	0.008336    	0.06613     	0.06613     	99          
233         	0           	0.008319    	0.008319    	0.06516     	0.06516     	99          
234         	0           	0.008487    	0.008487    	0.06475     	0.06475     	99          
235         	0           	0.008869    	0.008869    	0.06472     	0.06472     	99          
236         	0           	0.008939    	0.008939    	0.06471     	0.06471     	99          
237         	0           	0.009234    	0.009234    	0.06503     	0.06503     	99          
238         	0           	0.009053    	0.009053    	0.0657      	0.0657      	99          
239         	0           	0.00879     	0.00879     	0.06569     	0.06569     	99          
240         	0           	0.008978    	0.008978    	0.06648     	0.06648     	99          
241         	0           	0.008861    	0.008861    	0.06625     	0.06625     	99          
242         	0           	0.008858    	0.008858    	0.06626     	0.06626     	99          
243         	0           	0.008786    	0.008786    	0.06618     	0.06618     	99          
244         	0           	0.008905    	0.008905    	0.06614     	0.06614     	99          
245         	0           	0.009184    	0.009184    	0.06617     	0.06617     	99          
246         	0           	0.009594    	0.009594    	0.06667     	0.06667     	99          
247         	0           	0.009793    	0.009793    	0.06713     	0.06713     	99          
248         	0           	0.009776    	0.009776    	0.06781     	0.06781     	99          
249         	0           	0.009512    	0.009512    	0.0681      	0.0681      	99          
250         	0           	0.009973    	0.009973    	0.068       	0.068       	99          
251         	0           	0.01008     	0.01008     	0.06753     	0.06753     	99          
252         	0           	0.009891    	0.009891    	0.06789     	0.06789     	99          
253         	0           	0.009957    	0.009957    	0.06855     	0.06855     	99          
254         	0           	0.009695    	0.009695    	0.06811     	0.06811     	99          
255         	0           	0.009794    	0.009794    	0.06827     	0.06827     	99          
256         	0           	0.009911    	0.009911    	0.06818     	0.06818     	99          
257         	0           	0.01011     	0.01011     	0.06838     	0.06838     	99          
258         	0           	0.01011     	0.01011     	0.06823     	0.06823     	99          
259         	0           	0.01036     	0.01036     	0.0683      	0.0683      	99          
260         	0           	0.01038     	0.01038     	0.0688      	0.0688      	99          
261         	0           	0.01046     	0.01046     	0.06918     	0.06918     	99          
262         	0           	0.01064     	0.01064     	0.06873     	0.06873     	99          
263         	0           	0.01042     	0.01042     	0.06894     	0.06894     	99          
264         	0           	0.01019     	0.01019     	0.06936     	0.06936     	99          
265         	0           	0.009906    	0.009906    	0.06922     	0.06922     	99          
266         	0           	0.01008     	0.01008     	0.0694      	0.0694      	99          
267         	0           	0.0102      	0.0102      	0.06991     	0.06991     	99          
268         	0           	0.01044     	0.01044     	0.07024     	0.07024     	99          
269         	0           	0.01053     	0.01053     	0.07047     	0.07047     	99          
270         	0           	0.01063     	0.01063     	0.07047     	0.07047     	99          
271         	0           	0.01089     	0.01089     	0.07059     	0.07059     	99          
272         	0           	0.01105     	0.01105     	0.07061     	0.07061     	99          
273         	0           	0.01109     	0.01109     	0.07125     	0.07125     	99          
274         	0           	0.01111     	0.01111     	0.07137     	0.07137     	99          
275         	0           	0.01118     	0.01118     	0.07108     	0.07108     	99          
276         	0           	0.01119     	0.01119     	0.07062     	0.07062     	99          
277         	0           	0.01123     	0.01123     	0.07019     	0.07019     	99          
278         	0           	0.01113     	0.01113     	0.0701      	0.0701      	99          
279         	0           	0.01106     	0.01106     	0.07032     	0.07032     	99          
280         	0           	0.0109      	0.0109      	0.07029     	0.07029     	99          
281         	0           	0.01076     	0.01076     	0.07064     	0.07064     	99          
282         	0           	0.01057     	0.01057     	0.07047     	0.07047     	99          
283         	0           	0.01067     	0.01067     	0.0702      	0.0702      	99          
284         	0           	0.01075     	0.01075     	0.07032     	0.07032     	99          
285         	0           	0.01058     	0.01058     	0.0702      	0.0702      	99          
286         	0           	0.01048     	0.01048     	0.06986     	0.06986     	99          
287         	0           	0.0104      	0.0104      	0.06982     	0.06982     	99          
288         	0           	0.01083     	0.01083     	0.06968     	0.06968     	99          
289         	0           	0.01102     	0.01102     	0.06905     	0.06905     	99          
290         	0           	0.01097     	0.01097     	0.06913     	0.06913     	99          
291         	0           	0.01054     	0.01054     	0.06962     	0.06962     	99          
292         	0           	0.01098     	0.01098     	0.06964     	0.06964     	99          
293         	0           	0.01125     	0.01125     	0.07021     	0.07021     	99          
294         	0           	0.01138     	0.01138     	0.07058     	0.07058     	99          
295         	0           	0.01156     	0.01156     	0.07085     	0.07085     	99          
296         	0           	0.01125     	0.01125     	0.07166     	0.07166     	99          
297         	0           	0.01115     	0.01115     	0.07186     	0.07186     	99          
298         	0           	0.01088     	0.01088     	0.07211     	0.07211     	99          
299         	0           	0.0105      	0.0105      	0.07239     	0.07239     	99          
300         	0           	0.01063     	0.01063     	0.07224     	0.07224     	99          
301         	0           	0.01076     	0.01076     	0.07215     	0.07215     	99          
302         	0           	0.01093     	0.01093     	0.07234     	0.07234     	99          
303         	0           	0.01085     	0.01085     	0.07241     	0.07241     	99          
304         	0           	0.011       	0.011       	0.07229     	0.07229     	99          
305         	0           	0.01111     	0.01111     	0.0724      	0.0724      	99          
306         	0           	0.0113      	0.0113      	0.07192     	0.07192     	99          
307         	0           	0.01142     	0.01142     	0.0724      	0.0724      	99          
308         	0           	0.0117      	0.0117      	0.07248     	0.07248     	99          
309         	0           	0.01181     	0.01181     	0.07227     	0.07227     	99          
310         	0           	0.01184     	0.01184     	0.07311     	0.07311     	99          
311         	0           	0.01194     	0.01194     	0.07332     	0.07332     	99          
312         	0           	0.01185     	0.01185     	0.0737      	0.0737      	99          
313         	0           	0.01167     	0.01167     	0.074       	0.074       	99          
314         	0           	0.01125     	0.01125     	0.07423     	0.07423     	99          
315         	0           	0.01102     	0.01102     	0.07439     	0.07439     	99          
316         	0           	0.0113      	0.0113      	0.07489     	0.07489     	99          
317         	0           	0.0112      	0.0112      	0.0753      	0.0753      	99          
318         	0           	0.01093     	0.01093     	0.07595     	0.07595     	99          
319         	0           	0.01112     	0.01112     	0.0761      	0.0761      	99          
320         	0           	0.01097     	0.01097     	0.07653     	0.07653     	99          
321         	0           	0.01084     	0.01084     	0.07676     	0.07676     	99          
322         	0           	0.01111     	0.01111     	0.07778     	0.07778     	99          
323         	0           	0.01101     	0.01101     	0.07792     	0.07792     	99          
324         	0           	0.01067     	0.01067     	0.07823     	0.07823     	99          
325         	0           	0.01087     	0.01087     	0.07792     	0.07792     	99          
326         	0           	0.01102     	0.01102     	0.07782     	0.07782     	99          
327         	0           	0.01111     	0.01111     	0.07872     	0.07872     	99          
328         	0           	0.01123     	0.01123     	0.07924     	0.07924     	99          
329         	0           	0.01102     	0.01102     	0.07865     	0.07865     	99          
330         	0           	0.01081     	0.01081     	0.07811     	0.07811     	99          
331         	0           	0.01052     	0.01052     	0.0781      	0.0781      	99          
332         	0           	0.01031     	0.01031     	0.07887     	0.07887     	99          
333         	0           	0.01068     	0.01068     	0.07974     	0.07974     	99          
334         	0           	0.01078     	0.01078     	0.07909     	0.07909     	99          
335         	0           	0.01054     	0.01054     	0.07855     	0.07855     	99          
336         	0           	0.01064     	0.01064     	0.07884     	0.07884     	99          
337         	0           	0.01062     	0.01062     	0.07861     	0.07861     	99          
338         	0           	0.01121     	0.01121     	0.07875     	0.07875     	99          
339         	0           	0.0113      	0.0113      	0.07882     	0.07882     	99          
340         	0           	0.01108     	0.01108     	0.07882     	0.07882     	99          
341         	0           	0.01071     	0.01071     	0.07913     	0.07913     	99          
342         	0           	0.01075     	0.01075     	0.07872     	0.07872     	99          
343         	0           	0.01104     	0.01104     	0.07965     	0.07965     	99          
344         	0           	0.01099     	0.01099     	0.08032     	0.08032     	99          
345         	0           	0.01112     	0.01112     	0.08004     	0.08004     	99          
346         	0           	0.01096     	0.01096     	0.08009     	0.08009     	99          
347         	0           	0.01085     	0.01085     	0.07962     	0.07962     	99          
348         	0           	0.01078     	0.01078     	0.07897     	0.07897     	99          
349         	0           	0.01038     	0.01038     	0.07881     	0.07881     	99          
350         	0           	0.0106      	0.0106      	0.07867     	0.07867     	99          
351         	0           	0.01064     	0.01064     	0.07831     	0.07831     	99          
352         	0           	0.01048     	0.01048     	0.07838     	0.07838     	99          
353         	0           	0.01028     	0.01028     	0.0786      	0.0786      	99          
354         	0           	0.009979    	0.009979    	0.07966     	0.07966     	99          
355         	0           	0.009714    	0.009714    	0.07993     	0.07993     	99          
356         	0           	0.009768    	0.009768    	0.0797      	0.0797      	99          
357         	0           	0.00981     	0.00981     	0.07924     	0.07924     	99          
358         	0           	0.01011     	0.01011     	0.08001     	0.08001     	99          
359         	0           	0.01039     	0.01039     	0.08047     	0.08047     	99          
360         	0           	0.0104      	0.0104      	0.08022     	0.08022     	99          
361         	0           	0.0107      	0.0107      	0.07981     	0.07981     	99          
362         	0           	0.01056     	0.01056     	0.07995     	0.07995     	99          
363         	0           	0.01035     	0.01035     	0.07951     	0.07951     	99          
364         	0           	0.01015     	0.01015     	0.08025     	0.08025     	99          
365         	0           	0.01008     	0.01008     	0.08037     	0.08037     	99          
366         	0           	0.01021     	0.01021     	0.08049     	0.08049     	99          
367         	0           	0.01037     	0.01037     	0.08099     	0.08099     	99          
368         	0           	0.01042     	0.01042     	0.08133     	0.08133     	99          
369         	0           	0.01025     	0.01025     	0.08091     	0.08091     	99          
370         	0           	0.01026     	0.01026     	0.08194     	0.08194     	99          
371         	0           	0.01046     	0.01046     	0.08231     	0.08231     	99          
372         	0           	0.01051     	0.01051     	0.08215     	0.08215     	99          
373         	0           	0.01035     	0.01035     	0.0826      	0.0826      	99          
374         	0           	0.01025     	0.01025     	0.08341     	0.08341     	99          
375         	0           	0.009911    	0.009911    	0.08379     	0.08379     	99          
376         	0           	0.009879    	0.009879    	0.08312     	0.08312     	99          
377         	0           	0.009707    	0.009707    	0.08263     	0.08263     	99          
378         	0           	0.009791    	0.009791    	0.08261     	0.08261     	99          
379         	0           	0.009592    	0.009592    	0.08319     	0.08319     	99          
380         	0           	0.009445    	0.009445    	0.08355     	0.08355     	99          
381         	0           	0.009682    	0.009682    	0.08359     	0.08359     	99          
382         	0           	0.009378    	0.009378    	0.08361     	0.08361     	99          
383         	0           	0.009505    	0.009505    	0.08357     	0.08357     	99          
384         	0           	0.009547    	0.009547    	0.08319     	0.08319     	99          
385         	0           	0.009308    	0.009308    	0.08315     	0.08315     	99          
386         	0           	0.009256    	0.009256    	0.08307     	0.08307     	99          
387         	0           	0.0093      	0.0093      	0.08286     	0.08286     	99          
388         	0           	0.009599    	0.009599    	0.08256     	0.08256     	99          
389         	0           	0.009952    	0.009952    	0.08193     	0.08193     	99          
390         	0           	0.01012     	0.01012     	0.08156     	0.08156     	99          
391         	0           	0.009809    	0.009809    	0.08218     	0.08218     	99          
392         	0           	0.009591    	0.009591    	0.08239     	0.08239     	99          
393         	0           	0.009527    	0.009527    	0.08204     	0.08204     	99          
394         	0           	0.009314    	0.009314    	0.08249     	0.08249     	99          
395         	0           	0.009372    	0.009372    	0.08317     	0.08317     	99          
396         	0           	0.009609    	0.009609    	0.08297     	0.08297     	99          
397         	0           	0.009577    	0.009577    	0.08248     	0.08248     	99          
398         	0           	0.009601    	0.009601    	0.0829      	0.0829      	99          
399         	0           	0.009412    	0.009412    	0.08323     	0.08323     	99          
400         	0           	0.00953     	0.00953     	0.08358     	0.08358     	99          
401         	0           	0.009648    	0.009648    	0.0835      	0.0835      	99          
402         	0           	0.009706    	0.009706    	0.08371     	0.08371     	99          
403         	0           	0.009599    	0.009599    	0.08403     	0.08403     	99          
404         	0           	0.009472    	0.009472    	0.08398     	0.08398     	99          
405         	0           	0.009727    	0.009727    	0.08461     	0.08461     	99          
406         	0           	0.009737    	0.009737    	0.08445     	0.08445     	99          
407         	0           	0.009678    	0.009678    	0.08463     	0.08463     	99          
408         	0           	0.01017     	0.01017     	0.08444     	0.08444     	99          
409         	0           	0.009805    	0.009805    	0.08476     	0.08476     	99          
410         	0           	0.009989    	0.009989    	0.08445     	0.08445     	99          
411         	0           	0.009978    	0.009978    	0.08461     	0.08461     	99          
412         	0           	0.009627    	0.009627    	0.08466     	0.08466     	99          
413         	0           	0.009834    	0.009834    	0.08547     	0.08547     	99          
414         	0           	0.009979    	0.009979    	0.08552     	0.08552     	99          
415         	0           	0.009787    	0.009787    	0.08572     	0.08572     	99          
416         	0           	0.009958    	0.009958    	0.08568     	0.08568     	99          
417         	0           	0.009768    	0.009768    	0.0855      	0.0855      	99          
418         	0           	0.01018     	0.01018     	0.08629     	0.08629     	99          
419         	0           	0.0101      	0.0101      	0.08684     	0.08684     	99          
420         	0           	0.009937    	0.009937    	0.08718     	0.08718     	99          
421         	0           	0.009871    	0.009871    	0.08728     	0.08728     	99          
422         	0           	0.009788    	0.009788    	0.08713     	0.08713     	99          
423         	0           	0.009632    	0.009632    	0.08658     	0.08658     	99          
424         	0           	0.009219    	0.009219    	0.08602     	0.08602     	99          
425         	0           	0.009557    	0.009557    	0.08559     	0.08559     	99          
426         	0           	0.009792    	0.009792    	0.08573     	0.08573     	99          
427         	0           	0.009924    	0.009924    	0.08599     	0.08599     	99          
428         	0           	0.009638    	0.009638    	0.08715     	0.08715     	99          
429         	0           	0.008928    	0.008928    	0.0873      	0.0873      	99          
430         	0           	0.008548    	0.008548    	0.08731     	0.08731     	99          
431         	0           	0.008291    	0.008291    	0.0871      	0.0871      	99          
432         	0           	0.008165    	0.008165    	0.08767     	0.08767     	99          
433         	0           	0.008313    	0.008313    	0.08752     	0.08752     	99          
434         	0           	0.008578    	0.008578    	0.0872      	0.0872      	99          
435         	0           	0.008605    	0.008605    	0.0875      	0.0875      	99          
436         	0           	0.008627    	0.008627    	0.08741     	0.08741     	99          
437         	0           	0.008732    	0.008732    	0.08752     	0.08752     	99          
438         	0           	0.008676    	0.008676    	0.08691     	0.08691     	99          
439         	0           	0.008662    	0.008662    	0.08698     	0.08698     	99          
440         	0           	0.008682    	0.008682    	0.08704     	0.08704     	99          
441         	0           	0.008536    	0.008536    	0.08693     	0.08693     	99          
442         	0           	0.00879     	0.00879     	0.0863      	0.0863      	99          
443         	0           	0.008828    	0.008828    	0.08666     	0.08666     	99          
444         	0           	0.008607    	0.008607    	0.0874      	0.0874      	99          
445         	0           	0.008433    	0.008433    	0.08716     	0.08716     	99          
446         	0           	0.008835    	0.008835    	0.08702     	0.08702     	99          
447         	0           	0.008847    	0.008847    	0.08693     	0.08693     	99          
448         	0           	0.008933    	0.008933    	0.08712     	0.08712     	99          
449         	0           	0.008989    	0.008989    	0.08687     	0.08687     	99          
450         	0           	0.008972    	0.008972    	0.08699     	0.08699     	99          
451         	0           	0.008804    	0.008804    	0.0867      	0.0867      	99          
452         	0           	0.009369    	0.009369    	0.0861      	0.0861      	99          
453         	0           	0.009535    	0.009535    	0.08612     	0.08612     	99          
454         	0           	0.009552    	0.009552    	0.08608     	0.08608     	99          
455         	0           	0.009512    	0.009512    	0.08599     	0.08599     	99          
456         	0           	0.009719    	0.009719    	0.08549     	0.08549     	99          
457         	0           	0.009538    	0.009538    	0.08519     	0.08519     	99          
458         	0           	0.009805    	0.009805    	0.08577     	0.08577     	99          
459         	0           	0.009862    	0.009862    	0.0858      	0.0858      	99          
460         	0           	0.009721    	0.009721    	0.08624     	0.08624     	99          
461         	0           	0.009844    	0.009844    	0.08642     	0.08642     	99          
462         	0           	0.009934    	0.009934    	0.08661     	0.08661     	99          
463         	0           	0.01026     	0.01026     	0.08567     	0.08567     	99          
464         	0           	0.01034     	0.01034     	0.08502     	0.08502     	99          
465         	0           	0.01047     	0.01047     	0.08568     	0.08568     	99          
466         	0           	0.01051     	0.01051     	0.08613     	0.08613     	99          
467         	0           	0.01078     	0.01078     	0.08592     	0.08592     	99          
468         	0           	0.01071     	0.01071     	0.08571     	0.08571     	99          
469         	0           	0.01014     	0.01014     	0.0854      	0.0854      	99          
470         	0           	0.01035     	0.01035     	0.08518     	0.08518     	99          
471         	0           	0.01012     	0.01012     	0.08528     	0.08528     	99          
472         	0           	0.01037     	0.01037     	0.08498     	0.08498     	99          
473         	0           	0.01053     	0.01053     	0.08552     	0.08552     	99          
474         	0           	0.01091     	0.01091     	0.08582     	0.08582     	99          
475         	0           	0.01096     	0.01096     	0.08525     	0.08525     	99          
476         	0           	0.01059     	0.01059     	0.08492     	0.08492     	99          
477         	0           	0.01074     	0.01074     	0.08497     	0.08497     	99          
478         	0           	0.0107      	0.0107      	0.08524     	0.08524     	99          
479         	0           	0.01056     	0.01056     	0.0851      	0.0851      	99          
480         	0           	0.01112     	0.01112     	0.08516     	0.08516     	99          
481         	0           	0.01132     	0.01132     	0.08562     	0.08562     	99          
482         	0           	0.01109     	0.01109     	0.08569     	0.08569     	99          
483         	0           	0.01107     	0.01107     	0.0858      	0.0858      	99          
484         	0           	0.0109      	0.0109      	0.08553     	0.08553     	99          
485         	0           	0.01094     	0.01094     	0.08503     	0.08503     	99          
486         	0           	0.01063     	0.01063     	0.08439     	0.08439     	99          
487         	0           	0.0108      	0.0108      	0.08443     	0.08443     	99          
488         	0           	0.01083     	0.01083     	0.08411     	0.08411     	99          
489         	0           	0.01067     	0.01067     	0.08404     	0.08404     	99          
490         	0           	0.01097     	0.01097     	0.08404     	0.08404     	99          
491         	0           	0.0109      	0.0109      	0.08458     	0.08458     	99          
492         	0           	0.01065     	0.01065     	0.08462     	0.08462     	99          
493         	0           	0.01056     	0.01056     	0.08522     	0.08522     	99          
494         	0           	0.01066     	0.01066     	0.08498     	0.08498     	99          
495         	0           	0.01119     	0.01119     	0.08525     	0.08525     	99          
496         	0           	0.01126     	0.01126     	0.08519     	0.08519     	99          
497         	0           	0.01147     	0.01147     	0.0856      	0.0856      	99          
498         	0           	0.01148     	0.01148     	0.086       	0.086       	99          
499         	0           	0.01162     	0.01162     	0.08566     	0.08566     	99          
500         	0           	0.01177     	0.01177     	0.08626     	0.08626     	99          
