generation  	adlt.nbInd  	emigrants   	fem.meanFec 	adlt.nbInd_p1	adlt.nbInd_p2	adlt.nbInd_p3	adlt.nbInd_p4	adlt.nbInd_p5	adlt.nbInd_p6	alive.rpl   
1           	4           	NaN         	3           	4           	0           	0           	0           	0           	0           	1           
2           	6           	0           	1.8         	6           	0           	0           	0           	0           	0           	1           
3           	9           	0           	1.857       	9           	0           	0           	0           	0           	0           	1           
4           	13          	0           	3.167       	13          	0           	0           	0           	0           	0           	1           
5           	19          	0           	2.545       	19          	0           	0           	0           	0           	0           	1           
6           	28          	0           	3.727       	28          	0           	0           	0           	0           	0           	1           
7           	41          	0           	2.458       	41          	0           	0           	0           	0           	0           	1           
8           	59          	0           	2.8         	59          	0           	0           	0           	0           	0           	1           
9           	84          	0.5         	3.485       	83          	1           	0           	0           	0           	0           	1           
10          	114         	1           	2.655       	114         	0           	0           	0           	0           	0           	1           
11          	154         	0           	2.439       	154         	0           	0           	0           	0           	0           	1           
12          	199         	1           	2.611       	198         	1           	0           	0           	0           	0           	1           
13          	248         	0           	2.525       	248         	0           	0           	0           	0           	0           	1           
14          	297         	1           	2.468       	297         	0           	0           	0           	0           	0           	1           
15          	342         	1           	2.254       	341         	1           	0           	0           	0           	0           	1           
16          	381         	0           	2.07        	381         	0           	0           	0           	0           	0           	1           
17          	413         	1.5         	2.047       	411         	2           	0           	0           	0           	0           	1           
18          	438         	1           	2.068       	435         	3           	0           	0           	0           	0           	1           
19          	458         	1           	2.021       	453         	5           	0           	0           	0           	0           	1           
20          	474         	1           	2.154       	466         	8           	0           	0           	0           	0           	1           
21          	489         	0.5         	1.996       	476         	13          	0           	0           	0           	0           	1           
22          	500         	3           	2.052       	478         	22          	0           	0           	0           	0           	1           
23          	517         	0.5         	2.05        	484         	33          	0           	0           	0           	0           	1           
24          	537         	0.5         	2.059       	488         	49          	0           	0           	0           	0           	1           
25          	549         	1           	2.255       	479         	70          	0           	0           	0           	0           	1           
26          	582         	1           	2.229       	482         	100         	0           	0           	0           	0           	1           
27          	623         	1           	2.12        	486         	137         	0           	0           	0           	0           	1           
28          	661         	3.5         	2.196       	480         	181         	0           	0           	0           	0           	1           
29          	711         	0.6667      	2.227       	481         	229         	1           	0           	0           	0           	1           
30          	764         	1.333       	2.229       	484         	278         	2           	0           	0           	0           	1           
31          	815         	0.6667      	2.118       	485         	327         	3           	0           	0           	0           	1           
32          	859         	2           	2.057       	486         	373         	0           	0           	0           	0           	1           
33          	896         	2.333       	2.119       	487         	408         	1           	0           	0           	0           	1           
34          	924         	2.5         	2.086       	490         	434         	0           	0           	0           	0           	1           
35          	929         	2           	2.12        	476         	453         	0           	0           	0           	0           	1           
36          	951         	1.667       	2.091       	484         	466         	1           	0           	0           	0           	1           
37          	960         	1.333       	2.031       	483         	476         	1           	0           	0           	0           	1           
38          	970         	1.333       	2.014       	487         	482         	1           	0           	0           	0           	1           
39          	959         	1           	2.104       	491         	467         	1           	0           	0           	0           	1           
40          	960         	2.333       	1.944       	484         	475         	1           	0           	0           	0           	1           
41          	954         	1           	1.936       	479         	474         	1           	0           	0           	0           	1           
42          	945         	2.333       	2.067       	480         	463         	2           	0           	0           	0           	1           
43          	959         	3.333       	1.992       	485         	473         	1           	0           	0           	0           	1           
44          	972         	1.667       	1.996       	493         	477         	2           	0           	0           	0           	1           
45          	975         	1           	2.054       	488         	481         	6           	0           	0           	0           	1           
46          	983         	1           	2.058       	488         	486         	9           	0           	0           	0           	1           
47          	975         	0.6667      	2.126       	488         	473         	14          	0           	0           	0           	1           
48          	992         	1.667       	2.01        	487         	482         	23          	0           	0           	0           	1           
49          	997         	2.333       	2.122       	490         	471         	36          	0           	0           	0           	1           
50          	1024        	2.667       	2.14        	492         	477         	55          	0           	0           	0           	1           
51          	1054        	0.6667      	2.028       	492         	484         	78          	0           	0           	0           	1           
52          	1089        	1.25        	2.034       	493         	486         	109         	1           	0           	0           	1           
53          	1129        	1.75        	2.054       	491         	488         	149         	1           	0           	0           	1           
54          	1180        	2.333       	2.113       	491         	492         	197         	0           	0           	0           	1           
55          	1222        	1.75        	2.126       	492         	483         	246         	1           	0           	0           	1           
56          	1276        	1.25        	2.06        	492         	486         	297         	1           	0           	0           	1           
57          	1305        	2.25        	2.097       	493         	466         	344         	2           	0           	0           	1           
58          	1351        	1           	2.053       	486         	478         	384         	3           	0           	0           	1           
59          	1374        	2.5         	2.082       	472         	481         	416         	5           	0           	0           	1           
60          	1406        	2           	2.021       	479         	481         	439         	7           	0           	0           	1           
61          	1425        	1.5         	2.07        	478         	480         	456         	11          	0           	0           	1           
62          	1457        	1.5         	2.071       	482         	491         	467         	17          	0           	0           	1           
63          	1475        	2.5         	1.988       	478         	493         	478         	26          	0           	0           	1           
64          	1501        	1.5         	2.043       	484         	496         	482         	39          	0           	0           	1           
65          	1514        	2.25        	2.047       	487         	489         	478         	60          	0           	0           	1           
66          	1543        	1.75        	2.084       	484         	487         	486         	86          	0           	0           	1           
67          	1574        	1.4         	2.086       	483         	490         	481         	119         	1           	0           	1           
68          	1622        	2.5         	2.088       	487         	487         	487         	161         	0           	0           	1           
69          	1668        	2           	2.053       	489         	487         	483         	208         	1           	0           	1           
70          	1709        	2.2         	2.087       	489         	476         	487         	256         	1           	0           	1           
71          	1766        	2.2         	2.096       	485         	485         	491         	303         	2           	0           	1           
72          	1800        	2.2         	2.058       	476         	490         	482         	348         	4           	0           	1           
73          	1835        	1.2         	1.979       	481         	487         	475         	386         	6           	0           	1           
74          	1876        	2           	2.059       	484         	483         	482         	416         	11          	0           	1           
75          	1904        	1.8         	2.023       	479         	480         	486         	442         	17          	0           	1           
76          	1947        	1.6         	2.058       	484         	488         	488         	461         	26          	0           	1           
77          	1967        	1.8         	2.031       	487         	490         	478         	473         	39          	0           	1           
78          	1972        	1.4         	2.053       	488         	481         	476         	470         	57          	0           	1           
79          	2011        	2.4         	2.054       	487         	487         	479         	477         	81          	0           	1           
80          	2043        	2.6         	2.105       	486         	477         	482         	486         	112         	0           	1           
81          	2105        	2.2         	2.022       	492         	483         	486         	491         	153         	0           	1           
82          	2125        	1.667       	2.052       	493         	471         	482         	479         	199         	1           	1           
83          	2185        	2           	2.095       	491         	471         	486         	487         	250         	0           	1           
84          	2195        	2.2         	2.026       	485         	482         	470         	459         	299         	0           	1           
85          	2263        	2.4         	2.088       	489         	485         	473         	472         	344         	0           	1           
86          	2323        	1.333       	2.02        	490         	484         	483         	481         	384         	1           	1           
87          	2364        	2.333       	2.032       	490         	486         	488         	485         	412         	3           	1           
88          	2373        	1.333       	1.969       	474         	490         	486         	483         	438         	2           	1           
89          	2398        	2.6         	2.052       	478         	490         	488         	485         	457         	0           	1           
90          	2425        	3.2         	1.993       	483         	494         	486         	492         	470         	0           	1           
91          	2429        	1.8         	2.054       	488         	490         	489         	491         	471         	0           	1           
92          	2434        	1.833       	2.033       	477         	492         	492         	492         	479         	2           	1           
93          	2442        	1.167       	2.059       	483         	485         	496         	489         	486         	3           	1           
94          	2417        	2.5         	2.062       	485         	468         	489         	485         	489         	1           	1           
95          	2407        	2           	1.994       	472         	481         	476         	487         	491         	0           	1           
96          	2425        	2.5         	2.015       	481         	485         	483         	486         	488         	2           	1           
97          	2437        	3.5         	2.032       	480         	484         	483         	496         	491         	3           	1           
98          	2406        	0.8333      	1.993       	479         	483         	474         	479         	486         	5           	1           
99          	2402        	2.667       	2.081       	481         	463         	478         	481         	492         	7           	1           
100         	2433        	2           	2.031       	483         	479         	484         	488         	488         	11          	1           
101         	2439        	1.667       	2.052       	483         	489         	486         	481         	484         	16          	1           
102         	2456        	2           	2.014       	486         	493         	490         	472         	491         	24          	1           
103         	2458        	2.333       	2.048       	484         	492         	478         	484         	485         	35          	1           
104         	2477        	1.333       	2.05        	485         	494         	479         	489         	478         	52          	1           
105         	2499        	1.667       	2.08        	485         	496         	486         	487         	471         	74          	1           
106         	2538        	1.667       	2.034       	483         	494         	488         	491         	476         	106         	1           
107         	2592        	2.167       	2.054       	488         	492         	490         	493         	484         	145         	1           
108         	2611        	1.333       	2.05        	479         	474         	492         	489         	485         	192         	1           
109         	2673        	2.5         	2.005       	482         	483         	492         	483         	491         	242         	1           
110         	2735        	2           	2.03        	475         	491         	498         	485         	495         	291         	1           
111         	2785        	2.5         	2.007       	484         	492         	496         	493         	485         	335         	1           
112         	2810        	3           	1.991       	470         	493         	487         	494         	491         	375         	1           
113         	2817        	2.833       	2.001       	478         	483         	478         	486         	488         	404         	1           
114         	2859        	4           	2.015       	478         	491         	482         	487         	493         	428         	1           
115         	2866        	2.833       	2.026       	480         	489         	481         	477         	489         	450         	1           
116         	2878        	3           	2.029       	486         	485         	481         	483         	479         	464         	1           
117         	2903        	2.5         	2.035       	480         	490         	486         	485         	488         	474         	1           
118         	2916        	3.167       	2.048       	481         	497         	488         	486         	490         	474         	1           
119         	2932        	3           	2.011       	485         	497         	491         	488         	491         	480         	1           
120         	2897        	1.833       	2           	475         	477         	478         	491         	492         	484         	1           
121         	2922        	2.5         	1.991       	483         	483         	483         	493         	494         	486         	1           
122         	2930        	2.333       	2.013       	487         	492         	475         	490         	497         	489         	1           
123         	2927        	2           	1.987       	492         	493         	467         	490         	496         	489         	1           
124         	2922        	3.5         	2.026       	491         	492         	484         	488         	479         	488         	1           
125         	2919        	1.667       	2.026       	479         	494         	480         	489         	486         	491         	1           
126         	2886        	3.167       	2.045       	479         	497         	453         	482         	481         	494         	1           
127         	2873        	1.833       	2.044       	483         	483         	469         	487         	478         	473         	1           
128         	2893        	1.833       	2.072       	489         	482         	478         	493         	483         	468         	1           
129         	2906        	2.167       	2.028       	491         	488         	472         	488         	492         	475         	1           
130         	2912        	2           	2.021       	490         	479         	484         	492         	492         	475         	1           
131         	2908        	2.5         	1.995       	468         	483         	490         	492         	494         	481         	1           
132         	2915        	1.667       	2.034       	481         	479         	495         	495         	480         	485         	1           
133         	2925        	2.833       	2.032       	486         	482         	489         	497         	487         	484         	1           
134         	2914        	1.5         	1.981       	492         	485         	489         	467         	492         	489         	1           
135         	2907        	1.833       	2.056       	478         	486         	487         	476         	489         	491         	1           
136         	2870        	2.167       	2.073       	486         	486         	480         	458         	484         	476         	1           
137         	2874        	2           	2.047       	474         	485         	483         	463         	485         	484         	1           
138         	2882        	2.667       	2.009       	477         	479         	476         	475         	492         	483         	1           
139         	2862        	1.333       	1.994       	486         	461         	467         	482         	495         	471         	1           
140         	2885        	3.333       	2.063       	488         	472         	476         	486         	485         	478         	1           
141         	2900        	1.833       	1.993       	485         	483         	481         	493         	481         	477         	1           
142         	2898        	2.667       	2.005       	490         	478         	487         	481         	479         	483         	1           
143         	2900        	2           	2.017       	487         	477         	480         	486         	484         	486         	1           
144         	2904        	2.667       	1.978       	492         	477         	481         	491         	483         	480         	1           
145         	2907        	3.5         	2.052       	482         	480         	482         	493         	486         	484         	1           
146         	2909        	2.667       	2.05        	484         	485         	485         	493         	490         	472         	1           
147         	2888        	1.667       	1.976       	474         	477         	487         	483         	485         	482         	1           
148         	2877        	3.167       	1.998       	463         	483         	486         	490         	475         	480         	1           
149         	2889        	3.5         	1.988       	470         	493         	476         	498         	469         	483         	1           
150         	2898        	2.5         	2.051       	480         	494         	482         	497         	463         	482         	1           
151         	2918        	2.667       	1.989       	484         	499         	486         	492         	475         	482         	1           
152         	2926        	3.333       	2.02        	488         	487         	490         	497         	480         	484         	1           
153         	2883        	3           	2.061       	489         	493         	481         	478         	477         	465         	1           
154         	2913        	2.167       	2.001       	488         	495         	487         	486         	484         	473         	1           
155         	2907        	3.333       	2.016       	474         	495         	488         	487         	486         	477         	1           
156         	2906        	2           	2           	479         	494         	491         	478         	490         	474         	1           
157         	2922        	3           	2.023       	478         	493         	492         	487         	495         	477         	1           
158         	2881        	2.167       	2.027       	470         	476         	491         	477         	487         	480         	1           
159         	2890        	2.167       	2.061       	466         	486         	487         	482         	491         	478         	1           
160         	2896        	2.5         	2.048       	473         	489         	484         	489         	478         	483         	1           
161         	2894        	2.5         	2.057       	476         	493         	486         	484         	486         	469         	1           
162         	2924        	2.5         	2.036       	483         	492         	486         	497         	487         	479         	1           
163         	2899        	4.333       	2.068       	487         	489         	474         	487         	488         	474         	1           
164         	2893        	2.5         	1.997       	486         	488         	479         	474         	487         	479         	1           
165         	2885        	2.5         	1.992       	471         	484         	485         	484         	478         	483         	1           
166         	2891        	2.833       	1.988       	474         	489         	488         	483         	469         	488         	1           
167         	2902        	3.833       	1.993       	482         	493         	477         	489         	472         	489         	1           
168         	2925        	2           	2.023       	486         	495         	484         	484         	483         	493         	1           
169         	2900        	2.333       	2.057       	489         	496         	488         	470         	465         	492         	1           
170         	2905        	2.5         	2.009       	491         	483         	491         	479         	475         	486         	1           
171         	2865        	1.333       	2.081       	488         	468         	488         	489         	479         	453         	1           
172         	2879        	2.833       	2.003       	490         	478         	480         	487         	482         	462         	1           
173         	2904        	2.167       	2.05        	485         	484         	487         	491         	484         	473         	1           
174         	2900        	2.333       	2.017       	469         	482         	490         	492         	487         	480         	1           
175         	2889        	2.5         	1.97        	475         	486         	473         	487         	485         	483         	1           
176         	2898        	2.5         	2.038       	481         	485         	478         	476         	488         	490         	1           
177         	2884        	2.167       	2.075       	489         	482         	470         	479         	474         	490         	1           
178         	2904        	2.833       	2.076       	484         	488         	477         	489         	471         	495         	1           
179         	2897        	4.167       	2.008       	485         	472         	484         	495         	476         	485         	1           
180         	2912        	3           	1.989       	485         	483         	487         	498         	484         	475         	1           
181         	2886        	2.333       	2.031       	488         	467         	476         	487         	489         	479         	1           
182         	2888        	3.333       	2.048       	466         	479         	481         	484         	494         	484         	1           
183         	2865        	3.167       	2.029       	472         	486         	473         	472         	479         	483         	1           
184         	2900        	2.833       	2.033       	476         	491         	483         	477         	484         	489         	1           
185         	2914        	2           	2.059       	482         	484         	492         	483         	483         	490         	1           
186         	2918        	2.333       	2.016       	480         	490         	493         	478         	488         	489         	1           
187         	2907        	2.833       	2.05        	485         	494         	481         	479         	491         	477         	1           
188         	2883        	2.333       	2.047       	477         	477         	486         	489         	472         	482         	1           
189         	2890        	2.667       	1.978       	482         	485         	484         	493         	479         	467         	1           
190         	2903        	1.333       	2.06        	488         	485         	489         	493         	470         	478         	1           
191         	2922        	2.167       	2.032       	489         	489         	487         	494         	482         	481         	1           
192         	2926        	2.5         	2.01        	492         	482         	488         	492         	488         	484         	1           
193         	2927        	2           	2.024       	494         	473         	490         	497         	491         	482         	1           
194         	2934        	2.167       	2.021       	486         	483         	487         	499         	492         	487         	1           
195         	2901        	2.333       	2.057       	487         	489         	475         	484         	495         	471         	1           
196         	2918        	2.5         	2.04        	490         	491         	479         	485         	496         	477         	1           
197         	2909        	1.833       	2.015       	474         	490         	486         	481         	494         	484         	1           
198         	2919        	3.5         	2.012       	477         	493         	485         	482         	493         	489         	1           
199         	2919        	3.333       	2.004       	480         	483         	492         	478         	494         	492         	1           
200         	2922        	1.667       	2.034       	485         	488         	485         	478         	493         	493         	1           
