generation  	alive.rpl   	adlt.nbInd  	emigrants   	fem.meanFec 	adlt.nbInd_p1	adlt.nbInd_p2	adlt.nbInd_p3	adlt.nbInd_p4	adlt.nbInd_p5	adlt.nbInd_p6
1           	1           	4           	NaN         	3           	4           	0           	0           	0           	0           	0           
2           	1           	6           	0           	4.5         	6           	0           	0           	0           	0           	0           
3           	1           	9           	0           	1.857       	9           	0           	0           	0           	0           	0           
4           	1           	13          	0           	2.714       	13          	0           	0           	0           	0           	0           
5           	1           	19          	0           	2.545       	19          	0           	0           	0           	0           	0           
6           	1           	28          	0           	2.278       	28          	0           	0           	0           	0           	0           
7           	1           	40          	1           	3.111       	39          	1           	0           	0           	0           	0           
8           	1           	56          	0           	3.2         	56          	0           	0           	0           	0           	0           
9           	1           	80          	0           	2.846       	80          	0           	0           	0           	0           	0           
10          	1           	111         	0.5         	3.104       	110         	1           	0           	0           	0           	0           
11          	1           	149         	0.5         	2.474       	148         	1           	0           	0           	0           	0           
12          	1           	192         	1           	2.719       	192         	0           	0           	0           	0           	0           
13          	1           	241         	1           	2.598       	241         	0           	0           	0           	0           	0           
14          	1           	289         	1.5         	2.248       	288         	1           	0           	0           	0           	0           
15          	1           	333         	2           	2.259       	333         	0           	0           	0           	0           	0           
16          	1           	375         	0           	2.164       	375         	0           	0           	0           	0           	0           
17          	1           	408         	1           	2.192       	407         	1           	0           	0           	0           	0           
18          	1           	434         	0           	1.974       	434         	0           	0           	0           	0           	0           
19          	1           	452         	2           	2.162       	452         	0           	0           	0           	0           	0           
20          	1           	467         	1           	2.017       	465         	2           	0           	0           	0           	0           
21          	1           	476         	0           	2.095       	476         	0           	0           	0           	0           	0           
22          	1           	482         	2           	2.025       	482         	0           	0           	0           	0           	0           
23          	1           	485         	3.5         	1.964       	481         	4           	0           	0           	0           	0           
24          	1           	491         	2           	2.028       	483         	8           	0           	0           	0           	0           
25          	1           	499         	2           	2.044       	485         	14          	0           	0           	0           	0           
26          	1           	509         	1.5         	2.059       	487         	22          	0           	0           	0           	0           
27          	1           	513         	2.5         	2.015       	478         	35          	0           	0           	0           	0           
28          	1           	522         	1.5         	2.234       	469         	53          	0           	0           	0           	0           
29          	1           	551         	1.667       	2.07        	474         	76          	1           	0           	0           	0           
30          	1           	579         	1           	2.193       	472         	106         	1           	0           	0           	0           
31          	1           	624         	1.5         	2.163       	480         	144         	0           	0           	0           	0           
32          	1           	673         	2           	2.12        	483         	189         	1           	0           	0           	0           
33          	1           	727         	0.3333      	2.235       	489         	237         	1           	0           	0           	0           
34          	1           	766         	1.667       	2.133       	483         	282         	1           	0           	0           	0           
35          	1           	812         	2.333       	2.045       	481         	330         	1           	0           	0           	0           
36          	1           	857         	2           	2.06        	483         	372         	2           	0           	0           	0           
37          	1           	894         	1.667       	2.029       	489         	404         	1           	0           	0           	0           
38          	1           	924         	1.667       	2.052       	493         	430         	1           	0           	0           	0           
39          	1           	935         	2           	1.996       	486         	447         	2           	0           	0           	0           
40          	1           	929         	1.667       	1.947       	467         	459         	3           	0           	0           	0           
41          	1           	954         	1.333       	2.036       	480         	468         	6           	0           	0           	0           
42          	1           	964         	2.333       	2.128       	476         	479         	9           	0           	0           	0           
43          	1           	982         	1.667       	2.049       	481         	486         	15          	0           	0           	0           
44          	1           	997         	0.6667      	2.01        	485         	490         	22          	0           	0           	0           
45          	1           	1011        	2.333       	2.01        	486         	490         	35          	0           	0           	0           
46          	1           	1019        	2           	2.023       	492         	475         	52          	0           	0           	0           
47          	1           	1039        	2.667       	2.128       	481         	482         	76          	0           	0           	0           
48          	1           	1078        	1           	2.131       	483         	488         	106         	1           	0           	0           
49          	1           	1111        	0.6667      	2.161       	485         	483         	143         	0           	0           	0           
50          	1           	1158        	2           	2.135       	485         	481         	192         	0           	0           	0           
51          	1           	1213        	2           	2.08        	485         	485         	243         	0           	0           	0           
52          	1           	1248        	2           	2.066       	481         	473         	294         	0           	0           	0           
53          	1           	1300        	3           	2.041       	483         	473         	344         	0           	0           	0           
54          	1           	1354        	0.5         	2.067       	488         	482         	383         	1           	0           	0           
55          	1           	1392        	2.75        	2.028       	488         	487         	416         	1           	0           	0           
56          	1           	1409        	2           	2.041       	487         	479         	442         	1           	0           	0           
57          	1           	1428        	2           	2.006       	488         	481         	458         	1           	0           	0           
58          	1           	1442        	2.75        	2.077       	491         	481         	469         	1           	0           	0           
59          	1           	1448        	2           	2.046       	485         	484         	477         	2           	0           	0           
60          	1           	1454        	1.5         	1.988       	489         	488         	476         	1           	0           	0           
61          	1           	1451        	2           	2.043       	488         	480         	483         	0           	0           	0           
62          	1           	1458        	1.75        	2.05        	486         	486         	485         	1           	0           	0           
63          	1           	1451        	2           	2.033       	490         	471         	490         	0           	0           	0           
64          	1           	1433        	1.667       	2.121       	483         	478         	472         	0           	0           	0           
65          	1           	1451        	1.25        	1.972       	485         	486         	479         	1           	0           	0           
66          	1           	1455        	3           	1.991       	482         	487         	481         	5           	0           	0           
67          	1           	1455        	1.25        	1.955       	487         	488         	472         	8           	0           	0           
68          	1           	1465        	2.5         	1.995       	490         	480         	482         	13          	0           	0           
69          	1           	1451        	0.25        	2.099       	478         	485         	469         	19          	0           	0           
70          	1           	1467        	2           	2.049       	471         	489         	478         	29          	0           	0           
71          	1           	1495        	2           	2.021       	477         	492         	484         	42          	0           	0           
72          	1           	1505        	0.5         	2.012       	474         	493         	478         	60          	0           	0           
73          	1           	1528        	1.5         	2           	476         	480         	485         	87          	0           	0           
74          	1           	1579        	0.75        	2.087       	482         	488         	489         	120         	0           	0           
75          	1           	1629        	2.5         	2.05        	489         	490         	487         	163         	0           	0           
76          	1           	1685        	0.8         	2.057       	490         	494         	491         	209         	1           	0           
77          	1           	1707        	2           	2.039       	492         	474         	482         	259         	0           	0           
78          	1           	1759        	1.2         	1.999       	494         	468         	488         	308         	1           	0           
79          	1           	1774        	1.6         	2.014       	481         	462         	478         	352         	1           	0           
80          	1           	1816        	2.75        	2.112       	480         	460         	485         	391         	0           	0           
81          	1           	1865        	2           	2.04        	487         	466         	490         	421         	1           	0           
82          	1           	1886        	2.6         	2.112       	488         	470         	487         	438         	3           	0           
83          	1           	1900        	0.8         	2.092       	478         	481         	479         	458         	4           	0           
84          	1           	1929        	2.4         	2.01        	483         	482         	486         	470         	8           	0           
85          	1           	1940        	4.2         	1.989       	484         	478         	488         	477         	13          	0           
86          	1           	1938        	1.8         	2.125       	476         	483         	475         	483         	21          	0           
87          	1           	1968        	1.8         	2.035       	479         	487         	482         	488         	32          	0           
88          	1           	1989        	2           	2.006       	489         	488         	487         	478         	47          	0           
89          	1           	2014        	1.2         	2.052       	485         	490         	487         	485         	67          	0           
90          	1           	2041        	2.6         	2.043       	482         	491         	484         	488         	96          	0           
91          	1           	2056        	2.4         	2.039       	484         	481         	488         	472         	131         	0           
92          	1           	2108        	1.6         	2.108       	478         	485         	488         	483         	174         	0           
93          	1           	2168        	1.833       	2.078       	481         	491         	488         	488         	219         	1           
94          	1           	2218        	2           	2.065       	487         	482         	489         	489         	270         	1           
95          	1           	2253        	2           	2.035       	475         	483         	491         	484         	319         	1           
96          	1           	2290        	1.333       	2.012       	477         	478         	483         	489         	362         	1           
97          	1           	2342        	2.167       	2.052       	486         	486         	483         	489         	396         	2           
98          	1           	2374        	2.333       	2.042       	487         	494         	473         	489         	428         	3           
99          	1           	2399        	2.667       	2.001       	482         	492         	481         	490         	449         	5           
100         	1           	2404        	2.5         	2.023       	482         	473         	487         	490         	463         	9           
101         	1           	2432        	2.833       	2.01        	483         	479         	489         	493         	474         	14          
102         	1           	2452        	3.167       	2.052       	486         	485         	484         	495         	479         	23          
103         	1           	2458        	1.833       	2.031       	485         	484         	484         	495         	476         	34          
104         	1           	2475        	3           	2.075       	476         	486         	489         	494         	481         	49          
105         	1           	2515        	3.667       	2.035       	482         	489         	488         	498         	487         	71          
106         	1           	2541        	0.8333      	2.017       	484         	490         	492         	483         	494         	98          
107         	1           	2574        	2           	2.016       	486         	494         	484         	485         	489         	136         
108         	1           	2598        	2           	2.059       	477         	479         	486         	492         	483         	181         
109         	1           	2668        	1.5         	2.07        	482         	486         	489         	494         	488         	229         
110         	1           	2714        	1.5         	2.076       	485         	475         	493         	495         	484         	282         
111         	1           	2764        	3.333       	2.072       	489         	482         	479         	498         	488         	328         
112         	1           	2790        	1.5         	2.057       	477         	487         	485         	494         	476         	371         
113         	1           	2831        	1.667       	2.022       	485         	483         	479         	494         	485         	405         
114         	1           	2816        	1           	1.947       	467         	470         	486         	484         	476         	433         
115         	1           	2873        	1.833       	1.986       	477         	482         	487         	492         	483         	452         
116         	1           	2900        	2.167       	2.005       	483         	488         	491         	491         	482         	465         
117         	1           	2887        	2.667       	2.098       	482         	493         	492         	466         	493         	461         
118         	1           	2888        	2           	2.016       	475         	486         	494         	478         	489         	466         
119         	1           	2899        	2.5         	2.021       	481         	492         	485         	473         	492         	476         
120         	1           	2888        	3           	2.024       	484         	477         	489         	476         	481         	481         
121         	1           	2902        	2.5         	1.985       	485         	478         	490         	482         	483         	484         
122         	1           	2902        	2.333       	1.993       	490         	476         	489         	480         	488         	479         
123         	1           	2919        	3.167       	2.001       	485         	484         	491         	486         	491         	482         
124         	1           	2928        	3.333       	2.03        	482         	492         	491         	489         	492         	482         
125         	1           	2896        	1.833       	2.079       	480         	467         	490         	489         	496         	474         
126         	1           	2889        	2.5         	2.028       	483         	477         	492         	476         	482         	479         
127         	1           	2915        	2           	2.021       	483         	484         	489         	484         	488         	487         
128         	1           	2925        	2.667       	2.016       	488         	481         	488         	489         	487         	492         
129         	1           	2879        	2.333       	1.983       	461         	482         	489         	498         	470         	479         
130         	1           	2878        	2.333       	2.103       	470         	479         	479         	499         	464         	487         
131         	1           	2862        	2.833       	2.066       	459         	483         	477         	486         	471         	486         
132         	1           	2858        	2.167       	2.028       	470         	490         	461         	481         	467         	489         
133         	1           	2900        	2           	2.048       	479         	491         	476         	487         	475         	492         
134         	1           	2907        	3           	2.012       	483         	476         	487         	490         	480         	491         
135         	1           	2919        	1.833       	2.012       	486         	476         	493         	490         	486         	488         
136         	1           	2921        	2.167       	2.021       	483         	486         	484         	486         	490         	492         
137         	1           	2907        	3.167       	2.04        	472         	491         	476         	493         	493         	482         
138         	1           	2909        	3.667       	2.014       	479         	491         	472         	490         	489         	488         
139         	1           	2902        	2.833       	2.012       	477         	493         	477         	491         	487         	477         
140         	1           	2916        	3           	2.039       	482         	495         	481         	492         	482         	484         
141         	1           	2936        	1.833       	2.008       	485         	493         	486         	495         	492         	485         
142         	1           	2931        	1.667       	2.01        	484         	495         	489         	486         	490         	487         
143         	1           	2905        	2.833       	2.031       	486         	478         	493         	479         	483         	486         
144         	1           	2907        	1.667       	2.026       	487         	482         	481         	487         	487         	483         
145         	1           	2913        	3.333       	2.014       	476         	484         	488         	489         	492         	484         
146         	1           	2908        	2.833       	2.026       	473         	481         	494         	491         	484         	485         
147         	1           	2919        	2           	2.05        	480         	487         	486         	491         	486         	489         
148         	1           	2904        	3           	2.011       	486         	490         	483         	483         	477         	485         
149         	1           	2897        	2.333       	1.966       	488         	495         	484         	472         	481         	477         
150         	1           	2889        	2           	2.056       	492         	493         	461         	475         	490         	478         
151         	1           	2908        	2.167       	2.018       	490         	491         	473         	484         	492         	478         
152         	1           	2911        	2.833       	1.996       	487         	495         	479         	481         	482         	487         
153         	1           	2910        	2.667       	1.986       	488         	490         	483         	486         	473         	490         
154         	1           	2911        	3.5         	2.052       	478         	489         	481         	490         	483         	490         
155         	1           	2897        	3.167       	2.004       	472         	489         	487         	493         	490         	466         
156         	1           	2907        	2.667       	2.003       	479         	483         	484         	491         	496         	474         
157         	1           	2898        	1.667       	2.014       	469         	485         	486         	488         	494         	476         
158         	1           	2906        	2.5         	2.014       	478         	484         	488         	479         	496         	481         
159         	1           	2921        	2           	2.055       	484         	488         	491         	484         	488         	486         
160         	1           	2915        	1.667       	1.984       	478         	489         	480         	488         	493         	487         
161         	1           	2900        	2.5         	1.983       	482         	491         	474         	483         	481         	489         
162         	1           	2919        	3.167       	2.016       	487         	486         	480         	494         	479         	493         
163         	1           	2905        	2.333       	1.993       	477         	477         	485         	482         	487         	497         
164         	1           	2911        	2.833       	2.019       	486         	470         	490         	485         	489         	491         
165         	1           	2913        	3.667       	2.054       	487         	483         	490         	480         	486         	487         
166         	1           	2906        	2.667       	2.01        	482         	474         	489         	484         	489         	488         
167         	1           	2902        	2.333       	1.991       	482         	475         	484         	489         	483         	489         
168         	1           	2884        	2           	2.093       	485         	486         	488         	482         	471         	472         
169         	1           	2905        	2.167       	2.026       	492         	490         	483         	480         	480         	480         
170         	1           	2876        	1.5         	2.01        	468         	484         	469         	486         	486         	483         
171         	1           	2899        	2.667       	1.999       	478         	487         	474         	490         	487         	483         
172         	1           	2888        	3.5         	2.005       	489         	467         	480         	486         	493         	473         
173         	1           	2913        	2.167       	2.021       	492         	477         	487         	489         	487         	481         
174         	1           	2929        	2.833       	2.029       	492         	480         	493         	487         	489         	488         
175         	1           	2924        	2.833       	1.973       	495         	483         	487         	488         	487         	484         
176         	1           	2911        	3.333       	2.037       	474         	491         	485         	492         	480         	489         
177         	1           	2905        	2.667       	2.064       	481         	484         	487         	478         	485         	490         
178         	1           	2901        	2.167       	2.027       	487         	490         	486         	486         	481         	471         
179         	1           	2909        	2.667       	2.003       	489         	492         	480         	489         	478         	481         
180         	1           	2933        	3.167       	2.015       	492         	495         	488         	494         	481         	483         
181         	1           	2918        	2.333       	2.057       	492         	492         	493         	475         	488         	478         
182         	1           	2930        	1.833       	2.021       	489         	493         	488         	484         	492         	484         
183         	1           	2924        	2.667       	2.016       	486         	485         	484         	488         	493         	488         
184         	1           	2929        	3.167       	1.969       	490         	490         	491         	476         	491         	491         
185         	1           	2894        	2.167       	1.995       	490         	470         	481         	478         	493         	482         
186         	1           	2900        	3           	2.02        	476         	477         	488         	483         	492         	484         
187         	1           	2916        	1.833       	1.99        	482         	485         	492         	489         	492         	476         
188         	1           	2896        	2.833       	2.048       	478         	492         	479         	492         	485         	470         
189         	1           	2907        	3           	2.019       	483         	492         	486         	491         	477         	478         
190         	1           	2927        	2           	2.017       	487         	496         	495         	488         	482         	479         
191         	1           	2911        	2.5         	2.037       	486         	474         	491         	493         	483         	484         
192         	1           	2893        	3.5         	1.987       	479         	478         	496         	468         	491         	481         
193         	1           	2904        	3.167       	2.03        	486         	484         	485         	476         	498         	475         
194         	1           	2910        	2.667       	2.037       	487         	487         	478         	481         	497         	480         
195         	1           	2919        	3           	2.015       	488         	488         	483         	478         	498         	484         
196         	1           	2918        	2.667       	1.982       	485         	479         	487         	487         	493         	487         
197         	1           	2914        	1.5         	2.075       	491         	471         	488         	486         	493         	485         
198         	1           	2910        	4.167       	2.012       	486         	475         	487         	492         	483         	487         
199         	1           	2911        	1.833       	1.973       	487         	474         	493         	492         	479         	486         
200         	1           	2928        	2.833       	2.012       	488         	481         	490         	495         	485         	489         
