replicate   	generation  	adlt.nbInd  	emigrants   	fem.meanFec 	adlt.nbInd_p1	adlt.nbInd_p2	adlt.nbInd_p3	adlt.nbInd_p4	adlt.nbInd_p5	adlt.nbInd_p6
1           	1           	4           	NaN         	3           	4           	0           	0           	0           	0           	0           
1           	2           	6           	0           	2.25        	6           	0           	0           	0           	0           	0           
1           	3           	9           	0           	4.333       	9           	0           	0           	0           	0           	0           
1           	4           	13          	0           	2.714       	13          	0           	0           	0           	0           	0           
1           	5           	19          	0           	7           	19          	0           	0           	0           	0           	0           
1           	6           	28          	0           	3.727       	28          	0           	0           	0           	0           	0           
1           	7           	41          	0           	2.95        	41          	0           	0           	0           	0           	0           
1           	8           	59          	0.5         	2.645       	58          	1           	0           	0           	0           	0           
1           	9           	82          	0           	2.327       	82          	0           	0           	0           	0           	0           
1           	10          	114         	0           	3.08        	114         	0           	0           	0           	0           	0           
1           	11          	154         	0           	2.564       	154         	0           	0           	0           	0           	0           
1           	12          	199         	1           	2.767       	199         	0           	0           	0           	0           	0           
1           	13          	248         	1           	2.31        	248         	0           	0           	0           	0           	0           
1           	14          	298         	0.5         	2.199       	297         	1           	0           	0           	0           	0           
1           	15          	343         	1           	2.313       	341         	2           	0           	0           	0           	0           
1           	16          	384         	0           	2.123       	381         	3           	0           	0           	0           	0           
1           	17          	413         	2           	2.085       	410         	3           	0           	0           	0           	0           
1           	18          	440         	0.5         	2.179       	435         	5           	0           	0           	0           	0           
1           	19          	460         	1.5         	2.101       	452         	8           	0           	0           	0           	0           
1           	20          	478         	1           	1.988       	465         	13          	0           	0           	0           	0           
1           	21          	494         	1           	2.12        	474         	20          	0           	0           	0           	0           
1           	22          	509         	1           	2.095       	480         	29          	0           	0           	0           	0           
1           	23          	526         	2           	2.056       	482         	44          	0           	0           	0           	0           
1           	24          	549         	1           	2.14        	486         	63          	0           	0           	0           	0           
1           	25          	577         	1           	2.125       	487         	89          	1           	0           	0           	0           
1           	26          	612         	1.5         	2.212       	488         	124         	0           	0           	0           	0           
1           	27          	655         	3           	2.241       	486         	169         	0           	0           	0           	0           
1           	28          	700         	1.333       	2.16        	485         	214         	1           	0           	0           	0           
1           	29          	744         	2           	2.108       	482         	262         	0           	0           	0           	0           
1           	30          	794         	3           	2.241       	484         	305         	5           	0           	0           	0           
1           	31          	826         	1           	2.184       	468         	351         	7           	0           	0           	0           
1           	32          	878         	1           	2.056       	477         	391         	10          	0           	0           	0           
1           	33          	920         	2           	2.067       	483         	421         	16          	0           	0           	0           
1           	34          	955         	1.5         	2.039       	485         	445         	24          	1           	0           	0           
1           	35          	982         	1.333       	2.106       	486         	459         	37          	0           	0           	0           
1           	36          	1016        	1.667       	2.047       	489         	472         	55          	0           	0           	0           
1           	37          	1043        	1.667       	2.073       	487         	479         	77          	0           	0           	0           
1           	38          	1078        	2           	2.145       	483         	487         	108         	0           	0           	0           
1           	39          	1108        	3           	2.08        	471         	490         	147         	0           	0           	0           
1           	40          	1160        	1.667       	2.077       	478         	489         	193         	0           	0           	0           
1           	41          	1216        	1.5         	2.114       	481         	489         	245         	1           	0           	0           
1           	42          	1272        	2.667       	2.073       	486         	490         	296         	0           	0           	0           
1           	43          	1305        	1           	2.088       	470         	491         	343         	1           	0           	0           
1           	44          	1355        	1.5         	2.017       	477         	494         	381         	3           	0           	0           
1           	45          	1392        	2.5         	2.1         	481         	495         	415         	1           	0           	0           
1           	46          	1419        	2           	2.007       	482         	496         	440         	1           	0           	0           
1           	47          	1421        	1.25        	1.992       	470         	492         	458         	1           	0           	0           
1           	48          	1441        	2.667       	2.074       	475         	494         	472         	0           	0           	0           
1           	49          	1446        	2.25        	2.024       	479         	489         	477         	1           	0           	0           
1           	50          	1459        	2.25        	1.988       	487         	491         	479         	2           	0           	0           
1           	51          	1463        	2.333       	1.988       	487         	492         	484         	0           	0           	0           
1           	52          	1458        	1.5         	2.01        	475         	496         	486         	1           	0           	0           
1           	53          	1455        	2.5         	1.996       	476         	490         	485         	4           	0           	0           
1           	54          	1460        	3           	1.976       	478         	487         	489         	6           	0           	0           
1           	55          	1467        	2.75        	2.043       	482         	491         	485         	9           	0           	0           
1           	56          	1480        	2           	2.011       	489         	490         	487         	14          	0           	0           
1           	57          	1451        	1           	2.113       	490         	454         	486         	21          	0           	0           
1           	58          	1476        	2.5         	2.067       	484         	468         	491         	33          	0           	0           
1           	59          	1499        	2.5         	2.111       	480         	475         	496         	48          	0           	0           
1           	60          	1527        	1.5         	2.009       	482         	487         	489         	69          	0           	0           
1           	61          	1529        	2.75        	1.989       	468         	488         	474         	99          	0           	0           
1           	62          	1573        	1           	2.084       	477         	480         	479         	136         	1           	0           
1           	63          	1634        	2.25        	2.073       	484         	481         	489         	180         	0           	0           
1           	64          	1686        	2.2         	2.024       	478         	488         	490         	229         	1           	0           
1           	65          	1740        	1           	2.068       	484         	484         	494         	277         	1           	0           
1           	66          	1788        	1           	2.064       	492         	474         	497         	325         	0           	0           
1           	67          	1792        	3.4         	2.014       	481         	477         	466         	366         	2           	0           
1           	68          	1849        	1.4         	2.062       	484         	481         	478         	402         	4           	0           
1           	69          	1896        	0.6         	2.065       	490         	485         	484         	430         	7           	0           
1           	70          	1925        	2.8         	2.036       	490         	483         	492         	448         	12          	0           
1           	71          	1944        	1.8         	2.019       	493         	478         	490         	463         	20          	0           
1           	72          	1972        	3.4         	2.021       	490         	486         	494         	470         	32          	0           
1           	73          	1994        	1           	2.019       	485         	492         	490         	480         	47          	0           
1           	74          	2020        	3           	2.036       	488         	486         	494         	483         	69          	0           
1           	75          	2025        	1.333       	2.091       	484         	476         	483         	483         	98          	1           
1           	76          	2072        	2           	2.087       	490         	472         	488         	486         	136         	0           
1           	77          	2115        	1.667       	2.054       	480         	480         	488         	487         	179         	1           
1           	78          	2175        	3.2         	2.034       	481         	486         	494         	486         	228         	0           
1           	79          	2233        	2.667       	2.053       	481         	493         	491         	487         	278         	3           
1           	80          	2278        	2           	2.074       	487         	484         	487         	490         	326         	4           
1           	81          	2323        	0.8333      	2.054       	488         	491         	483         	485         	370         	6           
1           	82          	2365        	1           	2.096       	493         	485         	490         	482         	406         	9           
1           	83          	2376        	1.667       	2.007       	491         	476         	479         	482         	435         	13          
1           	84          	2420        	1.167       	1.998       	491         	486         	480         	489         	455         	19          
1           	85          	2447        	2.333       	2.079       	496         	487         	483         	484         	467         	30          
1           	86          	2478        	2           	2.042       	496         	487         	487         	486         	475         	47          
1           	87          	2498        	2.333       	2.034       	498         	485         	484         	485         	478         	68          
1           	88          	2542        	2.5         	2.035       	493         	493         	487         	489         	484         	96          
1           	89          	2562        	1.833       	1.999       	487         	493         	490         	483         	477         	132         
1           	90          	2597        	2.5         	2.054       	484         	491         	477         	485         	484         	176         
1           	91          	2649        	2.333       	2.096       	486         	479         	483         	488         	490         	223         
1           	92          	2700        	2           	2.04        	485         	479         	487         	490         	485         	274         
1           	93          	2759        	2.5         	2.006       	488         	485         	489         	487         	488         	322         
1           	94          	2771        	2           	2.018       	480         	469         	477         	488         	491         	366         
1           	95          	2816        	2.667       	2.044       	484         	484         	482         	477         	489         	400         
1           	96          	2842        	1.833       	2.045       	485         	475         	485         	477         	491         	429         
1           	97          	2865        	2.667       	2.032       	485         	477         	488         	475         	491         	449         
1           	98          	2896        	2           	2.026       	489         	482         	491         	476         	491         	467         
1           	99          	2903        	1.5         	2.029       	494         	481         	487         	481         	483         	477         
1           	100         	2896        	2.833       	2.025       	490         	488         	489         	472         	476         	481         
1           	101         	2919        	2.833       	2.03        	487         	491         	494         	479         	484         	484         
1           	102         	2928        	1.833       	2.022       	489         	492         	485         	490         	482         	490         
1           	103         	2903        	2.667       	1.984       	490         	474         	479         	485         	487         	488         
1           	104         	2905        	2.833       	1.984       	493         	474         	486         	483         	489         	480         
1           	105         	2883        	3           	2.007       	496         	481         	478         	476         	490         	462         
1           	106         	2897        	2.333       	2.038       	489         	489         	486         	467         	495         	471         
1           	107         	2915        	1.5         	2.017       	492         	490         	488         	476         	494         	475         
1           	108         	2917        	3.167       	2.042       	474         	493         	493         	482         	492         	483         
1           	109         	2920        	1.5         	2.014       	475         	495         	485         	483         	495         	487         
1           	110         	2915        	2.333       	2.036       	474         	493         	487         	485         	485         	491         
1           	111         	2922        	3.167       	2.016       	479         	494         	485         	488         	484         	492         
1           	112         	2918        	2.833       	2.007       	485         	492         	487         	477         	487         	490         
1           	113         	2935        	2           	2           	488         	495         	484         	484         	493         	491         
1           	114         	2910        	2.333       	1.983       	468         	487         	483         	490         	488         	494         
1           	115         	2885        	1.833       	2.013       	470         	485         	474         	489         	481         	486         
1           	116         	2878        	2.167       	2.041       	479         	480         	471         	490         	485         	473         
1           	117         	2874        	2.333       	2.006       	483         	479         	475         	492         	481         	464         
1           	118         	2862        	2.667       	2.046       	473         	467         	482         	479         	489         	472         
1           	119         	2869        	3.333       	2.011       	475         	476         	483         	484         	476         	475         
1           	120         	2892        	2.5         	2.023       	477         	483         	488         	484         	482         	478         
1           	121         	2911        	1.167       	1.997       	485         	487         	490         	487         	490         	472         
1           	122         	2908        	2.833       	2.016       	473         	487         	491         	492         	492         	473         
1           	123         	2903        	3           	2.031       	482         	485         	482         	483         	494         	477         
1           	124         	2930        	2.667       	2.01        	489         	487         	489         	487         	495         	483         
1           	125         	2909        	2.833       	2.02        	488         	490         	488         	478         	489         	476         
1           	126         	2918        	2.167       	2.014       	481         	493         	489         	483         	490         	482         
1           	127         	2894        	1.5         	2.055       	477         	475         	483         	487         	493         	479         
1           	128         	2923        	2.5         	2.01        	489         	475         	492         	485         	497         	485         
1           	129         	2925        	2.333       	1.99        	487         	480         	481         	489         	497         	491         
1           	130         	2916        	2.667       	2.03        	490         	481         	479         	493         	499         	474         
1           	131         	2928        	2           	1.999       	487         	489         	486         	491         	493         	482         
1           	132         	2920        	2           	2.007       	483         	486         	482         	493         	491         	485         
1           	133         	2929        	1.833       	2.023       	482         	488         	488         	494         	493         	484         
1           	134         	2931        	3.333       	2.027       	488         	489         	494         	490         	484         	486         
1           	135         	2932        	3.167       	2.027       	487         	493         	494         	492         	481         	485         
1           	136         	2909        	3.333       	2.029       	478         	492         	495         	476         	482         	486         
1           	137         	2911        	2.667       	2.037       	483         	488         	495         	477         	490         	478         
1           	138         	2896        	3.333       	2.017       	487         	480         	480         	474         	492         	483         
1           	139         	2925        	2.833       	2.018       	490         	482         	489         	489         	487         	488         
1           	140         	2920        	2.667       	2.054       	492         	491         	490         	484         	472         	491         
1           	141         	2910        	1.333       	2.023       	492         	484         	485         	480         	476         	493         
1           	142         	2913        	3.667       	2           	490         	490         	477         	483         	480         	493         
1           	143         	2896        	1.5         	2.032       	479         	492         	484         	466         	484         	491         
1           	144         	2928        	1.833       	2.01        	488         	491         	489         	477         	488         	495         
1           	145         	2901        	1.5         	2.021       	486         	492         	479         	485         	470         	489         
1           	146         	2898        	2.5         	2.048       	491         	477         	480         	482         	478         	490         
1           	147         	2883        	2.5         	2.031       	487         	487         	464         	487         	472         	486         
1           	148         	2882        	1.667       	2.073       	483         	484         	471         	482         	473         	489         
1           	149         	2880        	2           	2.009       	483         	485         	474         	481         	481         	476         
1           	150         	2899        	2           	1.982       	486         	488         	475         	488         	479         	483         
1           	151         	2884        	1.333       	1.963       	481         	474         	480         	488         	475         	486         
1           	152         	2891        	2           	2.008       	485         	479         	479         	487         	479         	482         
1           	153         	2915        	1.833       	1.998       	487         	483         	487         	486         	488         	484         
1           	154         	2902        	2.167       	2.009       	489         	475         	487         	484         	480         	487         
1           	155         	2917        	2.333       	2.004       	492         	482         	482         	490         	487         	484         
1           	156         	2907        	2.333       	2.028       	488         	476         	484         	486         	486         	487         
1           	157         	2916        	2.667       	2.025       	482         	483         	488         	489         	487         	487         
1           	158         	2936        	2.5         	2.021       	486         	490         	487         	495         	487         	491         
1           	159         	2942        	3           	1.993       	492         	482         	488         	499         	491         	490         
1           	160         	2937        	2.5         	2.012       	495         	488         	482         	493         	495         	484         
1           	161         	2931        	2.667       	2.053       	493         	472         	491         	495         	497         	483         
1           	162         	2884        	1.833       	2.021       	477         	480         	479         	493         	486         	469         
1           	163         	2887        	2.333       	2.038       	484         	485         	477         	488         	480         	473         
1           	164         	2903        	2.833       	2.02        	490         	482         	484         	492         	476         	479         
1           	165         	2878        	4.167       	2.033       	484         	465         	474         	492         	485         	478         
1           	166         	2892        	1.5         	2.012       	481         	473         	481         	483         	488         	486         
1           	167         	2894        	3           	1.985       	475         	477         	491         	481         	483         	487         
1           	168         	2892        	3.333       	2.027       	483         	476         	484         	480         	479         	490         
1           	169         	2896        	1.833       	2.02        	487         	477         	488         	488         	478         	478         
1           	170         	2917        	2.333       	2.057       	488         	479         	491         	491         	486         	482         
1           	171         	2918        	2.167       	1.992       	482         	488         	486         	482         	491         	489         
1           	172         	2908        	2.667       	1.994       	484         	482         	485         	483         	498         	476         
1           	173         	2917        	2.667       	2.009       	486         	485         	489         	479         	497         	481         
1           	174         	2925        	2           	2.006       	489         	491         	487         	477         	494         	487         
1           	175         	2904        	2.333       	2.021       	480         	489         	491         	481         	491         	472         
1           	176         	2911        	1           	2.037       	486         	492         	489         	474         	489         	481         
1           	177         	2923        	2.5         	1.974       	489         	495         	494         	482         	490         	473         
1           	178         	2938        	2.833       	2.003       	491         	496         	489         	486         	494         	482         
1           	179         	2939        	2.5         	2.039       	491         	491         	494         	485         	499         	479         
1           	180         	2937        	1.5         	1.985       	487         	491         	490         	487         	496         	486         
1           	181         	2936        	2.667       	2.032       	491         	492         	492         	484         	490         	487         
1           	182         	2917        	3.667       	2.044       	488         	495         	496         	474         	477         	487         
1           	183         	2933        	3           	2.01        	491         	499         	493         	485         	475         	490         
1           	184         	2914        	2.833       	2.018       	493         	481         	489         	486         	481         	484         
1           	185         	2917        	1.833       	2.056       	486         	486         	479         	492         	486         	488         
1           	186         	2922        	1.833       	1.987       	489         	490         	486         	494         	478         	485         
1           	187         	2927        	1.833       	1.997       	489         	492         	490         	490         	482         	484         
1           	188         	2928        	3.667       	1.988       	492         	493         	495         	492         	488         	468         
1           	189         	2897        	3.5         	2.005       	492         	481         	487         	484         	480         	473         
1           	190         	2917        	1.833       	2.015       	493         	488         	482         	489         	484         	481         
1           	191         	2908        	1.667       	1.997       	490         	478         	487         	490         	477         	486         
1           	192         	2882        	2.333       	1.996       	487         	472         	493         	481         	482         	467         
1           	193         	2896        	1.833       	2.028       	488         	477         	486         	490         	482         	473         
1           	194         	2876        	1.667       	2.041       	488         	481         	475         	486         	466         	480         
1           	195         	2892        	2.167       	2.005       	491         	484         	485         	466         	481         	485         
1           	196         	2899        	2.833       	2.045       	487         	483         	485         	479         	482         	483         
1           	197         	2905        	2.833       	2.008       	480         	490         	488         	479         	485         	483         
1           	198         	2916        	3.167       	2.008       	482         	492         	487         	479         	490         	486         
1           	199         	2933        	3.167       	2.014       	484         	497         	487         	487         	487         	491         
1           	200         	2924        	2.833       	1.965       	485         	494         	493         	487         	484         	481         
