replicate   	generation  	n.adlt.nbAll	n.adlt.fst  	n.adlt.fst_l1	n.adlt.fst_l2
1           	1           	5.5         	0.5053      	1           	-8.437e-05  
1           	2           	6.15        	0.504       	0.9971      	0.0004503   
1           	3           	6.45        	0.5034      	0.9955      	0.001043    
1           	4           	7.1         	0.5014      	0.9915      	0.001395    
1           	5           	7.25        	0.4996      	0.9881      	0.001796    
1           	6           	7.05        	0.4987      	0.9857      	0.002527    
1           	7           	7.1         	0.498       	0.9833      	0.002812    
1           	8           	7.2         	0.4972      	0.9818      	0.002961    
1           	9           	7.5         	0.4958      	0.9781      	0.00328     
1           	10          	7.6         	0.4938      	0.9741      	0.003561    
1           	11          	7.5         	0.4927      	0.9715      	0.004148    
1           	12          	7.75        	0.4904      	0.9672      	0.003912    
1           	13          	7.85        	0.4895      	0.9653      	0.004493    
1           	14          	7.95        	0.488       	0.9616      	0.004767    
1           	15          	7.9         	0.4876      	0.9598      	0.005619    
1           	16          	8.05        	0.4872      	0.9583      	0.006684    
1           	17          	8.1         	0.4874      	0.9591      	0.006572    
1           	18          	8.1         	0.4869      	0.9579      	0.006656    
1           	19          	8.2         	0.4849      	0.9539      	0.007139    
1           	20          	8.25        	0.4837      	0.9507      	0.0076      
1           	21          	8.35        	0.4803      	0.9439      	0.007724    
1           	22          	8.35        	0.4802      	0.9418      	0.009025    
1           	23          	8.65        	0.4772      	0.9354      	0.009725    
1           	24          	8.85        	0.476       	0.9319      	0.0104      
1           	25          	8.65        	0.4751      	0.9303      	0.0105      
1           	26          	8.6         	0.4745      	0.9291      	0.01093     
1           	27          	8.5         	0.4753      	0.93        	0.01199     
1           	28          	8.55        	0.4743      	0.9268      	0.01303     
1           	29          	8.5         	0.4761      	0.9302      	0.01307     
1           	30          	8.55        	0.4765      	0.9306      	0.0138      
1           	31          	8.55        	0.4758      	0.9283      	0.01418     
1           	32          	8.35        	0.4766      	0.9287      	0.01546     
1           	33          	8.25        	0.4772      	0.9292      	0.01638     
1           	34          	8.25        	0.4782      	0.9308      	0.0172      
1           	35          	8.25        	0.4776      	0.9286      	0.01827     
1           	36          	8.25        	0.4769      	0.9264      	0.01939     
1           	37          	8.3         	0.4752      	0.9223      	0.02054     
1           	38          	8.25        	0.4729      	0.9173      	0.0211      
1           	39          	8.4         	0.4732      	0.9171      	0.02193     
1           	40          	8.55        	0.4737      	0.9176      	0.02215     
1           	41          	8.55        	0.4741      	0.9167      	0.02375     
1           	42          	8.6         	0.4727      	0.9142      	0.02389     
1           	43          	8.6         	0.4702      	0.909       	0.02395     
1           	44          	8.6         	0.4731      	0.9144      	0.02408     
1           	45          	8.5         	0.4702      	0.908       	0.02459     
1           	46          	8.55        	0.4674      	0.902       	0.02504     
1           	47          	8.55        	0.4666      	0.8999      	0.02519     
1           	48          	8.65        	0.4658      	0.8965      	0.02661     
1           	49          	8.8         	0.4642      	0.8931      	0.02715     
1           	50          	8.8         	0.461       	0.8863      	0.02752     
1           	51          	8.7         	0.461       	0.8872      	0.02649     
1           	52          	8.75        	0.4623      	0.8898      	0.02659     
1           	53          	8.65        	0.4625      	0.8901      	0.02714     
1           	54          	8.65        	0.463       	0.8904      	0.02814     
1           	55          	8.8         	0.4619      	0.8878      	0.0289      
1           	56          	8.7         	0.4577      	0.8795      	0.02925     
1           	57          	8.65        	0.4576      	0.88        	0.02837     
1           	58          	8.85        	0.4573      	0.8807      	0.02745     
1           	59          	8.85        	0.4582      	0.8811      	0.02896     
1           	60          	8.85        	0.4566      	0.88        	0.02733     
1           	61          	9           	0.4527      	0.8713      	0.02813     
1           	62          	9.15        	0.4485      	0.8627      	0.02851     
1           	63          	8.9         	0.4474      	0.8619      	0.02716     
1           	64          	8.65        	0.4476      	0.862       	0.02725     
1           	65          	8.45        	0.4459      	0.8599      	0.02602     
1           	66          	8.3         	0.4437      	0.8553      	0.02616     
1           	67          	8.2         	0.4425      	0.8535      	0.02559     
1           	68          	8.35        	0.4394      	0.8461      	0.0268      
1           	69          	8.35        	0.4413      	0.849       	0.02794     
1           	70          	8.45        	0.4416      	0.8478      	0.02999     
1           	71          	8.4         	0.4408      	0.8466      	0.02972     
1           	72          	8.55        	0.4414      	0.8482      	0.02938     
1           	73          	8.6         	0.4441      	0.8534      	0.02949     
1           	74          	8.6         	0.4409      	0.8468      	0.02977     
1           	75          	8.7         	0.4411      	0.8482      	0.02866     
1           	76          	8.65        	0.4409      	0.848       	0.02868     
1           	77          	8.65        	0.4382      	0.8431      	0.02814     
1           	78          	8.75        	0.4352      	0.8369      	0.02862     
1           	79          	8.75        	0.4368      	0.8387      	0.02973     
1           	80          	8.55        	0.4342      	0.8345      	0.02905     
1           	81          	8.7         	0.433       	0.8309      	0.02979     
1           	82          	8.7         	0.4326      	0.8293      	0.03036     
1           	83          	8.7         	0.4313      	0.8265      	0.0309      
1           	84          	8.85        	0.4291      	0.8231      	0.03006     
1           	85          	8.7         	0.4278      	0.8199      	0.03098     
1           	86          	8.8         	0.4262      	0.8169      	0.03082     
1           	87          	8.75        	0.4263      	0.8172      	0.03066     
1           	88          	8.8         	0.4253      	0.8141      	0.0315      
1           	89          	8.75        	0.4252      	0.8142      	0.03119     
1           	90          	8.85        	0.424       	0.8093      	0.03363     
1           	91          	8.85        	0.4202      	0.8004      	0.03527     
1           	92          	9.05        	0.417       	0.7938      	0.03553     
1           	93          	9           	0.4158      	0.7914      	0.03571     
1           	94          	8.8         	0.4167      	0.7928      	0.03578     
1           	95          	8.75        	0.4173      	0.7929      	0.03675     
1           	96          	8.75        	0.4183      	0.7939      	0.0373      
1           	97          	8.55        	0.4183      	0.7947      	0.03642     
1           	98          	8.9         	0.4195      	0.7949      	0.03841     
1           	99          	8.75        	0.4183      	0.7931      	0.038       
1           	100         	8.7         	0.4194      	0.7949      	0.03833     
1           	101         	8.75        	0.4177      	0.7917      	0.03805     
1           	102         	8.55        	0.4157      	0.7867      	0.03918     
1           	103         	8.6         	0.4131      	0.7811      	0.03945     
1           	104         	8.6         	0.4133      	0.7808      	0.04021     
1           	105         	8.55        	0.4131      	0.7781      	0.04236     
1           	106         	8.65        	0.4173      	0.7844      	0.04412     
1           	107         	8.7         	0.4154      	0.7825      	0.04244     
1           	108         	8.6         	0.4121      	0.7759      	0.04255     
1           	109         	8.5         	0.4116      	0.7743      	0.04331     
1           	110         	8.55        	0.4106      	0.7732      	0.04232     
1           	111         	8.6         	0.4111      	0.7742      	0.04207     
1           	112         	8.75        	0.4081      	0.767       	0.04339     
1           	113         	8.65        	0.4082      	0.7661      	0.04428     
1           	114         	8.8         	0.409       	0.7679      	0.04354     
1           	115         	8.95        	0.4102      	0.7697      	0.04437     
1           	116         	8.85        	0.4112      	0.7708      	0.04511     
1           	117         	8.85        	0.408       	0.7648      	0.04481     
1           	118         	8.75        	0.4055      	0.7593      	0.04525     
1           	119         	8.8         	0.4045      	0.7569      	0.04558     
1           	120         	8.95        	0.4031      	0.7534      	0.04635     
1           	121         	8.9         	0.4035      	0.7525      	0.04807     
1           	122         	8.9         	0.4058      	0.7552      	0.04998     
1           	123         	8.8         	0.4096      	0.7618      	0.05074     
1           	124         	8.85        	0.4073      	0.7582      	0.04978     
1           	125         	8.75        	0.4094      	0.7595      	0.05215     
1           	126         	8.95        	0.4085      	0.7568      	0.05314     
1           	127         	8.85        	0.408       	0.7565      	0.05272     
1           	128         	8.85        	0.4061      	0.7531      	0.05232     
1           	129         	8.85        	0.404       	0.7486      	0.05276     
1           	130         	8.95        	0.4052      	0.7513      	0.05223     
1           	131         	8.9         	0.4034      	0.7483      	0.05127     
1           	132         	8.85        	0.4011      	0.742       	0.05309     
1           	133         	8.9         	0.4022      	0.7444      	0.05309     
1           	134         	9           	0.4008      	0.7434      	0.05152     
1           	135         	8.95        	0.4007      	0.7411      	0.05364     
1           	136         	8.8         	0.3996      	0.7395      	0.0528      
1           	137         	8.75        	0.4008      	0.7415      	0.0533      
1           	138         	8.85        	0.4057      	0.7507      	0.05413     
1           	139         	8.65        	0.4075      	0.7521      	0.0562      
1           	140         	8.65        	0.4068      	0.7477      	0.05934     
1           	141         	8.7         	0.4088      	0.7521      	0.05902     
1           	142         	8.7         	0.4099      	0.7543      	0.05857     
1           	143         	8.7         	0.4122      	0.7582      	0.05971     
1           	144         	8.65        	0.4123      	0.7578      	0.06044     
1           	145         	8.7         	0.4094      	0.7523      	0.05964     
1           	146         	8.75        	0.4075      	0.7467      	0.06192     
1           	147         	8.9         	0.4038      	0.7391      	0.06213     
1           	148         	8.75        	0.4059      	0.7426      	0.06236     
1           	149         	8.85        	0.4086      	0.7463      	0.06384     
1           	150         	8.7         	0.4109      	0.7489      	0.06597     
1           	151         	8.75        	0.4124      	0.7526      	0.06516     
1           	152         	8.8         	0.4141      	0.7541      	0.06712     
1           	153         	8.95        	0.4132      	0.7522      	0.06708     
1           	154         	9           	0.4146      	0.7521      	0.06997     
1           	155         	8.95        	0.4109      	0.7436      	0.07113     
1           	156         	8.75        	0.4087      	0.7412      	0.06876     
1           	157         	8.75        	0.4056      	0.7338      	0.07        
1           	158         	8.55        	0.4046      	0.7309      	0.07069     
1           	159         	8.6         	0.4041      	0.7311      	0.06958     
1           	160         	8.75        	0.4022      	0.7285      	0.0687      
1           	161         	8.85        	0.4026      	0.7308      	0.06754     
1           	162         	8.85        	0.4053      	0.7335      	0.06982     
1           	163         	9           	0.4039      	0.7334      	0.06758     
1           	164         	8.95        	0.3975      	0.72        	0.06858     
1           	165         	8.85        	0.3975      	0.7197      	0.0689      
1           	166         	8.85        	0.3978      	0.7217      	0.06765     
1           	167         	8.8         	0.4         	0.7268      	0.06696     
1           	168         	8.9         	0.4005      	0.7252      	0.06954     
1           	169         	9           	0.4019      	0.7249      	0.0727      
1           	170         	9.1         	0.4037      	0.7278      	0.0731      
1           	171         	9.05        	0.4024      	0.7254      	0.07269     
1           	172         	9.1         	0.4001      	0.7204      	0.07298     
1           	173         	8.95        	0.397       	0.7171      	0.07052     
1           	174         	9           	0.3949      	0.7155      	0.06782     
1           	175         	9.1         	0.3956      	0.7144      	0.06972     
1           	176         	9.05        	0.3957      	0.7138      	0.07045     
1           	177         	9.25        	0.3921      	0.7077      	0.06945     
1           	178         	9.2         	0.3888      	0.7         	0.07067     
1           	179         	9.1         	0.3888      	0.7012      	0.06928     
1           	180         	9.25        	0.3903      	0.7046      	0.06833     
1           	181         	9.25        	0.3904      	0.7065      	0.06636     
1           	182         	9.2         	0.3906      	0.7066      	0.06705     
1           	183         	9.25        	0.3925      	0.7111      	0.0659      
1           	184         	9.1         	0.3901      	0.7063      	0.06609     
1           	185         	9.1         	0.3891      	0.7038      	0.06643     
1           	186         	9.05        	0.3895      	0.7033      	0.06721     
1           	187         	9.15        	0.3888      	0.7014      	0.06771     
1           	188         	8.85        	0.3889      	0.7022      	0.06668     
1           	189         	8.9         	0.3862      	0.6969      	0.06681     
1           	190         	8.9         	0.3855      	0.6933      	0.06914     
1           	191         	8.85        	0.3861      	0.6942      	0.06929     
1           	192         	8.9         	0.3855      	0.6953      	0.06733     
1           	193         	8.7         	0.3846      	0.6939      	0.06677     
1           	194         	8.8         	0.3851      	0.6955      	0.06651     
1           	195         	8.9         	0.3815      	0.6887      	0.0662      
1           	196         	8.8         	0.38        	0.685       	0.06657     
1           	197         	8.9         	0.3809      	0.6882      	0.06515     
1           	198         	8.95        	0.3797      	0.6845      	0.06587     
1           	199         	8.7         	0.3751      	0.6749      	0.06658     
1           	200         	8.8         	0.3769      	0.6753      	0.06971     
1           	201         	8.9         	0.374       	0.6694      	0.07042     
1           	202         	9.1         	0.3725      	0.6662      	0.07048     
1           	203         	9           	0.3749      	0.6702      	0.07127     
1           	204         	8.85        	0.3762      	0.6706      	0.07319     
1           	205         	8.85        	0.3737      	0.6674      	0.07157     
1           	206         	8.8         	0.3705      	0.6614      	0.07159     
1           	207         	8.8         	0.3708      	0.6622      	0.07144     
1           	208         	8.85        	0.3711      	0.6631      	0.07103     
1           	209         	9           	0.3687      	0.6578      	0.07113     
1           	210         	8.85        	0.3716      	0.6641      	0.07033     
1           	211         	8.95        	0.3684      	0.6572      	0.07079     
1           	212         	8.8         	0.3653      	0.6505      	0.07159     
1           	213         	9           	0.3653      	0.6506      	0.07185     
1           	214         	9.2         	0.3674      	0.6559      	0.07044     
1           	215         	9.1         	0.3657      	0.6524      	0.07064     
1           	216         	9.15        	0.3662      	0.6525      	0.07113     
1           	217         	9.05        	0.369       	0.6579      	0.07065     
1           	218         	9           	0.3688      	0.6571      	0.07102     
1           	219         	9.05        	0.3663      	0.6524      	0.07092     
1           	220         	9.2         	0.365       	0.6479      	0.07271     
1           	221         	9.25        	0.3632      	0.6435      	0.07355     
1           	222         	9.3         	0.3627      	0.6421      	0.07411     
1           	223         	9.15        	0.3605      	0.6388      	0.0731      
1           	224         	9.1         	0.3583      	0.6354      	0.07224     
1           	225         	9.1         	0.357       	0.6326      	0.0727      
1           	226         	9.2         	0.3579      	0.6353      	0.07186     
1           	227         	9.15        	0.3605      	0.6389      	0.07355     
1           	228         	9.2         	0.3628      	0.642       	0.07514     
1           	229         	9           	0.3593      	0.635       	0.07526     
1           	230         	9.15        	0.3552      	0.6269      	0.07561     
1           	231         	9.15        	0.3551      	0.6255      	0.07681     
1           	232         	9.2         	0.3536      	0.6242      	0.0755      
1           	233         	9.2         	0.3533      	0.6248      	0.07415     
1           	234         	9.05        	0.3519      	0.6211      	0.0749      
1           	235         	9           	0.3521      	0.6219      	0.07404     
1           	236         	8.95        	0.3491      	0.6167      	0.07312     
1           	237         	9.05        	0.3474      	0.6119      	0.075       
1           	238         	9.15        	0.3464      	0.6076      	0.07724     
1           	239         	9.2         	0.3471      	0.6062      	0.07985     
1           	240         	9.1         	0.3463      	0.606       	0.07885     
1           	241         	9           	0.3441      	0.6016      	0.07923     
1           	242         	8.85        	0.3464      	0.6052      	0.08011     
1           	243         	8.85        	0.3483      	0.6083      	0.08097     
1           	244         	8.95        	0.3484      	0.6079      	0.08157     
1           	245         	9           	0.3507      	0.6107      	0.08321     
1           	246         	9.1         	0.3534      	0.6178      	0.08164     
1           	247         	9.15        	0.3539      	0.6191      	0.08158     
1           	248         	9.1         	0.3547      	0.6196      	0.08226     
1           	249         	8.9         	0.3568      	0.623       	0.08284     
1           	250         	9           	0.3543      	0.6144      	0.08655     
1           	251         	9.1         	0.3535      	0.6139      	0.08508     
1           	252         	9.2         	0.3533      	0.613       	0.08531     
1           	253         	9.2         	0.3549      	0.6123      	0.08931     
1           	254         	9.25        	0.3526      	0.6074      	0.08978     
1           	255         	9.5         	0.3499      	0.6017      	0.09044     
1           	256         	9.35        	0.3501      	0.605       	0.08722     
1           	257         	9.35        	0.3491      	0.6028      	0.08743     
1           	258         	9.35        	0.352       	0.6082      	0.08772     
1           	259         	9.15        	0.3548      	0.612       	0.0894      
1           	260         	9.1         	0.3547      	0.6127      	0.08805     
1           	261         	9.25        	0.3505      	0.6048      	0.08755     
1           	262         	9.15        	0.3541      	0.6112      	0.08815     
1           	263         	9.1         	0.3557      	0.6144      	0.0885      
1           	264         	9.05        	0.3586      	0.6182      	0.09005     
1           	265         	9.15        	0.3548      	0.6097      	0.09058     
1           	266         	9           	0.3568      	0.6137      	0.09065     
1           	267         	8.85        	0.3552      	0.6121      	0.089       
1           	268         	8.95        	0.3513      	0.606       	0.08754     
1           	269         	8.95        	0.3535      	0.6081      	0.08986     
1           	270         	9.05        	0.3565      	0.6153      	0.08833     
1           	271         	9.2         	0.3518      	0.606       	0.08854     
1           	272         	9.15        	0.3551      	0.6121      	0.08847     
1           	273         	8.95        	0.3544      	0.6105      	0.08846     
1           	274         	9.05        	0.3548      	0.6096      	0.09021     
1           	275         	9           	0.3508      	0.6001      	0.09153     
1           	276         	9.05        	0.3536      	0.6013      	0.0961      
1           	277         	9.05        	0.3552      	0.603       	0.09687     
1           	278         	9.05        	0.3536      	0.6003      	0.09679     
1           	279         	9.1         	0.3592      	0.6075      	0.1002      
1           	280         	9.05        	0.3607      	0.6082      	0.1019      
1           	281         	9.2         	0.361       	0.6095      	0.1008      
1           	282         	9           	0.363       	0.616       	0.09843     
1           	283         	8.85        	0.3658      	0.6192      	0.1011      
1           	284         	8.95        	0.3653      	0.618       	0.1009      
1           	285         	8.9         	0.3628      	0.6148      	0.09974     
1           	286         	8.85        	0.3654      	0.6188      	0.1012      
1           	287         	8.95        	0.3664      	0.6221      	0.09987     
1           	288         	8.9         	0.3709      	0.6287      	0.1021      
1           	289         	8.85        	0.3673      	0.6216      	0.1019      
1           	290         	8.65        	0.3689      	0.6212      	0.1053      
1           	291         	8.55        	0.3703      	0.6252      	0.1041      
1           	292         	8.7         	0.3682      	0.6225      	0.1032      
1           	293         	8.8         	0.3652      	0.6186      	0.1003      
1           	294         	8.7         	0.3632      	0.6171      	0.0979      
1           	295         	8.75        	0.366       	0.6214      	0.09908     
1           	296         	8.75        	0.3679      	0.627       	0.09724     
1           	297         	8.7         	0.3644      	0.622       	0.09516     
1           	298         	8.85        	0.3632      	0.6215      	0.09338     
1           	299         	8.75        	0.3607      	0.615       	0.0951      
1           	300         	8.65        	0.3614      	0.6141      	0.09779     
1           	301         	8.7         	0.3612      	0.6153      	0.09578     
1           	302         	8.55        	0.3641      	0.6192      	0.09744     
1           	303         	8.55        	0.3647      	0.6182      	0.09936     
1           	304         	8.6         	0.3672      	0.6236      	0.09872     
1           	305         	8.7         	0.3696      	0.6275      	0.09961     
1           	306         	8.7         	0.3695      	0.6291      	0.09793     
1           	307         	8.8         	0.372       	0.6357      	0.09625     
1           	308         	8.9         	0.3679      	0.6256      	0.09852     
1           	309         	8.65        	0.3715      	0.6322      	0.09939     
1           	310         	8.7         	0.3647      	0.6177      	0.1003      
1           	311         	8.65        	0.368       	0.6217      	0.1028      
1           	312         	8.85        	0.3643      	0.6125      	0.1045      
1           	313         	9           	0.36        	0.6021      	0.1062      
1           	314         	8.9         	0.3592      	0.6014      	0.1058      
1           	315         	8.7         	0.3566      	0.5981      	0.1047      
1           	316         	8.85        	0.355       	0.596       	0.1035      
1           	317         	8.6         	0.356       	0.6007      	0.1006      
1           	318         	8.6         	0.3551      	0.5986      	0.101       
1           	319         	8.55        	0.3533      	0.5959      	0.1004      
1           	320         	8.7         	0.3472      	0.586       	0.09782     
1           	321         	8.75        	0.3496      	0.5882      	0.1005      
1           	322         	8.75        	0.356       	0.5997      	0.1012      
1           	323         	8.7         	0.355       	0.5979      	0.1011      
1           	324         	8.65        	0.3496      	0.5882      	0.1001      
1           	325         	8.8         	0.3493      	0.5842      	0.1039      
1           	326         	8.75        	0.35        	0.5859      	0.1039      
1           	327         	8.8         	0.35        	0.5854      	0.1045      
1           	328         	8.85        	0.3448      	0.5761      	0.1033      
1           	329         	8.9         	0.3438      	0.5687      	0.1092      
1           	330         	8.8         	0.3425      	0.5651      	0.1101      
1           	331         	8.85        	0.3422      	0.5642      	0.1105      
1           	332         	8.85        	0.3409      	0.5602      	0.1122      
1           	333         	8.85        	0.3404      	0.5613      	0.1105      
1           	334         	8.95        	0.3414      	0.5614      	0.112       
1           	335         	8.85        	0.3423      	0.5657      	0.1093      
1           	336         	8.8         	0.3419      	0.5637      	0.1106      
1           	337         	8.8         	0.3406      	0.5603      	0.1112      
1           	338         	8.8         	0.3397      	0.5609      	0.1089      
1           	339         	8.8         	0.3357      	0.5517      	0.1103      
1           	340         	8.9         	0.3348      	0.5496      	0.1106      
1           	341         	9.1         	0.3332      	0.5496      	0.1079      
1           	342         	8.7         	0.3357      	0.5509      	0.1115      
1           	343         	8.75        	0.3336      	0.5488      	0.109       
1           	344         	8.85        	0.3323      	0.5471      	0.1078      
1           	345         	9           	0.3359      	0.5546      	0.1075      
1           	346         	8.95        	0.3372      	0.5581      	0.1066      
1           	347         	9.05        	0.3385      	0.5602      	0.1072      
1           	348         	8.85        	0.3391      	0.5598      	0.1091      
1           	349         	8.85        	0.3382      	0.5586      	0.1087      
1           	350         	8.85        	0.3415      	0.5629      	0.1107      
1           	351         	8.8         	0.3405      	0.5606      	0.1112      
1           	352         	8.9         	0.3379      	0.5576      	0.1096      
1           	353         	8.85        	0.3378      	0.5586      	0.1081      
1           	354         	8.85        	0.3351      	0.5531      	0.1085      
1           	355         	8.8         	0.3401      	0.5601      	0.1113      
1           	356         	8.7         	0.3383      	0.5569      	0.111       
1           	357         	8.75        	0.3358      	0.5531      	0.1097      
1           	358         	8.75        	0.3359      	0.5537      	0.1092      
1           	359         	8.8         	0.3375      	0.5539      	0.1125      
1           	360         	8.6         	0.3351      	0.5488      	0.1129      
1           	361         	8.65        	0.3337      	0.5485      	0.1104      
1           	362         	8.6         	0.3328      	0.5444      	0.1131      
1           	363         	8.75        	0.3347      	0.5487      	0.1124      
1           	364         	8.75        	0.3351      	0.5518      	0.1098      
1           	365         	8.85        	0.3329      	0.5475      	0.1097      
1           	366         	8.85        	0.3282      	0.5411      	0.1071      
1           	367         	8.8         	0.3274      	0.5397      	0.1069      
1           	368         	8.9         	0.3265      	0.5352      	0.1098      
1           	369         	8.75        	0.3247      	0.5297      	0.1117      
1           	370         	8.6         	0.3282      	0.5374      	0.1109      
1           	371         	8.75        	0.3256      	0.5338      	0.1096      
1           	372         	8.8         	0.3271      	0.5361      	0.1103      
1           	373         	8.8         	0.3306      	0.5434      	0.1099      
1           	374         	8.8         	0.333       	0.5469      	0.1115      
1           	375         	8.6         	0.3358      	0.5545      	0.1092      
1           	376         	8.7         	0.3365      	0.5554      	0.1101      
1           	377         	8.7         	0.3377      	0.5572      	0.1108      
1           	378         	8.75        	0.3399      	0.5601      	0.1121      
1           	379         	8.65        	0.3423      	0.5653      	0.1113      
1           	380         	8.75        	0.3443      	0.5691      	0.1117      
1           	381         	8.95        	0.3386      	0.5594      	0.1103      
1           	382         	8.9         	0.3386      	0.5602      	0.1092      
1           	383         	8.8         	0.3395      	0.5605      	0.1105      
1           	384         	8.7         	0.3395      	0.5609      	0.1101      
1           	385         	8.75        	0.338       	0.5594      	0.1083      
1           	386         	8.6         	0.3347      	0.5509      	0.1105      
1           	387         	8.5         	0.3345      	0.5474      	0.1141      
1           	388         	8.6         	0.3349      	0.546       	0.1164      
1           	389         	8.7         	0.3324      	0.5404      	0.117       
1           	390         	8.6         	0.3284      	0.5367      	0.1128      
1           	391         	8.65        	0.3281      	0.535       	0.114       
1           	392         	8.85        	0.3272      	0.5315      	0.1159      
1           	393         	8.65        	0.3255      	0.5296      	0.1145      
1           	394         	8.7         	0.3254      	0.5264      	0.1176      
1           	395         	8.5         	0.3254      	0.5265      	0.1178      
1           	396         	8.6         	0.3192      	0.5163      	0.1159      
1           	397         	8.5         	0.3204      	0.5168      	0.1182      
1           	398         	8.5         	0.3177      	0.5137      	0.1158      
1           	399         	8.6         	0.3208      	0.5188      	0.1165      
1           	400         	8.5         	0.321       	0.5172      	0.1184      
1           	401         	8.55        	0.318       	0.5126      	0.117       
1           	402         	8.6         	0.3163      	0.5075      	0.1187      
1           	403         	8.7         	0.3107      	0.4973      	0.1181      
1           	404         	8.65        	0.3056      	0.4928      	0.1126      
1           	405         	8.5         	0.3027      	0.4895      	0.1101      
1           	406         	8.65        	0.3002      	0.4875      	0.1074      
1           	407         	8.8         	0.2987      	0.4856      	0.1061      
1           	408         	8.7         	0.3009      	0.4859      	0.1106      
1           	409         	8.6         	0.3038      	0.489       	0.113       
1           	410         	8.5         	0.304       	0.4888      	0.1139      
1           	411         	8.7         	0.2967      	0.4766      	0.1116      
1           	412         	8.7         	0.2934      	0.4709      	0.111       
1           	413         	8.65        	0.29        	0.466       	0.1091      
1           	414         	8.7         	0.2934      	0.472       	0.1099      
1           	415         	8.8         	0.2935      	0.4735      	0.1084      
1           	416         	8.7         	0.2913      	0.4718      	0.1058      
1           	417         	8.9         	0.2912      	0.4712      	0.1063      
1           	418         	8.75        	0.2894      	0.4648      	0.1096      
1           	419         	8.95        	0.2863      	0.4595      	0.1089      
1           	420         	9.1         	0.2874      	0.46        	0.1109      
1           	421         	9.1         	0.29        	0.4663      	0.1099      
1           	422         	8.95        	0.2905      	0.4664      	0.1109      
1           	423         	8.85        	0.2927      	0.469       	0.1128      
1           	424         	8.85        	0.2953      	0.4738      	0.1133      
1           	425         	9           	0.2949      	0.4726      	0.1132      
1           	426         	9           	0.2944      	0.4734      	0.1112      
1           	427         	9.05        	0.2923      	0.4725      	0.1079      
1           	428         	9.05        	0.2905      	0.4708      	0.1061      
1           	429         	9.1         	0.2907      	0.4717      	0.1057      
1           	430         	8.9         	0.2882      	0.4656      	0.107       
1           	431         	8.9         	0.2876      	0.4654      	0.1062      
1           	432         	8.65        	0.2892      	0.4695      	0.1052      
1           	433         	8.7         	0.2911      	0.4703      	0.1079      
1           	434         	8.6         	0.2952      	0.4754      	0.111       
1           	435         	8.55        	0.2963      	0.4749      	0.1138      
1           	436         	8.55        	0.2935      	0.4726      	0.1104      
1           	437         	8.5         	0.2942      	0.4752      	0.1091      
1           	438         	8.4         	0.2959      	0.4781      	0.1099      
1           	439         	8.4         	0.2973      	0.4809      	0.1099      
1           	440         	8.4         	0.3003      	0.4899      	0.1071      
1           	441         	8.35        	0.2965      	0.4836      	0.106       
1           	442         	8.4         	0.2955      	0.4788      	0.1088      
1           	443         	8.35        	0.2949      	0.4781      	0.1082      
1           	444         	8.4         	0.2993      	0.4862      	0.1088      
1           	445         	8.55        	0.3039      	0.4936      	0.1104      
1           	446         	8.35        	0.3001      	0.4865      	0.11        
1           	447         	8.55        	0.3026      	0.4909      	0.1105      
1           	448         	8.3         	0.3018      	0.4906      	0.1091      
1           	449         	8.35        	0.3036      	0.4926      	0.1108      
1           	450         	8.6         	0.3047      	0.4941      	0.1114      
1           	451         	8.6         	0.3082      	0.5019      	0.1104      
1           	452         	8.7         	0.3097      	0.5036      	0.1116      
1           	453         	8.85        	0.3115      	0.5111      	0.1074      
1           	454         	8.55        	0.3114      	0.5107      	0.1076      
1           	455         	8.6         	0.3124      	0.5132      	0.107       
1           	456         	8.55        	0.3107      	0.508       	0.1088      
1           	457         	8.8         	0.3148      	0.5147      	0.1108      
1           	458         	8.7         	0.3182      	0.5208      	0.1115      
1           	459         	8.6         	0.3211      	0.5246      	0.1136      
1           	460         	8.55        	0.3219      	0.5239      	0.1158      
1           	461         	8.6         	0.3198      	0.5189      	0.1167      
1           	462         	8.6         	0.3176      	0.5109      	0.1203      
1           	463         	8.5         	0.3191      	0.5089      	0.1253      
1           	464         	8.65        	0.3174      	0.5088      	0.1216      
1           	465         	8.75        	0.3182      	0.5075      	0.1246      
1           	466         	8.75        	0.3148      	0.5029      	0.1222      
1           	467         	8.8         	0.3102      	0.4927      	0.1232      
1           	468         	8.8         	0.3085      	0.4883      	0.1245      
1           	469         	8.65        	0.309       	0.4916      	0.1219      
1           	470         	8.7         	0.309       	0.4918      	0.1217      
1           	471         	8.85        	0.3064      	0.4907      	0.1177      
1           	472         	8.8         	0.303       	0.488       	0.1137      
1           	473         	8.9         	0.3022      	0.4853      	0.1146      
1           	474         	8.85        	0.3015      	0.4844      	0.1142      
1           	475         	8.95        	0.301       	0.4808      	0.1169      
1           	476         	8.7         	0.2994      	0.4778      	0.1167      
1           	477         	8.8         	0.2994      	0.4776      	0.1169      
1           	478         	8.8         	0.3053      	0.4894      	0.117       
1           	479         	8.85        	0.306       	0.4909      	0.1166      
1           	480         	8.75        	0.3037      	0.4855      	0.1173      
1           	481         	8.7         	0.3069      	0.4895      	0.1195      
1           	482         	8.75        	0.3067      	0.4867      	0.122       
1           	483         	8.65        	0.3041      	0.4796      	0.124       
1           	484         	8.55        	0.3078      	0.4849      	0.1264      
1           	485         	8.75        	0.3047      	0.4774      	0.1278      
1           	486         	8.7         	0.3048      	0.4767      	0.1288      
1           	487         	8.65        	0.3082      	0.4801      	0.132       
1           	488         	8.65        	0.3077      	0.4751      	0.1361      
1           	489         	8.6         	0.3107      	0.4838      	0.1333      
1           	490         	8.5         	0.314       	0.4898      	0.1339      
1           	491         	8.35        	0.3142      	0.4876      	0.1363      
1           	492         	8.3         	0.3156      	0.4864      	0.1405      
1           	493         	8.4         	0.3145      	0.4826      	0.1423      
1           	494         	8.6         	0.3173      	0.4899      	0.1405      
1           	495         	8.85        	0.3176      	0.4873      	0.1437      
1           	496         	8.95        	0.3169      	0.4857      	0.144       
1           	497         	9           	0.3166      	0.4819      	0.1475      
1           	498         	8.95        	0.3166      	0.478       	0.1516      
1           	499         	9           	0.3204      	0.4813      	0.1558      
1           	500         	8.85        	0.3182      	0.4804      	0.1525      
1           	501         	8.8         	0.3189      	0.4812      	0.1532      
1           	502         	8.9         	0.319       	0.479       	0.156       
1           	503         	9.05        	0.3203      	0.4769      	0.1606      
1           	504         	8.95        	0.3124      	0.4651      	0.1565      
1           	505         	8.85        	0.3084      	0.4561      	0.1576      
1           	506         	8.9         	0.3074      	0.4556      	0.1561      
1           	507         	9           	0.3108      	0.4628      	0.1556      
1           	508         	9.1         	0.3072      	0.4587      	0.1525      
1           	509         	9.1         	0.3107      	0.462       	0.156       
1           	510         	9           	0.3118      	0.461       	0.1593      
1           	511         	9.15        	0.3094      	0.4597      	0.1558      
1           	512         	9           	0.3104      	0.4604      	0.157       
1           	513         	8.95        	0.3091      	0.4584      	0.1563      
1           	514         	8.9         	0.306       	0.4548      	0.1538      
1           	515         	8.95        	0.3063      	0.453       	0.1561      
1           	516         	9.1         	0.3078      	0.4512      	0.1608      
1           	517         	9.05        	0.3072      	0.4516      	0.1591      
1           	518         	9.2         	0.3059      	0.4501      	0.158       
1           	519         	9.25        	0.3044      	0.4492      	0.156       
1           	520         	9.1         	0.3029      	0.4461      	0.1562      
1           	521         	9.05        	0.3037      	0.4491      	0.1546      
1           	522         	9           	0.303       	0.4485      	0.1537      
1           	523         	8.95        	0.3009      	0.4432      	0.1549      
1           	524         	8.85        	0.3025      	0.4478      	0.1535      
1           	525         	8.8         	0.3003      	0.4453      	0.1515      
1           	526         	8.85        	0.3006      	0.4426      	0.1548      
1           	527         	8.85        	0.2961      	0.4347      	0.154       
1           	528         	8.8         	0.2944      	0.4347      	0.1506      
1           	529         	8.8         	0.294       	0.435       	0.1494      
1           	530         	8.85        	0.2944      	0.4376      	0.1476      
1           	531         	8.95        	0.2916      	0.4342      	0.1455      
1           	532         	8.95        	0.2921      	0.4325      	0.1482      
1           	533         	8.95        	0.2923      	0.4312      	0.15        
1           	534         	8.75        	0.287       	0.4256      	0.1446      
1           	535         	8.65        	0.2806      	0.4118      	0.1461      
1           	536         	8.75        	0.2829      	0.4163      	0.1464      
1           	537         	8.75        	0.2823      	0.4123      	0.1492      
1           	538         	8.8         	0.2802      	0.4094      	0.1481      
1           	539         	8.8         	0.2779      	0.4071      	0.1461      
1           	540         	8.75        	0.2785      	0.4047      	0.1499      
1           	541         	8.85        	0.2739      	0.398       	0.1472      
1           	542         	9           	0.2684      	0.3912      	0.143       
1           	543         	8.95        	0.2689      	0.3887      	0.1465      
1           	544         	8.85        	0.2668      	0.3851      	0.1458      
1           	545         	8.9         	0.264       	0.3845      	0.1409      
1           	546         	8.9         	0.2588      	0.3766      	0.1385      
1           	547         	8.8         	0.2583      	0.3755      	0.1385      
1           	548         	9.2         	0.2577      	0.3745      	0.1383      
1           	549         	9.1         	0.2549      	0.368       	0.1394      
1           	550         	9.1         	0.2578      	0.3739      	0.139       
1           	551         	8.95        	0.2577      	0.3739      	0.1387      
1           	552         	8.85        	0.2604      	0.3764      	0.1414      
1           	553         	8.95        	0.2595      	0.3778      	0.1383      
1           	554         	9           	0.2587      	0.3759      	0.1385      
1           	555         	9.05        	0.2568      	0.3715      	0.1392      
1           	556         	9.15        	0.2541      	0.3689      	0.1364      
1           	557         	9.2         	0.2553      	0.3698      	0.1378      
1           	558         	9.3         	0.2522      	0.364       	0.1374      
1           	559         	9.25        	0.2527      	0.3651      	0.1375      
1           	560         	9.15        	0.2519      	0.3621      	0.1392      
1           	561         	9.15        	0.2481      	0.3605      	0.133       
1           	562         	9.1         	0.2448      	0.3513      	0.1356      
1           	563         	9.05        	0.2442      	0.3497      	0.1357      
1           	564         	9.05        	0.2451      	0.3529      	0.1343      
1           	565         	8.9         	0.2464      	0.355       	0.1348      
1           	566         	8.95        	0.249       	0.3601      	0.1347      
1           	567         	9.1         	0.2464      	0.3567      	0.1329      
1           	568         	9.25        	0.2456      	0.356       	0.1319      
1           	569         	9.2         	0.2453      	0.3528      	0.1345      
1           	570         	9.15        	0.2417      	0.3485      	0.1314      
1           	571         	9.25        	0.2414      	0.3472      	0.1324      
1           	572         	9           	0.2416      	0.3455      	0.1345      
1           	573         	8.95        	0.2399      	0.342       	0.1346      
1           	574         	8.8         	0.2434      	0.348       	0.1355      
1           	575         	8.8         	0.2439      	0.3485      	0.1359      
1           	576         	8.9         	0.2456      	0.3514      	0.1366      
1           	577         	8.8         	0.2506      	0.358       	0.1401      
1           	578         	8.85        	0.2515      	0.3614      	0.1384      
1           	579         	8.9         	0.2482      	0.3555      	0.1379      
1           	580         	9           	0.2498      	0.361       	0.1353      
1           	581         	9.1         	0.2503      	0.3609      	0.1363      
1           	582         	8.9         	0.2518      	0.362       	0.1384      
1           	583         	9.15        	0.2488      	0.3548      	0.1395      
1           	584         	8.9         	0.2514      	0.3589      	0.1408      
1           	585         	8.8         	0.2517      	0.3592      	0.1409      
1           	586         	8.75        	0.2561      	0.3654      	0.1436      
1           	587         	8.8         	0.2549      	0.363       	0.1434      
1           	588         	8.85        	0.2532      	0.3598      	0.1434      
1           	589         	8.85        	0.252       	0.36        	0.1408      
1           	590         	8.75        	0.2525      	0.3592      	0.1427      
1           	591         	8.75        	0.2507      	0.3558      	0.1425      
1           	592         	8.85        	0.2513      	0.3562      	0.1432      
1           	593         	8.7         	0.2496      	0.3541      	0.1419      
1           	594         	8.75        	0.2527      	0.3622      	0.1399      
1           	595         	8.8         	0.2568      	0.366       	0.1444      
1           	596         	8.65        	0.2593      	0.3707      	0.1448      
1           	597         	8.7         	0.2585      	0.3697      	0.1441      
1           	598         	8.75        	0.2545      	0.3654      	0.1406      
1           	599         	8.65        	0.2566      	0.3683      	0.1417      
1           	600         	8.85        	0.2561      	0.3662      	0.1429      
1           	601         	8.7         	0.2561      	0.364       	0.1451      
1           	602         	8.8         	0.2507      	0.3552      	0.1434      
1           	603         	8.95        	0.2507      	0.3554      	0.1431      
1           	604         	8.8         	0.2499      	0.3518      	0.1453      
1           	605         	8.85        	0.2523      	0.3532      	0.1486      
1           	606         	8.75        	0.2478      	0.3446      	0.1483      
1           	607         	8.85        	0.247       	0.345       	0.146       
1           	608         	8.9         	0.242       	0.3357      	0.1454      
1           	609         	8.6         	0.2455      	0.3424      	0.1456      
1           	610         	8.65        	0.2449      	0.3439      	0.1427      
1           	611         	8.85        	0.2427      	0.3446      	0.1376      
1           	612         	8.8         	0.242       	0.3424      	0.1386      
1           	613         	8.85        	0.2419      	0.3429      	0.1377      
1           	614         	8.9         	0.2397      	0.3397      	0.1363      
1           	615         	8.95        	0.2394      	0.3391      	0.1365      
1           	616         	9           	0.241       	0.3409      	0.1381      
1           	617         	8.8         	0.2403      	0.3401      	0.1375      
1           	618         	9           	0.2422      	0.3449      	0.1364      
1           	619         	9.1         	0.2399      	0.3464      	0.1302      
1           	620         	8.9         	0.24        	0.348       	0.1287      
1           	621         	9           	0.2429      	0.3536      	0.1286      
1           	622         	8.95        	0.247       	0.3607      	0.1298      
1           	623         	8.8         	0.2496      	0.3634      	0.1324      
1           	624         	8.65        	0.2512      	0.3624      	0.1366      
1           	625         	8.9         	0.2492      	0.3601      	0.1351      
1           	626         	8.95        	0.2456      	0.351       	0.137       
1           	627         	8.7         	0.2474      	0.3512      	0.1406      
1           	628         	8.9         	0.2506      	0.3536      	0.1445      
1           	629         	8.65        	0.2516      	0.3539      	0.1463      
1           	630         	8.7         	0.2511      	0.3527      	0.1462      
1           	631         	8.8         	0.2521      	0.3526      	0.1484      
1           	632         	8.95        	0.2552      	0.3559      	0.1512      
1           	633         	8.85        	0.2526      	0.351       	0.1512      
1           	634         	8.8         	0.2545      	0.3508      	0.1552      
1           	635         	8.55        	0.2543      	0.3525      	0.1531      
1           	636         	8.75        	0.2519      	0.3481      	0.1527      
1           	637         	8.85        	0.2534      	0.3512      	0.1525      
1           	638         	8.8         	0.2536      	0.3529      	0.1512      
1           	639         	8.9         	0.2509      	0.3479      	0.1507      
1           	640         	8.75        	0.255       	0.3507      	0.1562      
1           	641         	8.75        	0.2579      	0.3558      	0.1567      
1           	642         	8.9         	0.2574      	0.3569      	0.1546      
1           	643         	8.9         	0.2576      	0.3559      	0.156       
1           	644         	8.75        	0.255       	0.347       	0.1601      
1           	645         	8.75        	0.2568      	0.3523      	0.1583      
1           	646         	8.55        	0.2608      	0.3582      	0.1602      
1           	647         	8.75        	0.2591      	0.3574      	0.1577      
1           	648         	8.85        	0.2624      	0.3643      	0.1575      
1           	649         	8.55        	0.2606      	0.3595      	0.1588      
1           	650         	8.5         	0.2625      	0.3588      	0.1634      
1           	651         	8.75        	0.2637      	0.3639      	0.1604      
1           	652         	8.85        	0.2607      	0.3578      	0.1606      
1           	653         	8.75        	0.2622      	0.3573      	0.1642      
1           	654         	8.85        	0.2636      	0.3602      	0.1639      
1           	655         	8.95        	0.2648      	0.3614      	0.165       
1           	656         	8.85        	0.2662      	0.3646      	0.1646      
1           	657         	9           	0.2696      	0.3692      	0.167       
1           	658         	8.95        	0.2676      	0.3682      	0.1639      
1           	659         	8.9         	0.2697      	0.373       	0.1633      
1           	660         	8.9         	0.2681      	0.3713      	0.1617      
1           	661         	8.85        	0.2695      	0.3718      	0.164       
1           	662         	8.7         	0.2702      	0.371       	0.1663      
1           	663         	8.7         	0.2664      	0.3653      	0.1644      
1           	664         	8.8         	0.2655      	0.3616      	0.1663      
1           	665         	8.85        	0.2647      	0.3621      	0.1642      
1           	666         	8.75        	0.2666      	0.3654      	0.1646      
1           	667         	8.85        	0.2649      	0.3647      	0.1618      
1           	668         	8.95        	0.2657      	0.3627      	0.1654      
1           	669         	8.8         	0.2638      	0.3566      	0.1677      
1           	670         	8.9         	0.2623      	0.3571      	0.1643      
1           	671         	8.9         	0.2656      	0.3599      	0.1682      
1           	672         	8.9         	0.2675      	0.3662      	0.1657      
1           	673         	8.75        	0.268       	0.369       	0.1638      
1           	674         	8.75        	0.2677      	0.3701      	0.162       
1           	675         	8.6         	0.267       	0.3669      	0.1638      
1           	676         	8.8         	0.2678      	0.3722      	0.1599      
1           	677         	8.8         	0.2652      	0.3699      	0.1569      
1           	678         	8.75        	0.2658      	0.3737      	0.1545      
1           	679         	8.6         	0.265       	0.3714      	0.1553      
1           	680         	8.45        	0.2642      	0.3712      	0.1536      
1           	681         	8.45        	0.2676      	0.3768      	0.1548      
1           	682         	8.65        	0.2661      	0.3734      	0.155       
1           	683         	8.8         	0.2635      	0.3678      	0.1557      
1           	684         	9           	0.2609      	0.3639      	0.1543      
1           	685         	8.85        	0.2597      	0.364       	0.1517      
1           	686         	8.8         	0.2583      	0.362       	0.1511      
1           	687         	8.9         	0.2588      	0.3656      	0.1482      
1           	688         	8.85        	0.2592      	0.3677      	0.1469      
1           	689         	8.9         	0.2591      	0.3658      	0.1485      
1           	690         	8.85        	0.2591      	0.3656      	0.1486      
1           	691         	8.85        	0.2577      	0.3636      	0.1478      
1           	692         	8.8         	0.2571      	0.3623      	0.1481      
1           	693         	8.85        	0.259       	0.3665      	0.1475      
1           	694         	9           	0.259       	0.3675      	0.1463      
1           	695         	8.85        	0.2585      	0.3623      	0.1507      
1           	696         	8.75        	0.2578      	0.3565      	0.1553      
1           	697         	8.85        	0.261       	0.3599      	0.1584      
1           	698         	8.85        	0.2616      	0.3633      	0.156       
1           	699         	8.8         	0.2596      	0.3589      	0.1566      
1           	700         	8.6         	0.2588      	0.3557      	0.1581      
1           	701         	8.75        	0.2609      	0.3593      	0.1585      
1           	702         	8.7         	0.2586      	0.3573      	0.156       
1           	703         	8.65        	0.2584      	0.3556      	0.1575      
1           	704         	8.65        	0.2581      	0.3564      	0.156       
1           	705         	8.7         	0.2568      	0.3529      	0.1568      
1           	706         	8.7         	0.2537      	0.3534      	0.15        
1           	707         	8.75        	0.2532      	0.3553      	0.147       
1           	708         	8.75        	0.25        	0.3496      	0.1463      
1           	709         	8.75        	0.2514      	0.3497      	0.1492      
1           	710         	8.65        	0.2526      	0.3514      	0.1499      
1           	711         	8.75        	0.2502      	0.3483      	0.1484      
1           	712         	8.7         	0.2532      	0.35        	0.1529      
1           	713         	8.75        	0.251       	0.3445      	0.1539      
1           	714         	8.65        	0.248       	0.3412      	0.1512      
1           	715         	8.65        	0.2491      	0.3451      	0.1495      
1           	716         	8.65        	0.2443      	0.3373      	0.1478      
1           	717         	8.65        	0.2433      	0.3348      	0.1481      
1           	718         	8.8         	0.248       	0.3407      	0.1514      
1           	719         	9           	0.2445      	0.3323      	0.1532      
1           	720         	8.75        	0.247       	0.336       	0.1545      
1           	721         	8.6         	0.2448      	0.3343      	0.1516      
1           	722         	8.75        	0.2488      	0.343       	0.1505      
1           	723         	8.75        	0.2466      	0.3392      	0.1501      
1           	724         	8.85        	0.2456      	0.3375      	0.1498      
1           	725         	8.7         	0.2442      	0.3351      	0.1495      
1           	726         	8.75        	0.2424      	0.3351      	0.146       
1           	727         	8.65        	0.2381      	0.3275      	0.1452      
1           	728         	8.7         	0.2385      	0.3281      	0.1453      
1           	729         	8.75        	0.2409      	0.3344      	0.1436      
1           	730         	8.75        	0.2385      	0.3283      	0.1452      
1           	731         	8.6         	0.2395      	0.3265      	0.149       
1           	732         	8.7         	0.2422      	0.3315      	0.1495      
1           	733         	8.6         	0.2459      	0.3358      	0.1525      
1           	734         	8.6         	0.2454      	0.3356      	0.1516      
1           	735         	8.5         	0.2444      	0.3376      	0.1475      
1           	736         	8.4         	0.2448      	0.3344      	0.1517      
1           	737         	8.65        	0.2424      	0.3339      	0.1472      
1           	738         	8.65        	0.2428      	0.3304      	0.1519      
1           	739         	8.6         	0.2426      	0.3311      	0.1506      
1           	740         	8.6         	0.2468      	0.3358      	0.1543      
1           	741         	8.65        	0.2473      	0.3402      	0.1507      
1           	742         	8.55        	0.2477      	0.3395      	0.1525      
1           	743         	8.7         	0.2452      	0.3319      	0.1553      
1           	744         	8.55        	0.2429      	0.3278      	0.1547      
1           	745         	8.5         	0.2456      	0.3293      	0.1586      
1           	746         	8.4         	0.2447      	0.328       	0.1582      
1           	747         	8.4         	0.2408      	0.3199      	0.1584      
1           	748         	8.45        	0.2405      	0.3203      	0.1576      
1           	749         	8.35        	0.2398      	0.3193      	0.1572      
1           	750         	8.25        	0.2373      	0.3137      	0.158       
1           	751         	8.35        	0.2393      	0.312       	0.1638      
1           	752         	8.5         	0.238       	0.3122      	0.1608      
1           	753         	8.45        	0.2407      	0.3176      	0.1608      
1           	754         	8.45        	0.2395      	0.317       	0.1591      
1           	755         	8.6         	0.2424      	0.3237      	0.1578      
1           	756         	8.4         	0.2421      	0.3218      	0.1591      
1           	757         	8.5         	0.2414      	0.3216      	0.158       
1           	758         	8.5         	0.2422      	0.3226      	0.1586      
1           	759         	8.45        	0.2407      	0.3209      	0.1571      
1           	760         	8.6         	0.2401      	0.319       	0.1578      
1           	761         	8.6         	0.2392      	0.3183      	0.1569      
1           	762         	8.55        	0.2398      	0.3149      	0.1615      
1           	763         	8.9         	0.2359      	0.306       	0.1627      
1           	764         	8.75        	0.2343      	0.2988      	0.1668      
1           	765         	8.7         	0.2339      	0.2956      	0.1693      
1           	766         	8.8         	0.2326      	0.2917      	0.1708      
1           	767         	8.8         	0.2338      	0.2913      	0.1736      
1           	768         	8.7         	0.2338      	0.2923      	0.1725      
1           	769         	8.8         	0.2328      	0.2889      	0.174       
1           	770         	8.45        	0.2339      	0.2916      	0.1735      
1           	771         	8.5         	0.2326      	0.2903      	0.1722      
1           	772         	8.5         	0.233       	0.2925      	0.1708      
1           	773         	8.55        	0.2365      	0.2955      	0.1747      
1           	774         	8.4         	0.2359      	0.2916      	0.1777      
1           	775         	8.35        	0.2384      	0.2925      	0.1818      
1           	776         	8.4         	0.2426      	0.2977      	0.185       
1           	777         	8.35        	0.2424      	0.298       	0.1844      
1           	778         	8.45        	0.243       	0.2958      	0.1878      
1           	779         	8.35        	0.2426      	0.2941      	0.1887      
1           	780         	8.15        	0.2445      	0.2917      	0.1949      
1           	781         	8.15        	0.2454      	0.2896      	0.1991      
1           	782         	8.35        	0.2436      	0.2909      	0.194       
1           	783         	8.35        	0.2444      	0.2915      	0.195       
1           	784         	8.4         	0.2447      	0.2907      	0.1964      
1           	785         	8.3         	0.2448      	0.2902      	0.1972      
1           	786         	8.45        	0.2398      	0.2829      	0.1946      
1           	787         	8.5         	0.2416      	0.2835      	0.1975      
1           	788         	8.65        	0.2405      	0.2822      	0.1967      
1           	789         	8.8         	0.241       	0.2813      	0.1988      
1           	790         	8.5         	0.2433      	0.2852      	0.1995      
1           	791         	8.65        	0.2432      	0.283       	0.2014      
1           	792         	8.45        	0.2415      	0.2807      	0.2003      
1           	793         	8.8         	0.244       	0.2836      	0.2024      
1           	794         	8.6         	0.2443      	0.2862      	0.2004      
1           	795         	8.7         	0.24        	0.2794      	0.1988      
1           	796         	8.4         	0.2394      	0.2773      	0.1996      
1           	797         	8.45        	0.2381      	0.2747      	0.1996      
1           	798         	8.3         	0.238       	0.2731      	0.201       
1           	799         	8.45        	0.2416      	0.276       	0.2055      
1           	800         	8.45        	0.2411      	0.2763      	0.204       
1           	801         	8.55        	0.2412      	0.2765      	0.2042      
1           	802         	8.6         	0.2416      	0.2796      	0.2017      
1           	803         	8.7         	0.2426      	0.2811      	0.2022      
1           	804         	8.7         	0.2401      	0.2784      	0.1999      
1           	805         	8.75        	0.2412      	0.2795      	0.201       
1           	806         	8.55        	0.2419      	0.2824      	0.1996      
1           	807         	8.45        	0.2372      	0.277       	0.1955      
1           	808         	8.35        	0.2386      	0.2765      	0.1989      
1           	809         	8.5         	0.2415      	0.2816      	0.1995      
1           	810         	8.35        	0.2427      	0.2815      	0.2022      
1           	811         	8.15        	0.2429      	0.2835      	0.2004      
1           	812         	8.3         	0.2418      	0.2785      	0.2034      
1           	813         	8.4         	0.2388      	0.2764      	0.1994      
1           	814         	8.6         	0.2413      	0.2822      	0.1984      
1           	815         	8.6         	0.2437      	0.2866      	0.1988      
1           	816         	8.4         	0.2433      	0.2856      	0.199       
1           	817         	8.45        	0.2395      	0.2774      	0.1999      
1           	818         	8.4         	0.2399      	0.2796      	0.1982      
1           	819         	8.6         	0.2403      	0.2796      	0.1992      
1           	820         	8.3         	0.2389      	0.2786      	0.1973      
1           	821         	8.3         	0.24        	0.2784      	0.1996      
1           	822         	8.6         	0.2403      	0.2809      	0.1975      
1           	823         	8.5         	0.2382      	0.2776      	0.1968      
1           	824         	8.4         	0.2391      	0.2749      	0.2016      
1           	825         	8.5         	0.2415      	0.2765      	0.2048      
1           	826         	8.5         	0.2434      	0.2754      	0.2097      
1           	827         	8.45        	0.2441      	0.2744      	0.2123      
1           	828         	8.35        	0.2424      	0.2712      	0.2122      
1           	829         	8.35        	0.2406      	0.2701      	0.2096      
1           	830         	8.3         	0.2431      	0.2674      	0.2176      
1           	831         	8.35        	0.2398      	0.2634      	0.215       
1           	832         	8.25        	0.2391      	0.2643      	0.2125      
1           	833         	8.15        	0.2408      	0.2661      	0.2143      
1           	834         	8.2         	0.2414      	0.2712      	0.2101      
1           	835         	8.35        	0.2344      	0.2668      	0.2004      
1           	836         	8.3         	0.2363      	0.2693      	0.2017      
1           	837         	8.45        	0.2342      	0.2705      	0.1961      
1           	838         	8.55        	0.2346      	0.267       	0.2005      
1           	839         	8.3         	0.2352      	0.266       	0.2027      
1           	840         	8.55        	0.2354      	0.2674      	0.2017      
1           	841         	8.4         	0.234       	0.265       	0.2014      
1           	842         	8.65        	0.2336      	0.2636      	0.202       
1           	843         	8.5         	0.2307      	0.2599      	0.2         
1           	844         	8.35        	0.2319      	0.2592      	0.2031      
1           	845         	8.4         	0.2327      	0.2572      	0.207       
1           	846         	8.55        	0.2299      	0.2547      	0.2038      
1           	847         	8.65        	0.2298      	0.2538      	0.2047      
1           	848         	8.45        	0.2347      	0.2583      	0.2099      
1           	849         	8.55        	0.234       	0.2634      	0.2031      
1           	850         	8.7         	0.2359      	0.2623      	0.2082      
1           	851         	8.8         	0.2399      	0.264       	0.2145      
1           	852         	8.65        	0.2418      	0.266       	0.2163      
1           	853         	8.7         	0.2442      	0.2675      	0.2197      
1           	854         	8.55        	0.248       	0.2687      	0.2263      
1           	855         	8.35        	0.2465      	0.2682      	0.2237      
1           	856         	8.6         	0.2453      	0.2681      	0.2214      
1           	857         	8.55        	0.2485      	0.2703      	0.2256      
1           	858         	8.6         	0.2468      	0.2682      	0.2243      
1           	859         	8.65        	0.2464      	0.2668      	0.2249      
1           	860         	8.6         	0.2442      	0.2623      	0.2253      
1           	861         	8.65        	0.2421      	0.2606      	0.2227      
1           	862         	8.6         	0.2403      	0.2597      	0.22        
1           	863         	8.45        	0.2436      	0.2641      	0.2221      
1           	864         	8.55        	0.2435      	0.2601      	0.2262      
1           	865         	8.5         	0.243       	0.2607      	0.2245      
1           	866         	8.45        	0.2446      	0.2617      	0.2267      
1           	867         	8.4         	0.2435      	0.2609      	0.2253      
1           	868         	8.35        	0.2416      	0.2555      	0.227       
1           	869         	8.35        	0.2421      	0.2575      	0.226       
1           	870         	8.45        	0.2448      	0.2627      	0.2262      
1           	871         	8.6         	0.245       	0.2615      	0.2277      
1           	872         	8.6         	0.2434      	0.2592      	0.2269      
1           	873         	8.75        	0.2423      	0.2562      	0.2278      
1           	874         	8.7         	0.2407      	0.25        	0.2309      
1           	875         	8.8         	0.2409      	0.2493      	0.2322      
1           	876         	8.7         	0.2415      	0.2516      	0.231       
1           	877         	8.45        	0.2424      	0.253       	0.2313      
1           	878         	8.35        	0.2439      	0.2515      	0.2359      
1           	879         	8.5         	0.2475      	0.2555      	0.2391      
1           	880         	8.3         	0.2465      	0.2544      	0.2382      
1           	881         	8.45        	0.247       	0.2561      	0.2376      
1           	882         	8.25        	0.2441      	0.2545      	0.2334      
1           	883         	8.35        	0.2442      	0.2542      	0.2337      
1           	884         	8.35        	0.2448      	0.2581      	0.231       
1           	885         	8.4         	0.2442      	0.2583      	0.2296      
1           	886         	8.4         	0.2436      	0.26        	0.2266      
1           	887         	8.3         	0.2419      	0.2616      	0.2214      
1           	888         	8.15        	0.2413      	0.2571      	0.2249      
1           	889         	8.2         	0.241       	0.2582      	0.2231      
1           	890         	8.2         	0.2444      	0.2592      	0.229       
1           	891         	8.2         	0.2397      	0.254       	0.2249      
1           	892         	8.45        	0.2379      	0.2549      	0.2202      
1           	893         	8.5         	0.2399      	0.2566      	0.2226      
1           	894         	8.4         	0.2391      	0.2565      	0.221       
1           	895         	8.35        	0.2366      	0.2545      	0.2179      
1           	896         	8.4         	0.2364      	0.2547      	0.2173      
1           	897         	8.5         	0.2398      	0.2574      	0.2213      
1           	898         	8.7         	0.2374      	0.2546      	0.2195      
1           	899         	8.7         	0.2402      	0.2594      	0.2202      
1           	900         	8.6         	0.2421      	0.2628      	0.2205      
1           	901         	8.75        	0.2388      	0.2581      	0.2186      
1           	902         	8.7         	0.2378      	0.2611      	0.2135      
1           	903         	8.45        	0.2387      	0.2587      	0.2178      
1           	904         	8.4         	0.2401      	0.2606      	0.2187      
1           	905         	8.5         	0.2425      	0.2629      	0.2211      
1           	906         	8.65        	0.2413      	0.2609      	0.2207      
1           	907         	8.75        	0.2388      	0.2582      	0.2185      
1           	908         	8.65        	0.2388      	0.2599      	0.2167      
1           	909         	8.7         	0.2376      	0.256       	0.2182      
1           	910         	8.75        	0.2349      	0.2522      	0.2166      
1           	911         	8.8         	0.2331      	0.2522      	0.213       
1           	912         	9           	0.2312      	0.2493      	0.2122      
1           	913         	9           	0.2304      	0.2484      	0.2114      
1           	914         	8.8         	0.2312      	0.2476      	0.2139      
1           	915         	8.75        	0.2296      	0.2481      	0.2102      
1           	916         	8.7         	0.2296      	0.251       	0.2071      
1           	917         	8.65        	0.2322      	0.2543      	0.209       
1           	918         	8.3         	0.2326      	0.2571      	0.2068      
1           	919         	8.4         	0.2303      	0.2534      	0.2061      
1           	920         	8.35        	0.236       	0.2604      	0.2105      
1           	921         	8.5         	0.2392      	0.2638      	0.2133      
1           	922         	8.5         	0.2419      	0.2665      	0.2161      
1           	923         	8.5         	0.2432      	0.2708      	0.2143      
1           	924         	8.45        	0.241       	0.2665      	0.2142      
1           	925         	8.35        	0.2393      	0.2639      	0.2135      
1           	926         	8.25        	0.2394      	0.2634      	0.2142      
1           	927         	8.45        	0.2367      	0.2577      	0.2147      
1           	928         	8.6         	0.2359      	0.2561      	0.2146      
1           	929         	8.45        	0.2348      	0.2511      	0.2176      
1           	930         	8.6         	0.2381      	0.2532      	0.2221      
1           	931         	8.35        	0.2367      	0.2532      	0.2194      
1           	932         	8.45        	0.2379      	0.2534      	0.2215      
1           	933         	8.5         	0.2391      	0.2528      	0.2247      
1           	934         	8.5         	0.2457      	0.2591      	0.2316      
1           	935         	8.5         	0.2448      	0.2587      	0.2302      
1           	936         	8.45        	0.2408      	0.2542      	0.2266      
1           	937         	8.4         	0.2408      	0.2521      	0.2288      
1           	938         	8.4         	0.2424      	0.2565      	0.2276      
1           	939         	8.45        	0.2384      	0.2519      	0.2241      
1           	940         	8.5         	0.2367      	0.2472      	0.2256      
1           	941         	8.6         	0.2406      	0.2488      	0.2321      
1           	942         	8.6         	0.2377      	0.2454      	0.2296      
1           	943         	8.55        	0.2352      	0.2411      	0.2289      
1           	944         	8.45        	0.2359      	0.2419      	0.2297      
1           	945         	8.45        	0.2323      	0.2384      	0.2259      
1           	946         	8.25        	0.2313      	0.2377      	0.2246      
1           	947         	8.2         	0.2308      	0.2361      	0.2252      
1           	948         	8.2         	0.2322      	0.2362      	0.2281      
1           	949         	8.25        	0.228       	0.2318      	0.2241      
1           	950         	8.35        	0.2278      	0.2351      	0.2202      
1           	951         	8.3         	0.2291      	0.235       	0.223       
1           	952         	8.4         	0.2277      	0.2339      	0.2213      
1           	953         	8.45        	0.2275      	0.2341      	0.2205      
1           	954         	8.35        	0.2285      	0.2308      	0.2261      
1           	955         	8.25        	0.2313      	0.2348      	0.2276      
1           	956         	8.55        	0.2296      	0.2335      	0.2255      
1           	957         	8.6         	0.2271      	0.2309      	0.2231      
1           	958         	8.4         	0.2263      	0.2303      	0.222       
1           	959         	8.25        	0.2288      	0.231       	0.2265      
1           	960         	8.25        	0.2265      	0.2309      	0.222       
1           	961         	8.3         	0.2263      	0.2285      	0.2241      
1           	962         	8.25        	0.2256      	0.2304      	0.2205      
1           	963         	8.4         	0.2267      	0.229       	0.2243      
1           	964         	8.5         	0.2239      	0.2238      	0.2239      
1           	965         	8.45        	0.227       	0.2265      	0.2275      
1           	966         	8.4         	0.2307      	0.2315      	0.2298      
1           	967         	8.4         	0.2285      	0.2311      	0.2258      
1           	968         	8.5         	0.2261      	0.2288      	0.2232      
1           	969         	8.6         	0.2246      	0.2249      	0.2244      
1           	970         	8.5         	0.2243      	0.2245      	0.2241      
1           	971         	8.3         	0.2257      	0.2239      	0.2275      
1           	972         	8.2         	0.2233      	0.2207      	0.226       
1           	973         	8.15        	0.2195      	0.2162      	0.2229      
1           	974         	8.2         	0.2192      	0.2132      	0.2255      
1           	975         	8.35        	0.221       	0.2163      	0.2259      
1           	976         	8.35        	0.2229      	0.2181      	0.2278      
1           	977         	8.4         	0.2261      	0.224       	0.2283      
1           	978         	8.45        	0.228       	0.2252      	0.2309      
1           	979         	8.45        	0.2278      	0.2273      	0.2284      
1           	980         	8.5         	0.2251      	0.2243      	0.226       
1           	981         	8.3         	0.2236      	0.2206      	0.2267      
1           	982         	8.35        	0.2232      	0.2184      	0.2282      
1           	983         	8.4         	0.2232      	0.2167      	0.23        
1           	984         	8.35        	0.224       	0.2191      	0.2292      
1           	985         	8.4         	0.226       	0.217       	0.2355      
1           	986         	8.35        	0.2283      	0.2183      	0.2389      
1           	987         	8.35        	0.2252      	0.2158      	0.2352      
1           	988         	8.35        	0.2234      	0.2135      	0.2339      
1           	989         	8.3         	0.226       	0.2141      	0.2385      
1           	990         	8.2         	0.2292      	0.2189      	0.2401      
1           	991         	8.25        	0.2288      	0.2175      	0.2407      
1           	992         	8.25        	0.2293      	0.22        	0.2392      
1           	993         	8.25        	0.2299      	0.2188      	0.2417      
1           	994         	8.2         	0.2263      	0.2195      	0.2336      
1           	995         	8.05        	0.2233      	0.2174      	0.2295      
1           	996         	8.1         	0.2186      	0.2132      	0.2244      
1           	997         	8.3         	0.2212      	0.2158      	0.2269      
1           	998         	8.2         	0.22        	0.2164      	0.2238      
1           	999         	8.35        	0.2221      	0.2179      	0.2265      
1           	1000        	8           	0.2261      	0.2251      	0.2271      
