generation  	alive.rpl   	n.adlt.nbAll	n.adlt.fst  	n.adlt.fst_l1	n.adlt.fst_l2
1           	1           	5.5         	0.5053      	1           	-8.437e-05  
2           	1           	6.15        	0.504       	0.9971      	0.0004503   
3           	1           	6.45        	0.5034      	0.9955      	0.001043    
4           	1           	7.1         	0.5014      	0.9915      	0.001395    
5           	1           	7.25        	0.4996      	0.9881      	0.001796    
6           	1           	7.05        	0.4987      	0.9857      	0.002527    
7           	1           	7.1         	0.498       	0.9833      	0.002812    
8           	1           	7.2         	0.4972      	0.9818      	0.002961    
9           	1           	7.5         	0.4958      	0.9781      	0.00328     
10          	1           	7.6         	0.4938      	0.9741      	0.003561    
11          	1           	7.5         	0.4927      	0.9715      	0.004148    
12          	1           	7.75        	0.4904      	0.9672      	0.003912    
13          	1           	7.85        	0.4895      	0.9653      	0.004493    
14          	1           	7.95        	0.488       	0.9616      	0.004767    
15          	1           	7.9         	0.4876      	0.9598      	0.005619    
16          	1           	8.05        	0.4872      	0.9583      	0.006684    
17          	1           	8.1         	0.4874      	0.9591      	0.006572    
18          	1           	8.1         	0.4869      	0.9579      	0.006656    
19          	1           	8.2         	0.4849      	0.9539      	0.007139    
20          	1           	8.25        	0.4837      	0.9507      	0.0076      
21          	1           	8.35        	0.4803      	0.9439      	0.007724    
22          	1           	8.35        	0.4802      	0.9418      	0.009025    
23          	1           	8.65        	0.4772      	0.9354      	0.009725    
24          	1           	8.85        	0.476       	0.9319      	0.0104      
25          	1           	8.65        	0.4751      	0.9303      	0.0105      
26          	1           	8.6         	0.4745      	0.9291      	0.01093     
27          	1           	8.5         	0.4753      	0.93        	0.01199     
28          	1           	8.55        	0.4743      	0.9268      	0.01303     
29          	1           	8.5         	0.4761      	0.9302      	0.01307     
30          	1           	8.55        	0.4765      	0.9306      	0.0138      
31          	1           	8.55        	0.4758      	0.9283      	0.01418     
32          	1           	8.35        	0.4766      	0.9287      	0.01546     
33          	1           	8.25        	0.4772      	0.9292      	0.01638     
34          	1           	8.25        	0.4782      	0.9308      	0.0172      
35          	1           	8.25        	0.4776      	0.9286      	0.01827     
36          	1           	8.25        	0.4769      	0.9264      	0.01939     
37          	1           	8.3         	0.4752      	0.9223      	0.02054     
38          	1           	8.25        	0.4729      	0.9173      	0.0211      
39          	1           	8.4         	0.4732      	0.9171      	0.02193     
40          	1           	8.55        	0.4737      	0.9176      	0.02215     
41          	1           	8.55        	0.4741      	0.9167      	0.02375     
42          	1           	8.6         	0.4727      	0.9142      	0.02389     
43          	1           	8.6         	0.4702      	0.909       	0.02395     
44          	1           	8.6         	0.4731      	0.9144      	0.02408     
45          	1           	8.5         	0.4702      	0.908       	0.02459     
46          	1           	8.55        	0.4674      	0.902       	0.02504     
47          	1           	8.55        	0.4666      	0.8999      	0.02519     
48          	1           	8.65        	0.4658      	0.8965      	0.02661     
49          	1           	8.8         	0.4642      	0.8931      	0.02715     
50          	1           	8.8         	0.461       	0.8863      	0.02752     
51          	1           	8.7         	0.461       	0.8872      	0.02649     
52          	1           	8.75        	0.4623      	0.8898      	0.02659     
53          	1           	8.65        	0.4625      	0.8901      	0.02714     
54          	1           	8.65        	0.463       	0.8904      	0.02814     
55          	1           	8.8         	0.4619      	0.8878      	0.0289      
56          	1           	8.7         	0.4577      	0.8795      	0.02925     
57          	1           	8.65        	0.4576      	0.88        	0.02837     
58          	1           	8.85        	0.4573      	0.8807      	0.02745     
59          	1           	8.85        	0.4582      	0.8811      	0.02896     
60          	1           	8.85        	0.4566      	0.88        	0.02733     
61          	1           	9           	0.4527      	0.8713      	0.02813     
62          	1           	9.15        	0.4485      	0.8627      	0.02851     
63          	1           	8.9         	0.4474      	0.8619      	0.02716     
64          	1           	8.65        	0.4476      	0.862       	0.02725     
65          	1           	8.45        	0.4459      	0.8599      	0.02602     
66          	1           	8.3         	0.4437      	0.8553      	0.02616     
67          	1           	8.2         	0.4425      	0.8535      	0.02559     
68          	1           	8.35        	0.4394      	0.8461      	0.0268      
69          	1           	8.35        	0.4413      	0.849       	0.02794     
70          	1           	8.45        	0.4416      	0.8478      	0.02999     
71          	1           	8.4         	0.4408      	0.8466      	0.02972     
72          	1           	8.55        	0.4414      	0.8482      	0.02938     
73          	1           	8.6         	0.4441      	0.8534      	0.02949     
74          	1           	8.6         	0.4409      	0.8468      	0.02977     
75          	1           	8.7         	0.4411      	0.8482      	0.02866     
76          	1           	8.65        	0.4409      	0.848       	0.02868     
77          	1           	8.65        	0.4382      	0.8431      	0.02814     
78          	1           	8.75        	0.4352      	0.8369      	0.02862     
79          	1           	8.75        	0.4368      	0.8387      	0.02973     
80          	1           	8.55        	0.4342      	0.8345      	0.02905     
81          	1           	8.7         	0.433       	0.8309      	0.02979     
82          	1           	8.7         	0.4326      	0.8293      	0.03036     
83          	1           	8.7         	0.4313      	0.8265      	0.0309      
84          	1           	8.85        	0.4291      	0.8231      	0.03006     
85          	1           	8.7         	0.4278      	0.8199      	0.03098     
86          	1           	8.8         	0.4262      	0.8169      	0.03082     
87          	1           	8.75        	0.4263      	0.8172      	0.03066     
88          	1           	8.8         	0.4253      	0.8141      	0.0315      
89          	1           	8.75        	0.4252      	0.8142      	0.03119     
90          	1           	8.85        	0.424       	0.8093      	0.03363     
91          	1           	8.85        	0.4202      	0.8004      	0.03527     
92          	1           	9.05        	0.417       	0.7938      	0.03553     
93          	1           	9           	0.4158      	0.7914      	0.03571     
94          	1           	8.8         	0.4167      	0.7928      	0.03578     
95          	1           	8.75        	0.4173      	0.7929      	0.03675     
96          	1           	8.75        	0.4183      	0.7939      	0.0373      
97          	1           	8.55        	0.4183      	0.7947      	0.03642     
98          	1           	8.9         	0.4195      	0.7949      	0.03841     
99          	1           	8.75        	0.4183      	0.7931      	0.038       
100         	1           	8.7         	0.4194      	0.7949      	0.03833     
101         	1           	8.75        	0.4177      	0.7917      	0.03805     
102         	1           	8.55        	0.4157      	0.7867      	0.03918     
103         	1           	8.6         	0.4131      	0.7811      	0.03945     
104         	1           	8.6         	0.4133      	0.7808      	0.04021     
105         	1           	8.55        	0.4131      	0.7781      	0.04236     
106         	1           	8.65        	0.4173      	0.7844      	0.04412     
107         	1           	8.7         	0.4154      	0.7825      	0.04244     
108         	1           	8.6         	0.4121      	0.7759      	0.04255     
109         	1           	8.5         	0.4116      	0.7743      	0.04331     
110         	1           	8.55        	0.4106      	0.7732      	0.04232     
111         	1           	8.6         	0.4111      	0.7742      	0.04207     
112         	1           	8.75        	0.4081      	0.767       	0.04339     
113         	1           	8.65        	0.4082      	0.7661      	0.04428     
114         	1           	8.8         	0.409       	0.7679      	0.04354     
115         	1           	8.95        	0.4102      	0.7697      	0.04437     
116         	1           	8.85        	0.4112      	0.7708      	0.04511     
117         	1           	8.85        	0.408       	0.7648      	0.04481     
118         	1           	8.75        	0.4055      	0.7593      	0.04525     
119         	1           	8.8         	0.4045      	0.7569      	0.04558     
120         	1           	8.95        	0.4031      	0.7534      	0.04635     
121         	1           	8.9         	0.4035      	0.7525      	0.04807     
122         	1           	8.9         	0.4058      	0.7552      	0.04998     
123         	1           	8.8         	0.4096      	0.7618      	0.05074     
124         	1           	8.85        	0.4073      	0.7582      	0.04978     
125         	1           	8.75        	0.4094      	0.7595      	0.05215     
126         	1           	8.95        	0.4085      	0.7568      	0.05314     
127         	1           	8.85        	0.408       	0.7565      	0.05272     
128         	1           	8.85        	0.4061      	0.7531      	0.05232     
129         	1           	8.85        	0.404       	0.7486      	0.05276     
130         	1           	8.95        	0.4052      	0.7513      	0.05223     
131         	1           	8.9         	0.4034      	0.7483      	0.05127     
132         	1           	8.85        	0.4011      	0.742       	0.05309     
133         	1           	8.9         	0.4022      	0.7444      	0.05309     
134         	1           	9           	0.4008      	0.7434      	0.05152     
135         	1           	8.95        	0.4007      	0.7411      	0.05364     
136         	1           	8.8         	0.3996      	0.7395      	0.0528      
137         	1           	8.75        	0.4008      	0.7415      	0.0533      
138         	1           	8.85        	0.4057      	0.7507      	0.05413     
139         	1           	8.65        	0.4075      	0.7521      	0.0562      
140         	1           	8.65        	0.4068      	0.7477      	0.05934     
141         	1           	8.7         	0.4088      	0.7521      	0.05902     
142         	1           	8.7         	0.4099      	0.7543      	0.05857     
143         	1           	8.7         	0.4122      	0.7582      	0.05971     
144         	1           	8.65        	0.4123      	0.7578      	0.06044     
145         	1           	8.7         	0.4094      	0.7523      	0.05964     
146         	1           	8.75        	0.4075      	0.7467      	0.06192     
147         	1           	8.9         	0.4038      	0.7391      	0.06213     
148         	1           	8.75        	0.4059      	0.7426      	0.06236     
149         	1           	8.85        	0.4086      	0.7463      	0.06384     
150         	1           	8.7         	0.4109      	0.7489      	0.06597     
151         	1           	8.75        	0.4124      	0.7526      	0.06516     
152         	1           	8.8         	0.4141      	0.7541      	0.06712     
153         	1           	8.95        	0.4132      	0.7522      	0.06708     
154         	1           	9           	0.4146      	0.7521      	0.06997     
155         	1           	8.95        	0.4109      	0.7436      	0.07113     
156         	1           	8.75        	0.4087      	0.7412      	0.06876     
157         	1           	8.75        	0.4056      	0.7338      	0.07        
158         	1           	8.55        	0.4046      	0.7309      	0.07069     
159         	1           	8.6         	0.4041      	0.7311      	0.06958     
160         	1           	8.75        	0.4022      	0.7285      	0.0687      
161         	1           	8.85        	0.4026      	0.7308      	0.06754     
162         	1           	8.85        	0.4053      	0.7335      	0.06982     
163         	1           	9           	0.4039      	0.7334      	0.06758     
164         	1           	8.95        	0.3975      	0.72        	0.06858     
165         	1           	8.85        	0.3975      	0.7197      	0.0689      
166         	1           	8.85        	0.3978      	0.7217      	0.06765     
167         	1           	8.8         	0.4         	0.7268      	0.06696     
168         	1           	8.9         	0.4005      	0.7252      	0.06954     
169         	1           	9           	0.4019      	0.7249      	0.0727      
170         	1           	9.1         	0.4037      	0.7278      	0.0731      
171         	1           	9.05        	0.4024      	0.7254      	0.07269     
172         	1           	9.1         	0.4001      	0.7204      	0.07298     
173         	1           	8.95        	0.397       	0.7171      	0.07052     
174         	1           	9           	0.3949      	0.7155      	0.06782     
175         	1           	9.1         	0.3956      	0.7144      	0.06972     
176         	1           	9.05        	0.3957      	0.7138      	0.07045     
177         	1           	9.25        	0.3921      	0.7077      	0.06945     
178         	1           	9.2         	0.3888      	0.7         	0.07067     
179         	1           	9.1         	0.3888      	0.7012      	0.06928     
180         	1           	9.25        	0.3903      	0.7046      	0.06833     
181         	1           	9.25        	0.3904      	0.7065      	0.06636     
182         	1           	9.2         	0.3906      	0.7066      	0.06705     
183         	1           	9.25        	0.3925      	0.7111      	0.0659      
184         	1           	9.1         	0.3901      	0.7063      	0.06609     
185         	1           	9.1         	0.3891      	0.7038      	0.06643     
186         	1           	9.05        	0.3895      	0.7033      	0.06721     
187         	1           	9.15        	0.3888      	0.7014      	0.06771     
188         	1           	8.85        	0.3889      	0.7022      	0.06668     
189         	1           	8.9         	0.3862      	0.6969      	0.06681     
190         	1           	8.9         	0.3855      	0.6933      	0.06914     
191         	1           	8.85        	0.3861      	0.6942      	0.06929     
192         	1           	8.9         	0.3855      	0.6953      	0.06733     
193         	1           	8.7         	0.3846      	0.6939      	0.06677     
194         	1           	8.8         	0.3851      	0.6955      	0.06651     
195         	1           	8.9         	0.3815      	0.6887      	0.0662      
196         	1           	8.8         	0.38        	0.685       	0.06657     
197         	1           	8.9         	0.3809      	0.6882      	0.06515     
198         	1           	8.95        	0.3797      	0.6845      	0.06587     
199         	1           	8.7         	0.3751      	0.6749      	0.06658     
200         	1           	8.8         	0.3769      	0.6753      	0.06971     
201         	1           	8.9         	0.374       	0.6694      	0.07042     
202         	1           	9.1         	0.3725      	0.6662      	0.07048     
203         	1           	9           	0.3749      	0.6702      	0.07127     
204         	1           	8.85        	0.3762      	0.6706      	0.07319     
205         	1           	8.85        	0.3737      	0.6674      	0.07157     
206         	1           	8.8         	0.3705      	0.6614      	0.07159     
207         	1           	8.8         	0.3708      	0.6622      	0.07144     
208         	1           	8.85        	0.3711      	0.6631      	0.07103     
209         	1           	9           	0.3687      	0.6578      	0.07113     
210         	1           	8.85        	0.3716      	0.6641      	0.07033     
211         	1           	8.95        	0.3684      	0.6572      	0.07079     
212         	1           	8.8         	0.3653      	0.6505      	0.07159     
213         	1           	9           	0.3653      	0.6506      	0.07185     
214         	1           	9.2         	0.3674      	0.6559      	0.07044     
215         	1           	9.1         	0.3657      	0.6524      	0.07064     
216         	1           	9.15        	0.3662      	0.6525      	0.07113     
217         	1           	9.05        	0.369       	0.6579      	0.07065     
218         	1           	9           	0.3688      	0.6571      	0.07102     
219         	1           	9.05        	0.3663      	0.6524      	0.07092     
220         	1           	9.2         	0.365       	0.6479      	0.07271     
221         	1           	9.25        	0.3632      	0.6435      	0.07355     
222         	1           	9.3         	0.3627      	0.6421      	0.07411     
223         	1           	9.15        	0.3605      	0.6388      	0.0731      
224         	1           	9.1         	0.3583      	0.6354      	0.07224     
225         	1           	9.1         	0.357       	0.6326      	0.0727      
226         	1           	9.2         	0.3579      	0.6353      	0.07186     
227         	1           	9.15        	0.3605      	0.6389      	0.07355     
228         	1           	9.2         	0.3628      	0.642       	0.07514     
229         	1           	9           	0.3593      	0.635       	0.07526     
230         	1           	9.15        	0.3552      	0.6269      	0.07561     
231         	1           	9.15        	0.3551      	0.6255      	0.07681     
232         	1           	9.2         	0.3536      	0.6242      	0.0755      
233         	1           	9.2         	0.3533      	0.6248      	0.07415     
234         	1           	9.05        	0.3519      	0.6211      	0.0749      
235         	1           	9           	0.3521      	0.6219      	0.07404     
236         	1           	8.95        	0.3491      	0.6167      	0.07312     
237         	1           	9.05        	0.3474      	0.6119      	0.075       
238         	1           	9.15        	0.3464      	0.6076      	0.07724     
239         	1           	9.2         	0.3471      	0.6062      	0.07985     
240         	1           	9.1         	0.3463      	0.606       	0.07885     
241         	1           	9           	0.3441      	0.6016      	0.07923     
242         	1           	8.85        	0.3464      	0.6052      	0.08011     
243         	1           	8.85        	0.3483      	0.6083      	0.08097     
244         	1           	8.95        	0.3484      	0.6079      	0.08157     
245         	1           	9           	0.3507      	0.6107      	0.08321     
246         	1           	9.1         	0.3534      	0.6178      	0.08164     
247         	1           	9.15        	0.3539      	0.6191      	0.08158     
248         	1           	9.1         	0.3547      	0.6196      	0.08226     
249         	1           	8.9         	0.3568      	0.623       	0.08284     
250         	1           	9           	0.3543      	0.6144      	0.08655     
251         	1           	9.1         	0.3535      	0.6139      	0.08508     
252         	1           	9.2         	0.3533      	0.613       	0.08531     
253         	1           	9.2         	0.3549      	0.6123      	0.08931     
254         	1           	9.25        	0.3526      	0.6074      	0.08978     
255         	1           	9.5         	0.3499      	0.6017      	0.09044     
256         	1           	9.35        	0.3501      	0.605       	0.08722     
257         	1           	9.35        	0.3491      	0.6028      	0.08743     
258         	1           	9.35        	0.352       	0.6082      	0.08772     
259         	1           	9.15        	0.3548      	0.612       	0.0894      
260         	1           	9.1         	0.3547      	0.6127      	0.08805     
261         	1           	9.25        	0.3505      	0.6048      	0.08755     
262         	1           	9.15        	0.3541      	0.6112      	0.08815     
263         	1           	9.1         	0.3557      	0.6144      	0.0885      
264         	1           	9.05        	0.3586      	0.6182      	0.09005     
265         	1           	9.15        	0.3548      	0.6097      	0.09058     
266         	1           	9           	0.3568      	0.6137      	0.09065     
267         	1           	8.85        	0.3552      	0.6121      	0.089       
268         	1           	8.95        	0.3513      	0.606       	0.08754     
269         	1           	8.95        	0.3535      	0.6081      	0.08986     
270         	1           	9.05        	0.3565      	0.6153      	0.08833     
271         	1           	9.2         	0.3518      	0.606       	0.08854     
272         	1           	9.15        	0.3551      	0.6121      	0.08847     
273         	1           	8.95        	0.3544      	0.6105      	0.08846     
274         	1           	9.05        	0.3548      	0.6096      	0.09021     
275         	1           	9           	0.3508      	0.6001      	0.09153     
276         	1           	9.05        	0.3536      	0.6013      	0.0961      
277         	1           	9.05        	0.3552      	0.603       	0.09687     
278         	1           	9.05        	0.3536      	0.6003      	0.09679     
279         	1           	9.1         	0.3592      	0.6075      	0.1002      
280         	1           	9.05        	0.3607      	0.6082      	0.1019      
281         	1           	9.2         	0.361       	0.6095      	0.1008      
282         	1           	9           	0.363       	0.616       	0.09843     
283         	1           	8.85        	0.3658      	0.6192      	0.1011      
284         	1           	8.95        	0.3653      	0.618       	0.1009      
285         	1           	8.9         	0.3628      	0.6148      	0.09974     
286         	1           	8.85        	0.3654      	0.6188      	0.1012      
287         	1           	8.95        	0.3664      	0.6221      	0.09987     
288         	1           	8.9         	0.3709      	0.6287      	0.1021      
289         	1           	8.85        	0.3673      	0.6216      	0.1019      
290         	1           	8.65        	0.3689      	0.6212      	0.1053      
291         	1           	8.55        	0.3703      	0.6252      	0.1041      
292         	1           	8.7         	0.3682      	0.6225      	0.1032      
293         	1           	8.8         	0.3652      	0.6186      	0.1003      
294         	1           	8.7         	0.3632      	0.6171      	0.0979      
295         	1           	8.75        	0.366       	0.6214      	0.09908     
296         	1           	8.75        	0.3679      	0.627       	0.09724     
297         	1           	8.7         	0.3644      	0.622       	0.09516     
298         	1           	8.85        	0.3632      	0.6215      	0.09338     
299         	1           	8.75        	0.3607      	0.615       	0.0951      
300         	1           	8.65        	0.3614      	0.6141      	0.09779     
301         	1           	8.7         	0.3612      	0.6153      	0.09578     
302         	1           	8.55        	0.3641      	0.6192      	0.09744     
303         	1           	8.55        	0.3647      	0.6182      	0.09936     
304         	1           	8.6         	0.3672      	0.6236      	0.09872     
305         	1           	8.7         	0.3696      	0.6275      	0.09961     
306         	1           	8.7         	0.3695      	0.6291      	0.09793     
307         	1           	8.8         	0.372       	0.6357      	0.09625     
308         	1           	8.9         	0.3679      	0.6256      	0.09852     
309         	1           	8.65        	0.3715      	0.6322      	0.09939     
310         	1           	8.7         	0.3647      	0.6177      	0.1003      
311         	1           	8.65        	0.368       	0.6217      	0.1028      
312         	1           	8.85        	0.3643      	0.6125      	0.1045      
313         	1           	9           	0.36        	0.6021      	0.1062      
314         	1           	8.9         	0.3592      	0.6014      	0.1058      
315         	1           	8.7         	0.3566      	0.5981      	0.1047      
316         	1           	8.85        	0.355       	0.596       	0.1035      
317         	1           	8.6         	0.356       	0.6007      	0.1006      
318         	1           	8.6         	0.3551      	0.5986      	0.101       
319         	1           	8.55        	0.3533      	0.5959      	0.1004      
320         	1           	8.7         	0.3472      	0.586       	0.09782     
321         	1           	8.75        	0.3496      	0.5882      	0.1005      
322         	1           	8.75        	0.356       	0.5997      	0.1012      
323         	1           	8.7         	0.355       	0.5979      	0.1011      
324         	1           	8.65        	0.3496      	0.5882      	0.1001      
325         	1           	8.8         	0.3493      	0.5842      	0.1039      
326         	1           	8.75        	0.35        	0.5859      	0.1039      
327         	1           	8.8         	0.35        	0.5854      	0.1045      
328         	1           	8.85        	0.3448      	0.5761      	0.1033      
329         	1           	8.9         	0.3438      	0.5687      	0.1092      
330         	1           	8.8         	0.3425      	0.5651      	0.1101      
331         	1           	8.85        	0.3422      	0.5642      	0.1105      
332         	1           	8.85        	0.3409      	0.5602      	0.1122      
333         	1           	8.85        	0.3404      	0.5613      	0.1105      
334         	1           	8.95        	0.3414      	0.5614      	0.112       
335         	1           	8.85        	0.3423      	0.5657      	0.1093      
336         	1           	8.8         	0.3419      	0.5637      	0.1106      
337         	1           	8.8         	0.3406      	0.5603      	0.1112      
338         	1           	8.8         	0.3397      	0.5609      	0.1089      
339         	1           	8.8         	0.3357      	0.5517      	0.1103      
340         	1           	8.9         	0.3348      	0.5496      	0.1106      
341         	1           	9.1         	0.3332      	0.5496      	0.1079      
342         	1           	8.7         	0.3357      	0.5509      	0.1115      
343         	1           	8.75        	0.3336      	0.5488      	0.109       
344         	1           	8.85        	0.3323      	0.5471      	0.1078      
345         	1           	9           	0.3359      	0.5546      	0.1075      
346         	1           	8.95        	0.3372      	0.5581      	0.1066      
347         	1           	9.05        	0.3385      	0.5602      	0.1072      
348         	1           	8.85        	0.3391      	0.5598      	0.1091      
349         	1           	8.85        	0.3382      	0.5586      	0.1087      
350         	1           	8.85        	0.3415      	0.5629      	0.1107      
351         	1           	8.8         	0.3405      	0.5606      	0.1112      
352         	1           	8.9         	0.3379      	0.5576      	0.1096      
353         	1           	8.85        	0.3378      	0.5586      	0.1081      
354         	1           	8.85        	0.3351      	0.5531      	0.1085      
355         	1           	8.8         	0.3401      	0.5601      	0.1113      
356         	1           	8.7         	0.3383      	0.5569      	0.111       
357         	1           	8.75        	0.3358      	0.5531      	0.1097      
358         	1           	8.75        	0.3359      	0.5537      	0.1092      
359         	1           	8.8         	0.3375      	0.5539      	0.1125      
360         	1           	8.6         	0.3351      	0.5488      	0.1129      
361         	1           	8.65        	0.3337      	0.5485      	0.1104      
362         	1           	8.6         	0.3328      	0.5444      	0.1131      
363         	1           	8.75        	0.3347      	0.5487      	0.1124      
364         	1           	8.75        	0.3351      	0.5518      	0.1098      
365         	1           	8.85        	0.3329      	0.5475      	0.1097      
366         	1           	8.85        	0.3282      	0.5411      	0.1071      
367         	1           	8.8         	0.3274      	0.5397      	0.1069      
368         	1           	8.9         	0.3265      	0.5352      	0.1098      
369         	1           	8.75        	0.3247      	0.5297      	0.1117      
370         	1           	8.6         	0.3282      	0.5374      	0.1109      
371         	1           	8.75        	0.3256      	0.5338      	0.1096      
372         	1           	8.8         	0.3271      	0.5361      	0.1103      
373         	1           	8.8         	0.3306      	0.5434      	0.1099      
374         	1           	8.8         	0.333       	0.5469      	0.1115      
375         	1           	8.6         	0.3358      	0.5545      	0.1092      
376         	1           	8.7         	0.3365      	0.5554      	0.1101      
377         	1           	8.7         	0.3377      	0.5572      	0.1108      
378         	1           	8.75        	0.3399      	0.5601      	0.1121      
379         	1           	8.65        	0.3423      	0.5653      	0.1113      
380         	1           	8.75        	0.3443      	0.5691      	0.1117      
381         	1           	8.95        	0.3386      	0.5594      	0.1103      
382         	1           	8.9         	0.3386      	0.5602      	0.1092      
383         	1           	8.8         	0.3395      	0.5605      	0.1105      
384         	1           	8.7         	0.3395      	0.5609      	0.1101      
385         	1           	8.75        	0.338       	0.5594      	0.1083      
386         	1           	8.6         	0.3347      	0.5509      	0.1105      
387         	1           	8.5         	0.3345      	0.5474      	0.1141      
388         	1           	8.6         	0.3349      	0.546       	0.1164      
389         	1           	8.7         	0.3324      	0.5404      	0.117       
390         	1           	8.6         	0.3284      	0.5367      	0.1128      
391         	1           	8.65        	0.3281      	0.535       	0.114       
392         	1           	8.85        	0.3272      	0.5315      	0.1159      
393         	1           	8.65        	0.3255      	0.5296      	0.1145      
394         	1           	8.7         	0.3254      	0.5264      	0.1176      
395         	1           	8.5         	0.3254      	0.5265      	0.1178      
396         	1           	8.6         	0.3192      	0.5163      	0.1159      
397         	1           	8.5         	0.3204      	0.5168      	0.1182      
398         	1           	8.5         	0.3177      	0.5137      	0.1158      
399         	1           	8.6         	0.3208      	0.5188      	0.1165      
400         	1           	8.5         	0.321       	0.5172      	0.1184      
401         	1           	8.55        	0.318       	0.5126      	0.117       
402         	1           	8.6         	0.3163      	0.5075      	0.1187      
403         	1           	8.7         	0.3107      	0.4973      	0.1181      
404         	1           	8.65        	0.3056      	0.4928      	0.1126      
405         	1           	8.5         	0.3027      	0.4895      	0.1101      
406         	1           	8.65        	0.3002      	0.4875      	0.1074      
407         	1           	8.8         	0.2987      	0.4856      	0.1061      
408         	1           	8.7         	0.3009      	0.4859      	0.1106      
409         	1           	8.6         	0.3038      	0.489       	0.113       
410         	1           	8.5         	0.304       	0.4888      	0.1139      
411         	1           	8.7         	0.2967      	0.4766      	0.1116      
412         	1           	8.7         	0.2934      	0.4709      	0.111       
413         	1           	8.65        	0.29        	0.466       	0.1091      
414         	1           	8.7         	0.2934      	0.472       	0.1099      
415         	1           	8.8         	0.2935      	0.4735      	0.1084      
416         	1           	8.7         	0.2913      	0.4718      	0.1058      
417         	1           	8.9         	0.2912      	0.4712      	0.1063      
418         	1           	8.75        	0.2894      	0.4648      	0.1096      
419         	1           	8.95        	0.2863      	0.4595      	0.1089      
420         	1           	9.1         	0.2874      	0.46        	0.1109      
421         	1           	9.1         	0.29        	0.4663      	0.1099      
422         	1           	8.95        	0.2905      	0.4664      	0.1109      
423         	1           	8.85        	0.2927      	0.469       	0.1128      
424         	1           	8.85        	0.2953      	0.4738      	0.1133      
425         	1           	9           	0.2949      	0.4726      	0.1132      
426         	1           	9           	0.2944      	0.4734      	0.1112      
427         	1           	9.05        	0.2923      	0.4725      	0.1079      
428         	1           	9.05        	0.2905      	0.4708      	0.1061      
429         	1           	9.1         	0.2907      	0.4717      	0.1057      
430         	1           	8.9         	0.2882      	0.4656      	0.107       
431         	1           	8.9         	0.2876      	0.4654      	0.1062      
432         	1           	8.65        	0.2892      	0.4695      	0.1052      
433         	1           	8.7         	0.2911      	0.4703      	0.1079      
434         	1           	8.6         	0.2952      	0.4754      	0.111       
435         	1           	8.55        	0.2963      	0.4749      	0.1138      
436         	1           	8.55        	0.2935      	0.4726      	0.1104      
437         	1           	8.5         	0.2942      	0.4752      	0.1091      
438         	1           	8.4         	0.2959      	0.4781      	0.1099      
439         	1           	8.4         	0.2973      	0.4809      	0.1099      
440         	1           	8.4         	0.3003      	0.4899      	0.1071      
441         	1           	8.35        	0.2965      	0.4836      	0.106       
442         	1           	8.4         	0.2955      	0.4788      	0.1088      
443         	1           	8.35        	0.2949      	0.4781      	0.1082      
444         	1           	8.4         	0.2993      	0.4862      	0.1088      
445         	1           	8.55        	0.3039      	0.4936      	0.1104      
446         	1           	8.35        	0.3001      	0.4865      	0.11        
447         	1           	8.55        	0.3026      	0.4909      	0.1105      
448         	1           	8.3         	0.3018      	0.4906      	0.1091      
449         	1           	8.35        	0.3036      	0.4926      	0.1108      
450         	1           	8.6         	0.3047      	0.4941      	0.1114      
451         	1           	8.6         	0.3082      	0.5019      	0.1104      
452         	1           	8.7         	0.3097      	0.5036      	0.1116      
453         	1           	8.85        	0.3115      	0.5111      	0.1074      
454         	1           	8.55        	0.3114      	0.5107      	0.1076      
455         	1           	8.6         	0.3124      	0.5132      	0.107       
456         	1           	8.55        	0.3107      	0.508       	0.1088      
457         	1           	8.8         	0.3148      	0.5147      	0.1108      
458         	1           	8.7         	0.3182      	0.5208      	0.1115      
459         	1           	8.6         	0.3211      	0.5246      	0.1136      
460         	1           	8.55        	0.3219      	0.5239      	0.1158      
461         	1           	8.6         	0.3198      	0.5189      	0.1167      
462         	1           	8.6         	0.3176      	0.5109      	0.1203      
463         	1           	8.5         	0.3191      	0.5089      	0.1253      
464         	1           	8.65        	0.3174      	0.5088      	0.1216      
465         	1           	8.75        	0.3182      	0.5075      	0.1246      
466         	1           	8.75        	0.3148      	0.5029      	0.1222      
467         	1           	8.8         	0.3102      	0.4927      	0.1232      
468         	1           	8.8         	0.3085      	0.4883      	0.1245      
469         	1           	8.65        	0.309       	0.4916      	0.1219      
470         	1           	8.7         	0.309       	0.4918      	0.1217      
471         	1           	8.85        	0.3064      	0.4907      	0.1177      
472         	1           	8.8         	0.303       	0.488       	0.1137      
473         	1           	8.9         	0.3022      	0.4853      	0.1146      
474         	1           	8.85        	0.3015      	0.4844      	0.1142      
475         	1           	8.95        	0.301       	0.4808      	0.1169      
476         	1           	8.7         	0.2994      	0.4778      	0.1167      
477         	1           	8.8         	0.2994      	0.4776      	0.1169      
478         	1           	8.8         	0.3053      	0.4894      	0.117       
479         	1           	8.85        	0.306       	0.4909      	0.1166      
480         	1           	8.75        	0.3037      	0.4855      	0.1173      
481         	1           	8.7         	0.3069      	0.4895      	0.1195      
482         	1           	8.75        	0.3067      	0.4867      	0.122       
483         	1           	8.65        	0.3041      	0.4796      	0.124       
484         	1           	8.55        	0.3078      	0.4849      	0.1264      
485         	1           	8.75        	0.3047      	0.4774      	0.1278      
486         	1           	8.7         	0.3048      	0.4767      	0.1288      
487         	1           	8.65        	0.3082      	0.4801      	0.132       
488         	1           	8.65        	0.3077      	0.4751      	0.1361      
489         	1           	8.6         	0.3107      	0.4838      	0.1333      
490         	1           	8.5         	0.314       	0.4898      	0.1339      
491         	1           	8.35        	0.3142      	0.4876      	0.1363      
492         	1           	8.3         	0.3156      	0.4864      	0.1405      
493         	1           	8.4         	0.3145      	0.4826      	0.1423      
494         	1           	8.6         	0.3173      	0.4899      	0.1405      
495         	1           	8.85        	0.3176      	0.4873      	0.1437      
496         	1           	8.95        	0.3169      	0.4857      	0.144       
497         	1           	9           	0.3166      	0.4819      	0.1475      
498         	1           	8.95        	0.3166      	0.478       	0.1516      
499         	1           	9           	0.3204      	0.4813      	0.1558      
500         	1           	8.85        	0.3182      	0.4804      	0.1525      
501         	1           	8.8         	0.3189      	0.4812      	0.1532      
502         	1           	8.9         	0.319       	0.479       	0.156       
503         	1           	9.05        	0.3203      	0.4769      	0.1606      
504         	1           	8.95        	0.3124      	0.4651      	0.1565      
505         	1           	8.85        	0.3084      	0.4561      	0.1576      
506         	1           	8.9         	0.3074      	0.4556      	0.1561      
507         	1           	9           	0.3108      	0.4628      	0.1556      
508         	1           	9.1         	0.3072      	0.4587      	0.1525      
509         	1           	9.1         	0.3107      	0.462       	0.156       
510         	1           	9           	0.3118      	0.461       	0.1593      
511         	1           	9.15        	0.3094      	0.4597      	0.1558      
512         	1           	9           	0.3104      	0.4604      	0.157       
513         	1           	8.95        	0.3091      	0.4584      	0.1563      
514         	1           	8.9         	0.306       	0.4548      	0.1538      
515         	1           	8.95        	0.3063      	0.453       	0.1561      
516         	1           	9.1         	0.3078      	0.4512      	0.1608      
517         	1           	9.05        	0.3072      	0.4516      	0.1591      
518         	1           	9.2         	0.3059      	0.4501      	0.158       
519         	1           	9.25        	0.3044      	0.4492      	0.156       
520         	1           	9.1         	0.3029      	0.4461      	0.1562      
521         	1           	9.05        	0.3037      	0.4491      	0.1546      
522         	1           	9           	0.303       	0.4485      	0.1537      
523         	1           	8.95        	0.3009      	0.4432      	0.1549      
524         	1           	8.85        	0.3025      	0.4478      	0.1535      
525         	1           	8.8         	0.3003      	0.4453      	0.1515      
526         	1           	8.85        	0.3006      	0.4426      	0.1548      
527         	1           	8.85        	0.2961      	0.4347      	0.154       
528         	1           	8.8         	0.2944      	0.4347      	0.1506      
529         	1           	8.8         	0.294       	0.435       	0.1494      
530         	1           	8.85        	0.2944      	0.4376      	0.1476      
531         	1           	8.95        	0.2916      	0.4342      	0.1455      
532         	1           	8.95        	0.2921      	0.4325      	0.1482      
533         	1           	8.95        	0.2923      	0.4312      	0.15        
534         	1           	8.75        	0.287       	0.4256      	0.1446      
535         	1           	8.65        	0.2806      	0.4118      	0.1461      
536         	1           	8.75        	0.2829      	0.4163      	0.1464      
537         	1           	8.75        	0.2823      	0.4123      	0.1492      
538         	1           	8.8         	0.2802      	0.4094      	0.1481      
539         	1           	8.8         	0.2779      	0.4071      	0.1461      
540         	1           	8.75        	0.2785      	0.4047      	0.1499      
541         	1           	8.85        	0.2739      	0.398       	0.1472      
542         	1           	9           	0.2684      	0.3912      	0.143       
543         	1           	8.95        	0.2689      	0.3887      	0.1465      
544         	1           	8.85        	0.2668      	0.3851      	0.1458      
545         	1           	8.9         	0.264       	0.3845      	0.1409      
546         	1           	8.9         	0.2588      	0.3766      	0.1385      
547         	1           	8.8         	0.2583      	0.3755      	0.1385      
548         	1           	9.2         	0.2577      	0.3745      	0.1383      
549         	1           	9.1         	0.2549      	0.368       	0.1394      
550         	1           	9.1         	0.2578      	0.3739      	0.139       
551         	1           	8.95        	0.2577      	0.3739      	0.1387      
552         	1           	8.85        	0.2604      	0.3764      	0.1414      
553         	1           	8.95        	0.2595      	0.3778      	0.1383      
554         	1           	9           	0.2587      	0.3759      	0.1385      
555         	1           	9.05        	0.2568      	0.3715      	0.1392      
556         	1           	9.15        	0.2541      	0.3689      	0.1364      
557         	1           	9.2         	0.2553      	0.3698      	0.1378      
558         	1           	9.3         	0.2522      	0.364       	0.1374      
559         	1           	9.25        	0.2527      	0.3651      	0.1375      
560         	1           	9.15        	0.2519      	0.3621      	0.1392      
561         	1           	9.15        	0.2481      	0.3605      	0.133       
562         	1           	9.1         	0.2448      	0.3513      	0.1356      
563         	1           	9.05        	0.2442      	0.3497      	0.1357      
564         	1           	9.05        	0.2451      	0.3529      	0.1343      
565         	1           	8.9         	0.2464      	0.355       	0.1348      
566         	1           	8.95        	0.249       	0.3601      	0.1347      
567         	1           	9.1         	0.2464      	0.3567      	0.1329      
568         	1           	9.25        	0.2456      	0.356       	0.1319      
569         	1           	9.2         	0.2453      	0.3528      	0.1345      
570         	1           	9.15        	0.2417      	0.3485      	0.1314      
571         	1           	9.25        	0.2414      	0.3472      	0.1324      
572         	1           	9           	0.2416      	0.3455      	0.1345      
573         	1           	8.95        	0.2399      	0.342       	0.1346      
574         	1           	8.8         	0.2434      	0.348       	0.1355      
575         	1           	8.8         	0.2439      	0.3485      	0.1359      
576         	1           	8.9         	0.2456      	0.3514      	0.1366      
577         	1           	8.8         	0.2506      	0.358       	0.1401      
578         	1           	8.85        	0.2515      	0.3614      	0.1384      
579         	1           	8.9         	0.2482      	0.3555      	0.1379      
580         	1           	9           	0.2498      	0.361       	0.1353      
581         	1           	9.1         	0.2503      	0.3609      	0.1363      
582         	1           	8.9         	0.2518      	0.362       	0.1384      
583         	1           	9.15        	0.2488      	0.3548      	0.1395      
584         	1           	8.9         	0.2514      	0.3589      	0.1408      
585         	1           	8.8         	0.2517      	0.3592      	0.1409      
586         	1           	8.75        	0.2561      	0.3654      	0.1436      
587         	1           	8.8         	0.2549      	0.363       	0.1434      
588         	1           	8.85        	0.2532      	0.3598      	0.1434      
589         	1           	8.85        	0.252       	0.36        	0.1408      
590         	1           	8.75        	0.2525      	0.3592      	0.1427      
591         	1           	8.75        	0.2507      	0.3558      	0.1425      
592         	1           	8.85        	0.2513      	0.3562      	0.1432      
593         	1           	8.7         	0.2496      	0.3541      	0.1419      
594         	1           	8.75        	0.2527      	0.3622      	0.1399      
595         	1           	8.8         	0.2568      	0.366       	0.1444      
596         	1           	8.65        	0.2593      	0.3707      	0.1448      
597         	1           	8.7         	0.2585      	0.3697      	0.1441      
598         	1           	8.75        	0.2545      	0.3654      	0.1406      
599         	1           	8.65        	0.2566      	0.3683      	0.1417      
600         	1           	8.85        	0.2561      	0.3662      	0.1429      
601         	1           	8.7         	0.2561      	0.364       	0.1451      
602         	1           	8.8         	0.2507      	0.3552      	0.1434      
603         	1           	8.95        	0.2507      	0.3554      	0.1431      
604         	1           	8.8         	0.2499      	0.3518      	0.1453      
605         	1           	8.85        	0.2523      	0.3532      	0.1486      
606         	1           	8.75        	0.2478      	0.3446      	0.1483      
607         	1           	8.85        	0.247       	0.345       	0.146       
608         	1           	8.9         	0.242       	0.3357      	0.1454      
609         	1           	8.6         	0.2455      	0.3424      	0.1456      
610         	1           	8.65        	0.2449      	0.3439      	0.1427      
611         	1           	8.85        	0.2427      	0.3446      	0.1376      
612         	1           	8.8         	0.242       	0.3424      	0.1386      
613         	1           	8.85        	0.2419      	0.3429      	0.1377      
614         	1           	8.9         	0.2397      	0.3397      	0.1363      
615         	1           	8.95        	0.2394      	0.3391      	0.1365      
616         	1           	9           	0.241       	0.3409      	0.1381      
617         	1           	8.8         	0.2403      	0.3401      	0.1375      
618         	1           	9           	0.2422      	0.3449      	0.1364      
619         	1           	9.1         	0.2399      	0.3464      	0.1302      
620         	1           	8.9         	0.24        	0.348       	0.1287      
621         	1           	9           	0.2429      	0.3536      	0.1286      
622         	1           	8.95        	0.247       	0.3607      	0.1298      
623         	1           	8.8         	0.2496      	0.3634      	0.1324      
624         	1           	8.65        	0.2512      	0.3624      	0.1366      
625         	1           	8.9         	0.2492      	0.3601      	0.1351      
626         	1           	8.95        	0.2456      	0.351       	0.137       
627         	1           	8.7         	0.2474      	0.3512      	0.1406      
628         	1           	8.9         	0.2506      	0.3536      	0.1445      
629         	1           	8.65        	0.2516      	0.3539      	0.1463      
630         	1           	8.7         	0.2511      	0.3527      	0.1462      
631         	1           	8.8         	0.2521      	0.3526      	0.1484      
632         	1           	8.95        	0.2552      	0.3559      	0.1512      
633         	1           	8.85        	0.2526      	0.351       	0.1512      
634         	1           	8.8         	0.2545      	0.3508      	0.1552      
635         	1           	8.55        	0.2543      	0.3525      	0.1531      
636         	1           	8.75        	0.2519      	0.3481      	0.1527      
637         	1           	8.85        	0.2534      	0.3512      	0.1525      
638         	1           	8.8         	0.2536      	0.3529      	0.1512      
639         	1           	8.9         	0.2509      	0.3479      	0.1507      
640         	1           	8.75        	0.255       	0.3507      	0.1562      
641         	1           	8.75        	0.2579      	0.3558      	0.1567      
642         	1           	8.9         	0.2574      	0.3569      	0.1546      
643         	1           	8.9         	0.2576      	0.3559      	0.156       
644         	1           	8.75        	0.255       	0.347       	0.1601      
645         	1           	8.75        	0.2568      	0.3523      	0.1583      
646         	1           	8.55        	0.2608      	0.3582      	0.1602      
647         	1           	8.75        	0.2591      	0.3574      	0.1577      
648         	1           	8.85        	0.2624      	0.3643      	0.1575      
649         	1           	8.55        	0.2606      	0.3595      	0.1588      
650         	1           	8.5         	0.2625      	0.3588      	0.1634      
651         	1           	8.75        	0.2637      	0.3639      	0.1604      
652         	1           	8.85        	0.2607      	0.3578      	0.1606      
653         	1           	8.75        	0.2622      	0.3573      	0.1642      
654         	1           	8.85        	0.2636      	0.3602      	0.1639      
655         	1           	8.95        	0.2648      	0.3614      	0.165       
656         	1           	8.85        	0.2662      	0.3646      	0.1646      
657         	1           	9           	0.2696      	0.3692      	0.167       
658         	1           	8.95        	0.2676      	0.3682      	0.1639      
659         	1           	8.9         	0.2697      	0.373       	0.1633      
660         	1           	8.9         	0.2681      	0.3713      	0.1617      
661         	1           	8.85        	0.2695      	0.3718      	0.164       
662         	1           	8.7         	0.2702      	0.371       	0.1663      
663         	1           	8.7         	0.2664      	0.3653      	0.1644      
664         	1           	8.8         	0.2655      	0.3616      	0.1663      
665         	1           	8.85        	0.2647      	0.3621      	0.1642      
666         	1           	8.75        	0.2666      	0.3654      	0.1646      
667         	1           	8.85        	0.2649      	0.3647      	0.1618      
668         	1           	8.95        	0.2657      	0.3627      	0.1654      
669         	1           	8.8         	0.2638      	0.3566      	0.1677      
670         	1           	8.9         	0.2623      	0.3571      	0.1643      
671         	1           	8.9         	0.2656      	0.3599      	0.1682      
672         	1           	8.9         	0.2675      	0.3662      	0.1657      
673         	1           	8.75        	0.268       	0.369       	0.1638      
674         	1           	8.75        	0.2677      	0.3701      	0.162       
675         	1           	8.6         	0.267       	0.3669      	0.1638      
676         	1           	8.8         	0.2678      	0.3722      	0.1599      
677         	1           	8.8         	0.2652      	0.3699      	0.1569      
678         	1           	8.75        	0.2658      	0.3737      	0.1545      
679         	1           	8.6         	0.265       	0.3714      	0.1553      
680         	1           	8.45        	0.2642      	0.3712      	0.1536      
681         	1           	8.45        	0.2676      	0.3768      	0.1548      
682         	1           	8.65        	0.2661      	0.3734      	0.155       
683         	1           	8.8         	0.2635      	0.3678      	0.1557      
684         	1           	9           	0.2609      	0.3639      	0.1543      
685         	1           	8.85        	0.2597      	0.364       	0.1517      
686         	1           	8.8         	0.2583      	0.362       	0.1511      
687         	1           	8.9         	0.2588      	0.3656      	0.1482      
688         	1           	8.85        	0.2592      	0.3677      	0.1469      
689         	1           	8.9         	0.2591      	0.3658      	0.1485      
690         	1           	8.85        	0.2591      	0.3656      	0.1486      
691         	1           	8.85        	0.2577      	0.3636      	0.1478      
692         	1           	8.8         	0.2571      	0.3623      	0.1481      
693         	1           	8.85        	0.259       	0.3665      	0.1475      
694         	1           	9           	0.259       	0.3675      	0.1463      
695         	1           	8.85        	0.2585      	0.3623      	0.1507      
696         	1           	8.75        	0.2578      	0.3565      	0.1553      
697         	1           	8.85        	0.261       	0.3599      	0.1584      
698         	1           	8.85        	0.2616      	0.3633      	0.156       
699         	1           	8.8         	0.2596      	0.3589      	0.1566      
700         	1           	8.6         	0.2588      	0.3557      	0.1581      
701         	1           	8.75        	0.2609      	0.3593      	0.1585      
702         	1           	8.7         	0.2586      	0.3573      	0.156       
703         	1           	8.65        	0.2584      	0.3556      	0.1575      
704         	1           	8.65        	0.2581      	0.3564      	0.156       
705         	1           	8.7         	0.2568      	0.3529      	0.1568      
706         	1           	8.7         	0.2537      	0.3534      	0.15        
707         	1           	8.75        	0.2532      	0.3553      	0.147       
708         	1           	8.75        	0.25        	0.3496      	0.1463      
709         	1           	8.75        	0.2514      	0.3497      	0.1492      
710         	1           	8.65        	0.2526      	0.3514      	0.1499      
711         	1           	8.75        	0.2502      	0.3483      	0.1484      
712         	1           	8.7         	0.2532      	0.35        	0.1529      
713         	1           	8.75        	0.251       	0.3445      	0.1539      
714         	1           	8.65        	0.248       	0.3412      	0.1512      
715         	1           	8.65        	0.2491      	0.3451      	0.1495      
716         	1           	8.65        	0.2443      	0.3373      	0.1478      
717         	1           	8.65        	0.2433      	0.3348      	0.1481      
718         	1           	8.8         	0.248       	0.3407      	0.1514      
719         	1           	9           	0.2445      	0.3323      	0.1532      
720         	1           	8.75        	0.247       	0.336       	0.1545      
721         	1           	8.6         	0.2448      	0.3343      	0.1516      
722         	1           	8.75        	0.2488      	0.343       	0.1505      
723         	1           	8.75        	0.2466      	0.3392      	0.1501      
724         	1           	8.85        	0.2456      	0.3375      	0.1498      
725         	1           	8.7         	0.2442      	0.3351      	0.1495      
726         	1           	8.75        	0.2424      	0.3351      	0.146       
727         	1           	8.65        	0.2381      	0.3275      	0.1452      
728         	1           	8.7         	0.2385      	0.3281      	0.1453      
729         	1           	8.75        	0.2409      	0.3344      	0.1436      
730         	1           	8.75        	0.2385      	0.3283      	0.1452      
731         	1           	8.6         	0.2395      	0.3265      	0.149       
732         	1           	8.7         	0.2422      	0.3315      	0.1495      
733         	1           	8.6         	0.2459      	0.3358      	0.1525      
734         	1           	8.6         	0.2454      	0.3356      	0.1516      
735         	1           	8.5         	0.2444      	0.3376      	0.1475      
736         	1           	8.4         	0.2448      	0.3344      	0.1517      
737         	1           	8.65        	0.2424      	0.3339      	0.1472      
738         	1           	8.65        	0.2428      	0.3304      	0.1519      
739         	1           	8.6         	0.2426      	0.3311      	0.1506      
740         	1           	8.6         	0.2468      	0.3358      	0.1543      
741         	1           	8.65        	0.2473      	0.3402      	0.1507      
742         	1           	8.55        	0.2477      	0.3395      	0.1525      
743         	1           	8.7         	0.2452      	0.3319      	0.1553      
744         	1           	8.55        	0.2429      	0.3278      	0.1547      
745         	1           	8.5         	0.2456      	0.3293      	0.1586      
746         	1           	8.4         	0.2447      	0.328       	0.1582      
747         	1           	8.4         	0.2408      	0.3199      	0.1584      
748         	1           	8.45        	0.2405      	0.3203      	0.1576      
749         	1           	8.35        	0.2398      	0.3193      	0.1572      
750         	1           	8.25        	0.2373      	0.3137      	0.158       
751         	1           	8.35        	0.2393      	0.312       	0.1638      
752         	1           	8.5         	0.238       	0.3122      	0.1608      
753         	1           	8.45        	0.2407      	0.3176      	0.1608      
754         	1           	8.45        	0.2395      	0.317       	0.1591      
755         	1           	8.6         	0.2424      	0.3237      	0.1578      
756         	1           	8.4         	0.2421      	0.3218      	0.1591      
757         	1           	8.5         	0.2414      	0.3216      	0.158       
758         	1           	8.5         	0.2422      	0.3226      	0.1586      
759         	1           	8.45        	0.2407      	0.3209      	0.1571      
760         	1           	8.6         	0.2401      	0.319       	0.1578      
761         	1           	8.6         	0.2392      	0.3183      	0.1569      
762         	1           	8.55        	0.2398      	0.3149      	0.1615      
763         	1           	8.9         	0.2359      	0.306       	0.1627      
764         	1           	8.75        	0.2343      	0.2988      	0.1668      
765         	1           	8.7         	0.2339      	0.2956      	0.1693      
766         	1           	8.8         	0.2326      	0.2917      	0.1708      
767         	1           	8.8         	0.2338      	0.2913      	0.1736      
768         	1           	8.7         	0.2338      	0.2923      	0.1725      
769         	1           	8.8         	0.2328      	0.2889      	0.174       
770         	1           	8.45        	0.2339      	0.2916      	0.1735      
771         	1           	8.5         	0.2326      	0.2903      	0.1722      
772         	1           	8.5         	0.233       	0.2925      	0.1708      
773         	1           	8.55        	0.2365      	0.2955      	0.1747      
774         	1           	8.4         	0.2359      	0.2916      	0.1777      
775         	1           	8.35        	0.2384      	0.2925      	0.1818      
776         	1           	8.4         	0.2426      	0.2977      	0.185       
777         	1           	8.35        	0.2424      	0.298       	0.1844      
778         	1           	8.45        	0.243       	0.2958      	0.1878      
779         	1           	8.35        	0.2426      	0.2941      	0.1887      
780         	1           	8.15        	0.2445      	0.2917      	0.1949      
781         	1           	8.15        	0.2454      	0.2896      	0.1991      
782         	1           	8.35        	0.2436      	0.2909      	0.194       
783         	1           	8.35        	0.2444      	0.2915      	0.195       
784         	1           	8.4         	0.2447      	0.2907      	0.1964      
785         	1           	8.3         	0.2448      	0.2902      	0.1972      
786         	1           	8.45        	0.2398      	0.2829      	0.1946      
787         	1           	8.5         	0.2416      	0.2835      	0.1975      
788         	1           	8.65        	0.2405      	0.2822      	0.1967      
789         	1           	8.8         	0.241       	0.2813      	0.1988      
790         	1           	8.5         	0.2433      	0.2852      	0.1995      
791         	1           	8.65        	0.2432      	0.283       	0.2014      
792         	1           	8.45        	0.2415      	0.2807      	0.2003      
793         	1           	8.8         	0.244       	0.2836      	0.2024      
794         	1           	8.6         	0.2443      	0.2862      	0.2004      
795         	1           	8.7         	0.24        	0.2794      	0.1988      
796         	1           	8.4         	0.2394      	0.2773      	0.1996      
797         	1           	8.45        	0.2381      	0.2747      	0.1996      
798         	1           	8.3         	0.238       	0.2731      	0.201       
799         	1           	8.45        	0.2416      	0.276       	0.2055      
800         	1           	8.45        	0.2411      	0.2763      	0.204       
801         	1           	8.55        	0.2412      	0.2765      	0.2042      
802         	1           	8.6         	0.2416      	0.2796      	0.2017      
803         	1           	8.7         	0.2426      	0.2811      	0.2022      
804         	1           	8.7         	0.2401      	0.2784      	0.1999      
805         	1           	8.75        	0.2412      	0.2795      	0.201       
806         	1           	8.55        	0.2419      	0.2824      	0.1996      
807         	1           	8.45        	0.2372      	0.277       	0.1955      
808         	1           	8.35        	0.2386      	0.2765      	0.1989      
809         	1           	8.5         	0.2415      	0.2816      	0.1995      
810         	1           	8.35        	0.2427      	0.2815      	0.2022      
811         	1           	8.15        	0.2429      	0.2835      	0.2004      
812         	1           	8.3         	0.2418      	0.2785      	0.2034      
813         	1           	8.4         	0.2388      	0.2764      	0.1994      
814         	1           	8.6         	0.2413      	0.2822      	0.1984      
815         	1           	8.6         	0.2437      	0.2866      	0.1988      
816         	1           	8.4         	0.2433      	0.2856      	0.199       
817         	1           	8.45        	0.2395      	0.2774      	0.1999      
818         	1           	8.4         	0.2399      	0.2796      	0.1982      
819         	1           	8.6         	0.2403      	0.2796      	0.1992      
820         	1           	8.3         	0.2389      	0.2786      	0.1973      
821         	1           	8.3         	0.24        	0.2784      	0.1996      
822         	1           	8.6         	0.2403      	0.2809      	0.1975      
823         	1           	8.5         	0.2382      	0.2776      	0.1968      
824         	1           	8.4         	0.2391      	0.2749      	0.2016      
825         	1           	8.5         	0.2415      	0.2765      	0.2048      
826         	1           	8.5         	0.2434      	0.2754      	0.2097      
827         	1           	8.45        	0.2441      	0.2744      	0.2123      
828         	1           	8.35        	0.2424      	0.2712      	0.2122      
829         	1           	8.35        	0.2406      	0.2701      	0.2096      
830         	1           	8.3         	0.2431      	0.2674      	0.2176      
831         	1           	8.35        	0.2398      	0.2634      	0.215       
832         	1           	8.25        	0.2391      	0.2643      	0.2125      
833         	1           	8.15        	0.2408      	0.2661      	0.2143      
834         	1           	8.2         	0.2414      	0.2712      	0.2101      
835         	1           	8.35        	0.2344      	0.2668      	0.2004      
836         	1           	8.3         	0.2363      	0.2693      	0.2017      
837         	1           	8.45        	0.2342      	0.2705      	0.1961      
838         	1           	8.55        	0.2346      	0.267       	0.2005      
839         	1           	8.3         	0.2352      	0.266       	0.2027      
840         	1           	8.55        	0.2354      	0.2674      	0.2017      
841         	1           	8.4         	0.234       	0.265       	0.2014      
842         	1           	8.65        	0.2336      	0.2636      	0.202       
843         	1           	8.5         	0.2307      	0.2599      	0.2         
844         	1           	8.35        	0.2319      	0.2592      	0.2031      
845         	1           	8.4         	0.2327      	0.2572      	0.207       
846         	1           	8.55        	0.2299      	0.2547      	0.2038      
847         	1           	8.65        	0.2298      	0.2538      	0.2047      
848         	1           	8.45        	0.2347      	0.2583      	0.2099      
849         	1           	8.55        	0.234       	0.2634      	0.2031      
850         	1           	8.7         	0.2359      	0.2623      	0.2082      
851         	1           	8.8         	0.2399      	0.264       	0.2145      
852         	1           	8.65        	0.2418      	0.266       	0.2163      
853         	1           	8.7         	0.2442      	0.2675      	0.2197      
854         	1           	8.55        	0.248       	0.2687      	0.2263      
855         	1           	8.35        	0.2465      	0.2682      	0.2237      
856         	1           	8.6         	0.2453      	0.2681      	0.2214      
857         	1           	8.55        	0.2485      	0.2703      	0.2256      
858         	1           	8.6         	0.2468      	0.2682      	0.2243      
859         	1           	8.65        	0.2464      	0.2668      	0.2249      
860         	1           	8.6         	0.2442      	0.2623      	0.2253      
861         	1           	8.65        	0.2421      	0.2606      	0.2227      
862         	1           	8.6         	0.2403      	0.2597      	0.22        
863         	1           	8.45        	0.2436      	0.2641      	0.2221      
864         	1           	8.55        	0.2435      	0.2601      	0.2262      
865         	1           	8.5         	0.243       	0.2607      	0.2245      
866         	1           	8.45        	0.2446      	0.2617      	0.2267      
867         	1           	8.4         	0.2435      	0.2609      	0.2253      
868         	1           	8.35        	0.2416      	0.2555      	0.227       
869         	1           	8.35        	0.2421      	0.2575      	0.226       
870         	1           	8.45        	0.2448      	0.2627      	0.2262      
871         	1           	8.6         	0.245       	0.2615      	0.2277      
872         	1           	8.6         	0.2434      	0.2592      	0.2269      
873         	1           	8.75        	0.2423      	0.2562      	0.2278      
874         	1           	8.7         	0.2407      	0.25        	0.2309      
875         	1           	8.8         	0.2409      	0.2493      	0.2322      
876         	1           	8.7         	0.2415      	0.2516      	0.231       
877         	1           	8.45        	0.2424      	0.253       	0.2313      
878         	1           	8.35        	0.2439      	0.2515      	0.2359      
879         	1           	8.5         	0.2475      	0.2555      	0.2391      
880         	1           	8.3         	0.2465      	0.2544      	0.2382      
881         	1           	8.45        	0.247       	0.2561      	0.2376      
882         	1           	8.25        	0.2441      	0.2545      	0.2334      
883         	1           	8.35        	0.2442      	0.2542      	0.2337      
884         	1           	8.35        	0.2448      	0.2581      	0.231       
885         	1           	8.4         	0.2442      	0.2583      	0.2296      
886         	1           	8.4         	0.2436      	0.26        	0.2266      
887         	1           	8.3         	0.2419      	0.2616      	0.2214      
888         	1           	8.15        	0.2413      	0.2571      	0.2249      
889         	1           	8.2         	0.241       	0.2582      	0.2231      
890         	1           	8.2         	0.2444      	0.2592      	0.229       
891         	1           	8.2         	0.2397      	0.254       	0.2249      
892         	1           	8.45        	0.2379      	0.2549      	0.2202      
893         	1           	8.5         	0.2399      	0.2566      	0.2226      
894         	1           	8.4         	0.2391      	0.2565      	0.221       
895         	1           	8.35        	0.2366      	0.2545      	0.2179      
896         	1           	8.4         	0.2364      	0.2547      	0.2173      
897         	1           	8.5         	0.2398      	0.2574      	0.2213      
898         	1           	8.7         	0.2374      	0.2546      	0.2195      
899         	1           	8.7         	0.2402      	0.2594      	0.2202      
900         	1           	8.6         	0.2421      	0.2628      	0.2205      
901         	1           	8.75        	0.2388      	0.2581      	0.2186      
902         	1           	8.7         	0.2378      	0.2611      	0.2135      
903         	1           	8.45        	0.2387      	0.2587      	0.2178      
904         	1           	8.4         	0.2401      	0.2606      	0.2187      
905         	1           	8.5         	0.2425      	0.2629      	0.2211      
906         	1           	8.65        	0.2413      	0.2609      	0.2207      
907         	1           	8.75        	0.2388      	0.2582      	0.2185      
908         	1           	8.65        	0.2388      	0.2599      	0.2167      
909         	1           	8.7         	0.2376      	0.256       	0.2182      
910         	1           	8.75        	0.2349      	0.2522      	0.2166      
911         	1           	8.8         	0.2331      	0.2522      	0.213       
912         	1           	9           	0.2312      	0.2493      	0.2122      
913         	1           	9           	0.2304      	0.2484      	0.2114      
914         	1           	8.8         	0.2312      	0.2476      	0.2139      
915         	1           	8.75        	0.2296      	0.2481      	0.2102      
916         	1           	8.7         	0.2296      	0.251       	0.2071      
917         	1           	8.65        	0.2322      	0.2543      	0.209       
918         	1           	8.3         	0.2326      	0.2571      	0.2068      
919         	1           	8.4         	0.2303      	0.2534      	0.2061      
920         	1           	8.35        	0.236       	0.2604      	0.2105      
921         	1           	8.5         	0.2392      	0.2638      	0.2133      
922         	1           	8.5         	0.2419      	0.2665      	0.2161      
923         	1           	8.5         	0.2432      	0.2708      	0.2143      
924         	1           	8.45        	0.241       	0.2665      	0.2142      
925         	1           	8.35        	0.2393      	0.2639      	0.2135      
926         	1           	8.25        	0.2394      	0.2634      	0.2142      
927         	1           	8.45        	0.2367      	0.2577      	0.2147      
928         	1           	8.6         	0.2359      	0.2561      	0.2146      
929         	1           	8.45        	0.2348      	0.2511      	0.2176      
930         	1           	8.6         	0.2381      	0.2532      	0.2221      
931         	1           	8.35        	0.2367      	0.2532      	0.2194      
932         	1           	8.45        	0.2379      	0.2534      	0.2215      
933         	1           	8.5         	0.2391      	0.2528      	0.2247      
934         	1           	8.5         	0.2457      	0.2591      	0.2316      
935         	1           	8.5         	0.2448      	0.2587      	0.2302      
936         	1           	8.45        	0.2408      	0.2542      	0.2266      
937         	1           	8.4         	0.2408      	0.2521      	0.2288      
938         	1           	8.4         	0.2424      	0.2565      	0.2276      
939         	1           	8.45        	0.2384      	0.2519      	0.2241      
940         	1           	8.5         	0.2367      	0.2472      	0.2256      
941         	1           	8.6         	0.2406      	0.2488      	0.2321      
942         	1           	8.6         	0.2377      	0.2454      	0.2296      
943         	1           	8.55        	0.2352      	0.2411      	0.2289      
944         	1           	8.45        	0.2359      	0.2419      	0.2297      
945         	1           	8.45        	0.2323      	0.2384      	0.2259      
946         	1           	8.25        	0.2313      	0.2377      	0.2246      
947         	1           	8.2         	0.2308      	0.2361      	0.2252      
948         	1           	8.2         	0.2322      	0.2362      	0.2281      
949         	1           	8.25        	0.228       	0.2318      	0.2241      
950         	1           	8.35        	0.2278      	0.2351      	0.2202      
951         	1           	8.3         	0.2291      	0.235       	0.223       
952         	1           	8.4         	0.2277      	0.2339      	0.2213      
953         	1           	8.45        	0.2275      	0.2341      	0.2205      
954         	1           	8.35        	0.2285      	0.2308      	0.2261      
955         	1           	8.25        	0.2313      	0.2348      	0.2276      
956         	1           	8.55        	0.2296      	0.2335      	0.2255      
957         	1           	8.6         	0.2271      	0.2309      	0.2231      
958         	1           	8.4         	0.2263      	0.2303      	0.222       
959         	1           	8.25        	0.2288      	0.231       	0.2265      
960         	1           	8.25        	0.2265      	0.2309      	0.222       
961         	1           	8.3         	0.2263      	0.2285      	0.2241      
962         	1           	8.25        	0.2256      	0.2304      	0.2205      
963         	1           	8.4         	0.2267      	0.229       	0.2243      
964         	1           	8.5         	0.2239      	0.2238      	0.2239      
965         	1           	8.45        	0.227       	0.2265      	0.2275      
966         	1           	8.4         	0.2307      	0.2315      	0.2298      
967         	1           	8.4         	0.2285      	0.2311      	0.2258      
968         	1           	8.5         	0.2261      	0.2288      	0.2232      
969         	1           	8.6         	0.2246      	0.2249      	0.2244      
970         	1           	8.5         	0.2243      	0.2245      	0.2241      
971         	1           	8.3         	0.2257      	0.2239      	0.2275      
972         	1           	8.2         	0.2233      	0.2207      	0.226       
973         	1           	8.15        	0.2195      	0.2162      	0.2229      
974         	1           	8.2         	0.2192      	0.2132      	0.2255      
975         	1           	8.35        	0.221       	0.2163      	0.2259      
976         	1           	8.35        	0.2229      	0.2181      	0.2278      
977         	1           	8.4         	0.2261      	0.224       	0.2283      
978         	1           	8.45        	0.228       	0.2252      	0.2309      
979         	1           	8.45        	0.2278      	0.2273      	0.2284      
980         	1           	8.5         	0.2251      	0.2243      	0.226       
981         	1           	8.3         	0.2236      	0.2206      	0.2267      
982         	1           	8.35        	0.2232      	0.2184      	0.2282      
983         	1           	8.4         	0.2232      	0.2167      	0.23        
984         	1           	8.35        	0.224       	0.2191      	0.2292      
985         	1           	8.4         	0.226       	0.217       	0.2355      
986         	1           	8.35        	0.2283      	0.2183      	0.2389      
987         	1           	8.35        	0.2252      	0.2158      	0.2352      
988         	1           	8.35        	0.2234      	0.2135      	0.2339      
989         	1           	8.3         	0.226       	0.2141      	0.2385      
990         	1           	8.2         	0.2292      	0.2189      	0.2401      
991         	1           	8.25        	0.2288      	0.2175      	0.2407      
992         	1           	8.25        	0.2293      	0.22        	0.2392      
993         	1           	8.25        	0.2299      	0.2188      	0.2417      
994         	1           	8.2         	0.2263      	0.2195      	0.2336      
995         	1           	8.05        	0.2233      	0.2174      	0.2295      
996         	1           	8.1         	0.2186      	0.2132      	0.2244      
997         	1           	8.3         	0.2212      	0.2158      	0.2269      
998         	1           	8.2         	0.22        	0.2164      	0.2238      
999         	1           	8.35        	0.2221      	0.2179      	0.2265      
1000        	1           	8           	0.2261      	0.2251      	0.2271      
