replicate   	generation  	n.adlt.nbAll	n.adlt.fst  	n.adlt.fst_l1	n.adlt.fst_l2
1           	1           	5.5         	0.5055      	1           	2.415e-05   
1           	2           	10          	0.4536      	0.8969      	0.0004997   
1           	3           	10          	0.4048      	0.8002      	0.0009227   
1           	4           	10          	0.3641      	0.7202      	0.0007035   
1           	5           	10          	0.33        	0.6523      	0.001037    
1           	6           	10          	0.2906      	0.5742      	0.001074    
1           	7           	10          	0.2582      	0.5101      	0.0009812   
1           	8           	10          	0.2295      	0.4526      	0.001949    
1           	9           	10          	0.204       	0.4016      	0.002301    
1           	10          	10          	0.1766      	0.3465      	0.002794    
1           	11          	10          	0.1561      	0.3062      	0.00263     
1           	12          	10          	0.1412      	0.2761      	0.003244    
1           	13          	10          	0.1294      	0.2528      	0.003083    
1           	14          	10          	0.1146      	0.2235      	0.003218    
1           	15          	10          	0.1016      	0.1976      	0.003521    
1           	16          	10          	0.08963     	0.1743      	0.003105    
1           	17          	10          	0.08131     	0.1575      	0.00351     
1           	18          	10          	0.07327     	0.1418      	0.003325    
1           	19          	10          	0.06488     	0.1251      	0.003353    
1           	20          	10          	0.05967     	0.1149      	0.003327    
1           	21          	10          	0.0564      	0.108       	0.003691    
1           	22          	10          	0.04995     	0.09503     	0.003908    
1           	23          	10          	0.04722     	0.0899      	0.003647    
1           	24          	10          	0.0434      	0.08205     	0.003965    
1           	25          	10          	0.03738     	0.07048     	0.00363     
1           	26          	10          	0.03249     	0.06119     	0.003246    
1           	27          	10          	0.02954     	0.05519     	0.003401    
1           	28          	10          	0.02714     	0.0501      	0.003714    
1           	29          	10          	0.02523     	0.04561     	0.004428    
1           	30          	10          	0.02318     	0.04137     	0.004617    
1           	31          	10          	0.02201     	0.03944     	0.004232    
1           	32          	10          	0.01963     	0.03438     	0.004589    
1           	33          	10          	0.01788     	0.03089     	0.004615    
1           	34          	10          	0.01585     	0.02701     	0.004494    
1           	35          	10          	0.01438     	0.02403     	0.004557    
1           	36          	10          	0.01369     	0.02286     	0.004353    
1           	37          	10          	0.01215     	0.01995     	0.004193    
1           	38          	10          	0.01197     	0.01877     	0.005037    
1           	39          	10          	0.01135     	0.01716     	0.005425    
1           	40          	10          	0.01077     	0.01624     	0.005198    
1           	41          	10          	0.009455    	0.01317     	0.00567     
1           	42          	10          	0.008567    	0.01216     	0.004902    
1           	43          	10          	0.007656    	0.01057     	0.004683    
1           	44          	10          	0.007341    	0.009511    	0.005126    
1           	45          	10          	0.006198    	0.007398    	0.004975    
1           	46          	10          	0.006239    	0.0075      	0.004953    
1           	47          	10          	0.005752    	0.007001    	0.004479    
1           	48          	10          	0.005851    	0.007069    	0.00461     
1           	49          	10          	0.006012    	0.007237    	0.004761    
1           	50          	10          	0.005873    	0.007061    	0.004664    
1           	51          	10          	0.005429    	0.006266    	0.004576    
1           	52          	10          	0.005177    	0.005575    	0.004772    
1           	53          	10          	0.005137    	0.005678    	0.004585    
1           	54          	10          	0.005215    	0.005769    	0.004651    
1           	55          	10          	0.004467    	0.004675    	0.004255    
1           	56          	10          	0.004258    	0.004245    	0.004271    
1           	57          	10          	0.004181    	0.004364    	0.003995    
1           	58          	10          	0.004061    	0.004378    	0.003738    
1           	59          	10          	0.00405     	0.004712    	0.003374    
1           	60          	10          	0.003798    	0.004382    	0.003201    
1           	61          	10          	0.003689    	0.00403     	0.003341    
1           	62          	10          	0.003568    	0.003805    	0.003325    
1           	63          	10          	0.003718    	0.003688    	0.003748    
1           	64          	10          	0.003702    	0.003541    	0.003867    
1           	65          	10          	0.003658    	0.004136    	0.00317     
1           	66          	10          	0.003545    	0.00363     	0.003459    
1           	67          	10          	0.003493    	0.003741    	0.003242    
1           	68          	10          	0.003399    	0.003645    	0.003148    
1           	69          	10          	0.003531    	0.004233    	0.002817    
1           	70          	10          	0.003307    	0.004124    	0.002474    
1           	71          	10          	0.003398    	0.0043      	0.002477    
1           	72          	10          	0.003485    	0.0046      	0.002347    
1           	73          	10          	0.003309    	0.00436     	0.002237    
1           	74          	10          	0.003259    	0.004061    	0.00244     
1           	75          	10          	0.003199    	0.004031    	0.002351    
1           	76          	10          	0.003278    	0.003881    	0.002665    
1           	77          	10          	0.003506    	0.004103    	0.002898    
1           	78          	10          	0.003243    	0.003807    	0.002668    
1           	79          	10          	0.003354    	0.003863    	0.002836    
1           	80          	10          	0.003335    	0.003271    	0.0034      
1           	81          	10          	0.003478    	0.0035      	0.003456    
1           	82          	10          	0.003772    	0.004104    	0.003434    
1           	83          	10          	0.003614    	0.003753    	0.003473    
1           	84          	10          	0.003551    	0.003524    	0.00358     
1           	85          	10          	0.003428    	0.003404    	0.003453    
1           	86          	10          	0.003267    	0.003305    	0.003228    
1           	87          	10          	0.003471    	0.003358    	0.003586    
1           	88          	10          	0.003433    	0.003162    	0.003709    
1           	89          	10          	0.00344     	0.003198    	0.003686    
1           	90          	10          	0.003662    	0.003214    	0.004119    
1           	91          	10          	0.003794    	0.003604    	0.003987    
1           	92          	10          	0.003992    	0.003943    	0.004042    
1           	93          	10          	0.004212    	0.004268    	0.004154    
1           	94          	10          	0.004263    	0.004642    	0.003876    
1           	95          	10          	0.004431    	0.00472     	0.004136    
1           	96          	10          	0.004623    	0.004812    	0.00443     
1           	97          	10          	0.004456    	0.004749    	0.004156    
1           	98          	10          	0.004609    	0.004146    	0.005083    
1           	99          	10          	0.00446     	0.004341    	0.004582    
1           	100         	10          	0.004156    	0.004179    	0.004132    
1           	101         	10          	0.004096    	0.003943    	0.004253    
1           	102         	10          	0.003821    	0.003646    	0.004       
1           	103         	10          	0.003524    	0.003066    	0.003992    
1           	104         	10          	0.003805    	0.003269    	0.004355    
1           	105         	10          	0.0036      	0.002691    	0.004532    
1           	106         	10          	0.003458    	0.002688    	0.004248    
1           	107         	10          	0.00377     	0.002756    	0.004809    
1           	108         	10          	0.003772    	0.003286    	0.004271    
1           	109         	10          	0.003862    	0.003465    	0.004269    
1           	110         	10          	0.003717    	0.003325    	0.004119    
1           	111         	10          	0.003794    	0.00371     	0.003881    
1           	112         	10          	0.003834    	0.003927    	0.003739    
1           	113         	10          	0.003426    	0.003459    	0.003392    
1           	114         	10          	0.003388    	0.003176    	0.003607    
1           	115         	10          	0.003441    	0.003349    	0.003535    
1           	116         	10          	0.003243    	0.003154    	0.003334    
1           	117         	10          	0.003434    	0.003423    	0.003447    
1           	118         	10          	0.003562    	0.003521    	0.003604    
1           	119         	10          	0.003814    	0.00357     	0.004064    
1           	120         	10          	0.003758    	0.003683    	0.003835    
1           	121         	10          	0.003391    	0.003321    	0.003463    
1           	122         	10          	0.003346    	0.003037    	0.003665    
1           	123         	10          	0.003484    	0.00322     	0.003755    
1           	124         	10          	0.003844    	0.003775    	0.003916    
1           	125         	10          	0.004142    	0.004233    	0.004048    
1           	126         	10          	0.003804    	0.004227    	0.003366    
1           	127         	10          	0.003715    	0.00444     	0.002965    
1           	128         	10          	0.003654    	0.004347    	0.002934    
1           	129         	10          	0.004088    	0.004555    	0.003604    
1           	130         	10          	0.004177    	0.004785    	0.003547    
1           	131         	10          	0.003792    	0.004476    	0.003084    
1           	132         	10          	0.004058    	0.004571    	0.003526    
1           	133         	10          	0.004291    	0.004816    	0.003748    
1           	134         	10          	0.004354    	0.004704    	0.003992    
1           	135         	10          	0.004173    	0.004828    	0.003496    
1           	136         	10          	0.004297    	0.004883    	0.003689    
1           	137         	10          	0.003917    	0.004539    	0.003273    
1           	138         	10          	0.003749    	0.004383    	0.003092    
1           	139         	10          	0.003735    	0.004522    	0.002919    
1           	140         	10          	0.003496    	0.004073    	0.002899    
1           	141         	10          	0.003909    	0.004402    	0.003399    
1           	142         	10          	0.003798    	0.004504    	0.003068    
1           	143         	10          	0.004149    	0.004828    	0.003448    
1           	144         	10          	0.004318    	0.005152    	0.003459    
1           	145         	10          	0.004706    	0.005492    	0.003894    
1           	146         	10          	0.004649    	0.005161    	0.00412     
1           	147         	10          	0.004504    	0.004715    	0.004286    
1           	148         	10          	0.004494    	0.004708    	0.004274    
1           	149         	10          	0.004507    	0.004816    	0.004188    
1           	150         	10          	0.004324    	0.004323    	0.004325    
1           	151         	10          	0.004601    	0.003808    	0.005419    
1           	152         	10          	0.004756    	0.003745    	0.005797    
1           	153         	10          	0.004992    	0.003874    	0.006144    
1           	154         	10          	0.004774    	0.003905    	0.005669    
1           	155         	10          	0.004611    	0.003685    	0.005565    
1           	156         	10          	0.004378    	0.00375     	0.005024    
1           	157         	10          	0.004329    	0.003912    	0.004757    
1           	158         	10          	0.003962    	0.003337    	0.004605    
1           	159         	10          	0.003975    	0.003145    	0.004826    
1           	160         	10          	0.003708    	0.003113    	0.00432     
1           	161         	10          	0.004026    	0.003226    	0.004847    
1           	162         	10          	0.004123    	0.003466    	0.004796    
1           	163         	10          	0.003811    	0.003038    	0.004602    
1           	164         	10          	0.004113    	0.003693    	0.004542    
1           	165         	10          	0.004395    	0.004187    	0.004609    
1           	166         	10          	0.004268    	0.004196    	0.004342    
1           	167         	10          	0.004232    	0.004177    	0.004288    
1           	168         	10          	0.003945    	0.003817    	0.004076    
1           	169         	10          	0.003595    	0.003472    	0.003722    
1           	170         	10          	0.003893    	0.004069    	0.003714    
1           	171         	10          	0.003916    	0.004338    	0.003485    
1           	172         	10          	0.004067    	0.004648    	0.003472    
1           	173         	10          	0.004267    	0.004509    	0.00402     
1           	174         	10          	0.003914    	0.004349    	0.00347     
1           	175         	10          	0.003865    	0.004362    	0.003356    
1           	176         	10          	0.004207    	0.00478     	0.003622    
1           	177         	10          	0.003915    	0.004465    	0.003352    
1           	178         	10          	0.004371    	0.005214    	0.003507    
1           	179         	10          	0.004704    	0.005689    	0.003694    
1           	180         	10          	0.005016    	0.006024    	0.003984    
1           	181         	10          	0.005043    	0.006193    	0.003863    
1           	182         	10          	0.005074    	0.006064    	0.004059    
1           	183         	10          	0.004629    	0.005416    	0.00382     
1           	184         	10          	0.004262    	0.004953    	0.003553    
1           	185         	10          	0.004481    	0.005237    	0.003704    
1           	186         	10          	0.00407     	0.004831    	0.003289    
1           	187         	10          	0.0043      	0.005566    	0.002997    
1           	188         	10          	0.004536    	0.005774    	0.003264    
1           	189         	10          	0.004196    	0.005283    	0.003079    
1           	190         	10          	0.004223    	0.005338    	0.003079    
1           	191         	10          	0.003811    	0.004557    	0.003045    
1           	192         	10          	0.003818    	0.004284    	0.003338    
1           	193         	10          	0.003823    	0.004115    	0.003524    
1           	194         	10          	0.003603    	0.003974    	0.003222    
1           	195         	10          	0.003498    	0.003647    	0.003346    
1           	196         	10          	0.003497    	0.003622    	0.00337     
1           	197         	10          	0.003394    	0.003635    	0.003149    
1           	198         	10          	0.003639    	0.004165    	0.0031      
1           	199         	10          	0.003562    	0.003923    	0.003193    
1           	200         	10          	0.0037      	0.004558    	0.002823    
1           	201         	10          	0.003723    	0.004553    	0.002875    
1           	202         	10          	0.003404    	0.004213    	0.002576    
1           	203         	10          	0.003371    	0.003852    	0.002877    
1           	204         	10          	0.003407    	0.004186    	0.002608    
1           	205         	10          	0.003264    	0.004267    	0.002235    
1           	206         	10          	0.003965    	0.005086    	0.002814    
1           	207         	10          	0.004224    	0.005486    	0.002928    
1           	208         	10          	0.004312    	0.005176    	0.003423    
1           	209         	10          	0.004451    	0.004797    	0.004095    
1           	210         	10          	0.004628    	0.004715    	0.00454     
1           	211         	10          	0.004438    	0.00479     	0.004076    
1           	212         	10          	0.004316    	0.004577    	0.004048    
1           	213         	10          	0.004121    	0.004093    	0.00415     
1           	214         	10          	0.004006    	0.0039      	0.004114    
1           	215         	10          	0.003693    	0.003611    	0.003777    
1           	216         	10          	0.003648    	0.00384     	0.00345     
1           	217         	10          	0.003575    	0.003842    	0.003302    
1           	218         	10          	0.003966    	0.00429     	0.003634    
1           	219         	10          	0.004117    	0.003916    	0.004324    
1           	220         	10          	0.004083    	0.004071    	0.004094    
1           	221         	10          	0.004336    	0.005137    	0.003515    
1           	222         	10          	0.004594    	0.005244    	0.003928    
1           	223         	10          	0.004419    	0.005311    	0.003504    
1           	224         	10          	0.004403    	0.005585    	0.00319     
1           	225         	10          	0.004358    	0.005372    	0.003315    
1           	226         	10          	0.00443     	0.005598    	0.003228    
1           	227         	10          	0.004697    	0.006302    	0.003045    
1           	228         	10          	0.004657    	0.005986    	0.003286    
1           	229         	10          	0.004352    	0.005802    	0.002855    
1           	230         	10          	0.003933    	0.005291    	0.002529    
1           	231         	10          	0.003796    	0.004925    	0.002628    
1           	232         	10          	0.003853    	0.004689    	0.00299     
1           	233         	10          	0.003551    	0.004357    	0.002717    
1           	234         	10          	0.003519    	0.003913    	0.003111    
1           	235         	10          	0.004041    	0.004188    	0.00389     
1           	236         	10          	0.00429     	0.004048    	0.00454     
1           	237         	10          	0.004048    	0.00355     	0.004563    
1           	238         	10          	0.003453    	0.003535    	0.003367    
1           	239         	10          	0.00368     	0.003699    	0.003661    
1           	240         	10          	0.003468    	0.003514    	0.00342     
1           	241         	10          	0.00358     	0.003779    	0.003374    
1           	242         	10          	0.003549    	0.003211    	0.003897    
1           	243         	10          	0.003765    	0.003475    	0.004064    
1           	244         	10          	0.003989    	0.003558    	0.004433    
1           	245         	10          	0.003899    	0.003405    	0.004409    
1           	246         	10          	0.004028    	0.003805    	0.004258    
1           	247         	10          	0.003861    	0.003869    	0.003853    
1           	248         	10          	0.003473    	0.003665    	0.003276    
1           	249         	10          	0.003905    	0.004249    	0.00355     
1           	250         	10          	0.004349    	0.004623    	0.004067    
1           	251         	10          	0.004259    	0.004884    	0.003616    
1           	252         	10          	0.00379     	0.004093    	0.003479    
1           	253         	10          	0.003802    	0.003907    	0.003693    
1           	254         	10          	0.003765    	0.003965    	0.003558    
1           	255         	10          	0.003913    	0.003951    	0.003874    
1           	256         	10          	0.003904    	0.003937    	0.003869    
1           	257         	10          	0.004239    	0.004118    	0.004363    
1           	258         	10          	0.004301    	0.004024    	0.004587    
1           	259         	10          	0.004336    	0.004087    	0.004592    
1           	260         	10          	0.004328    	0.003879    	0.004791    
1           	261         	10          	0.004215    	0.003777    	0.004667    
1           	262         	10          	0.004684    	0.004276    	0.005105    
1           	263         	10          	0.004748    	0.00426     	0.005252    
1           	264         	10          	0.004658    	0.004366    	0.004959    
1           	265         	10          	0.004396    	0.003955    	0.004851    
1           	266         	10          	0.004441    	0.003634    	0.005274    
1           	267         	10          	0.004132    	0.003662    	0.004619    
1           	268         	10          	0.003943    	0.003326    	0.004583    
1           	269         	10          	0.003833    	0.003672    	0.004001    
1           	270         	10          	0.003787    	0.003499    	0.004085    
1           	271         	10          	0.003893    	0.003191    	0.00462     
1           	272         	10          	0.003974    	0.003752    	0.004204    
1           	273         	10          	0.004002    	0.003568    	0.00445     
1           	274         	10          	0.003944    	0.003453    	0.004451    
1           	275         	10          	0.00432     	0.00364     	0.00502     
1           	276         	10          	0.004634    	0.004185    	0.005097    
1           	277         	10          	0.004865    	0.004233    	0.005516    
1           	278         	10          	0.004401    	0.00387     	0.004947    
1           	279         	10          	0.004355    	0.003649    	0.005081    
1           	280         	10          	0.00461     	0.004267    	0.004962    
1           	281         	10          	0.004238    	0.003266    	0.00524     
1           	282         	10          	0.004003    	0.003581    	0.004439    
1           	283         	10          	0.004196    	0.004179    	0.004213    
1           	284         	10          	0.004162    	0.004446    	0.003868    
1           	285         	10          	0.004534    	0.004523    	0.004545    
1           	286         	10          	0.004344    	0.00421     	0.004482    
1           	287         	10          	0.004042    	0.003889    	0.0042      
1           	288         	10          	0.003745    	0.003563    	0.003934    
1           	289         	10          	0.003805    	0.003258    	0.004372    
1           	290         	10          	0.003746    	0.003432    	0.004071    
1           	291         	10          	0.003777    	0.003608    	0.003952    
1           	292         	10          	0.003971    	0.003757    	0.004194    
1           	293         	10          	0.003649    	0.003494    	0.003811    
1           	294         	10          	0.003865    	0.003488    	0.004257    
1           	295         	10          	0.003767    	0.0034      	0.004147    
1           	296         	10          	0.003719    	0.00333     	0.004123    
1           	297         	10          	0.003523    	0.002495    	0.004587    
1           	298         	10          	0.00339     	0.00254     	0.00427     
1           	299         	10          	0.003165    	0.002749    	0.003594    
1           	300         	10          	0.002889    	0.002405    	0.00339     
1           	301         	10          	0.002425    	0.002057    	0.002805    
1           	302         	10          	0.002804    	0.002513    	0.003105    
1           	303         	10          	0.002915    	0.002403    	0.003444    
1           	304         	10          	0.002838    	0.0025      	0.003188    
1           	305         	10          	0.002672    	0.002512    	0.002836    
1           	306         	10          	0.002653    	0.002466    	0.002846    
1           	307         	10          	0.002721    	0.002633    	0.002811    
1           	308         	10          	0.002925    	0.002662    	0.003196    
1           	309         	10          	0.003013    	0.002893    	0.003137    
1           	310         	10          	0.003325    	0.003265    	0.003386    
1           	311         	10          	0.003056    	0.00323     	0.002876    
1           	312         	10          	0.003037    	0.003565    	0.002493    
1           	313         	10          	0.003134    	0.00361     	0.002644    
1           	314         	10          	0.002896    	0.003261    	0.002521    
1           	315         	10          	0.003004    	0.003473    	0.002521    
1           	316         	10          	0.003413    	0.004087    	0.002719    
1           	317         	10          	0.003413    	0.004177    	0.002629    
1           	318         	10          	0.003373    	0.003991    	0.002735    
1           	319         	10          	0.003332    	0.003973    	0.002673    
1           	320         	10          	0.003159    	0.003853    	0.002446    
1           	321         	10          	0.003006    	0.003766    	0.002226    
1           	322         	10          	0.003199    	0.004104    	0.002268    
1           	323         	10          	0.002826    	0.003786    	0.001839    
1           	324         	10          	0.003212    	0.003991    	0.002411    
1           	325         	10          	0.003472    	0.004397    	0.002521    
1           	326         	10          	0.003564    	0.004318    	0.002789    
1           	327         	10          	0.00352     	0.003853    	0.003178    
1           	328         	10          	0.003354    	0.003415    	0.003292    
1           	329         	10          	0.003361    	0.003243    	0.003482    
1           	330         	10          	0.00342     	0.002992    	0.003859    
1           	331         	10          	0.003142    	0.003124    	0.00316     
1           	332         	10          	0.003332    	0.003115    	0.003554    
1           	333         	10          	0.003601    	0.003149    	0.004065    
1           	334         	10          	0.003376    	0.002643    	0.004128    
1           	335         	10          	0.003129    	0.002426    	0.003849    
1           	336         	10          	0.003194    	0.0026      	0.003804    
1           	337         	10          	0.003318    	0.002618    	0.004035    
1           	338         	10          	0.003366    	0.002864    	0.003881    
1           	339         	10          	0.003212    	0.002796    	0.00364     
1           	340         	10          	0.003462    	0.002591    	0.004356    
1           	341         	10          	0.003842    	0.003117    	0.004586    
1           	342         	10          	0.003498    	0.002865    	0.004147    
1           	343         	10          	0.00349     	0.002853    	0.004141    
1           	344         	10          	0.003439    	0.002614    	0.004283    
1           	345         	10          	0.003945    	0.003237    	0.004672    
1           	346         	10          	0.003875    	0.003288    	0.004477    
1           	347         	10          	0.003743    	0.003615    	0.003874    
1           	348         	10          	0.00348     	0.003349    	0.003613    
1           	349         	10          	0.003391    	0.003166    	0.003621    
1           	350         	10          	0.003529    	0.003566    	0.003492    
1           	351         	10          	0.003543    	0.003285    	0.003807    
1           	352         	10          	0.003704    	0.00355     	0.003861    
1           	353         	10          	0.003311    	0.003081    	0.003546    
1           	354         	10          	0.003074    	0.002731    	0.003424    
1           	355         	10          	0.003436    	0.002979    	0.003904    
1           	356         	10          	0.00315     	0.002716    	0.003595    
1           	357         	10          	0.002984    	0.002699    	0.003276    
1           	358         	10          	0.003031    	0.002707    	0.003361    
1           	359         	10          	0.002916    	0.002695    	0.003143    
1           	360         	10          	0.003102    	0.002807    	0.003404    
1           	361         	10          	0.002764    	0.002306    	0.003233    
1           	362         	10          	0.002705    	0.002339    	0.00308     
1           	363         	10          	0.002695    	0.002652    	0.00274     
1           	364         	10          	0.002462    	0.002477    	0.002446    
1           	365         	10          	0.002709    	0.002751    	0.002667    
1           	366         	10          	0.003205    	0.00331     	0.003098    
1           	367         	10          	0.003419    	0.003326    	0.003514    
1           	368         	10          	0.003869    	0.003482    	0.004264    
1           	369         	10          	0.00373     	0.003482    	0.003983    
1           	370         	10          	0.003717    	0.003487    	0.003953    
1           	371         	10          	0.003928    	0.003604    	0.004259    
1           	372         	10          	0.003644    	0.00342     	0.003872    
1           	373         	10          	0.003731    	0.003496    	0.00397     
1           	374         	10          	0.003427    	0.003584    	0.003268    
1           	375         	10          	0.003235    	0.003806    	0.002652    
1           	376         	10          	0.003692    	0.004929    	0.002429    
1           	377         	10          	0.004011    	0.005303    	0.002691    
1           	378         	10          	0.004297    	0.005161    	0.003414    
1           	379         	10          	0.003858    	0.004265    	0.003441    
1           	380         	10          	0.003558    	0.004096    	0.003009    
1           	381         	10          	0.003715    	0.004428    	0.002985    
1           	382         	10          	0.003715    	0.004275    	0.003143    
1           	383         	10          	0.00381     	0.004639    	0.002962    
1           	384         	10          	0.003786    	0.004126    	0.003439    
1           	385         	10          	0.003714    	0.004104    	0.003315    
1           	386         	10          	0.003656    	0.004317    	0.00298     
1           	387         	10          	0.003334    	0.004006    	0.002648    
1           	388         	10          	0.003409    	0.003607    	0.003206    
1           	389         	10          	0.003495    	0.004109    	0.002866    
1           	390         	10          	0.00365     	0.003958    	0.003334    
1           	391         	10          	0.003744    	0.003767    	0.00372     
1           	392         	10          	0.004258    	0.00437     	0.004142    
1           	393         	10          	0.00434     	0.004473    	0.004204    
1           	394         	10          	0.00435     	0.004679    	0.004012    
1           	395         	10          	0.004205    	0.004289    	0.004118    
1           	396         	10          	0.004224    	0.004054    	0.004399    
1           	397         	10          	0.004252    	0.004107    	0.0044      
1           	398         	10          	0.003973    	0.003596    	0.00436     
1           	399         	10          	0.004189    	0.003996    	0.004387    
1           	400         	10          	0.003906    	0.003715    	0.004103    
1           	401         	10          	0.004263    	0.004371    	0.004153    
1           	402         	10          	0.004304    	0.003993    	0.004623    
1           	403         	10          	0.004558    	0.003904    	0.005227    
1           	404         	10          	0.004109    	0.003412    	0.004823    
1           	405         	10          	0.004573    	0.003865    	0.005299    
1           	406         	10          	0.00417     	0.003407    	0.004953    
1           	407         	10          	0.003922    	0.00296     	0.004911    
1           	408         	10          	0.004152    	0.003356    	0.004969    
1           	409         	10          	0.004388    	0.0035      	0.005301    
1           	410         	10          	0.004216    	0.003389    	0.005066    
1           	411         	10          	0.00437     	0.003368    	0.005397    
1           	412         	10          	0.004649    	0.003848    	0.005471    
1           	413         	10          	0.00446     	0.004118    	0.004811    
1           	414         	10          	0.003873    	0.003461    	0.004296    
1           	415         	10          	0.003628    	0.002854    	0.00442     
1           	416         	10          	0.003762    	0.002968    	0.004574    
1           	417         	10          	0.003799    	0.003508    	0.004096    
1           	418         	10          	0.004044    	0.003807    	0.004286    
1           	419         	10          	0.00387     	0.0035      	0.004249    
1           	420         	10          	0.00392     	0.003117    	0.004741    
1           	421         	10          	0.003893    	0.00311     	0.004692    
1           	422         	10          	0.004603    	0.003847    	0.005374    
1           	423         	10          	0.004669    	0.003634    	0.005723    
1           	424         	10          	0.004802    	0.003683    	0.005942    
1           	425         	10          	0.004694    	0.003793    	0.005612    
1           	426         	10          	0.004375    	0.003507    	0.00526     
1           	427         	10          	0.004044    	0.003575    	0.004521    
1           	428         	10          	0.004216    	0.003393    	0.005054    
1           	429         	10          	0.004224    	0.003489    	0.004972    
1           	430         	10          	0.003776    	0.003006    	0.004558    
1           	431         	10          	0.004348    	0.003286    	0.005428    
1           	432         	10          	0.003788    	0.00316     	0.004428    
1           	433         	10          	0.003576    	0.003466    	0.003687    
1           	434         	10          	0.003544    	0.003419    	0.003672    
1           	435         	10          	0.003304    	0.003616    	0.002986    
1           	436         	10          	0.003183    	0.003376    	0.002986    
1           	437         	10          	0.003485    	0.002952    	0.004028    
1           	438         	10          	0.003362    	0.002673    	0.004064    
1           	439         	10          	0.003252    	0.002461    	0.004057    
1           	440         	10          	0.00317     	0.002376    	0.003977    
1           	441         	10          	0.003257    	0.00221     	0.004322    
1           	442         	10          	0.003026    	0.00217     	0.003897    
1           	443         	10          	0.00336     	0.002499    	0.004232    
1           	444         	10          	0.003396    	0.002417    	0.004388    
1           	445         	10          	0.00305     	0.002311    	0.003798    
1           	446         	10          	0.00306     	0.002612    	0.003514    
1           	447         	10          	0.002991    	0.002794    	0.003192    
1           	448         	10          	0.002688    	0.002718    	0.002658    
1           	449         	10          	0.002828    	0.002765    	0.002892    
1           	450         	10          	0.002826    	0.002599    	0.003057    
1           	451         	10          	0.003381    	0.003447    	0.003313    
1           	452         	10          	0.003404    	0.00346     	0.003347    
1           	453         	10          	0.003095    	0.003219    	0.00297     
1           	454         	10          	0.003603    	0.004172    	0.003024    
1           	455         	10          	0.003722    	0.004437    	0.002994    
1           	456         	10          	0.003704    	0.004421    	0.002973    
1           	457         	10          	0.00356     	0.004211    	0.002897    
1           	458         	10          	0.003558    	0.004041    	0.003064    
1           	459         	10          	0.003293    	0.003618    	0.002962    
1           	460         	10          	0.00378     	0.004063    	0.003491    
1           	461         	10          	0.003855    	0.004369    	0.003331    
1           	462         	10          	0.003418    	0.003474    	0.00336     
1           	463         	10          	0.003416    	0.00342     	0.003412    
1           	464         	10          	0.003434    	0.003329    	0.00354     
1           	465         	10          	0.003486    	0.003524    	0.003448    
1           	466         	10          	0.003525    	0.003949    	0.003095    
1           	467         	10          	0.0037      	0.003944    	0.003453    
1           	468         	10          	0.003873    	0.004295    	0.003445    
1           	469         	10          	0.00365     	0.004079    	0.003215    
1           	470         	10          	0.003531    	0.003948    	0.003108    
1           	471         	10          	0.003699    	0.004225    	0.003166    
1           	472         	10          	0.003494    	0.003952    	0.003029    
1           	473         	10          	0.003273    	0.003865    	0.002672    
1           	474         	10          	0.003388    	0.003941    	0.002827    
1           	475         	10          	0.003845    	0.004494    	0.003186    
1           	476         	10          	0.003796    	0.004526    	0.003054    
1           	477         	10          	0.003264    	0.003689    	0.002833    
1           	478         	10          	0.003135    	0.003554    	0.00271     
1           	479         	10          	0.003167    	0.003751    	0.002574    
1           	480         	10          	0.003183    	0.00416     	0.002193    
1           	481         	10          	0.003295    	0.003983    	0.002598    
1           	482         	10          	0.003348    	0.003843    	0.002846    
1           	483         	10          	0.003255    	0.003714    	0.002789    
1           	484         	10          	0.003412    	0.003681    	0.00314     
1           	485         	10          	0.003413    	0.003715    	0.003106    
1           	486         	10          	0.003537    	0.003736    	0.003334    
1           	487         	10          	0.00359     	0.003819    	0.003357    
1           	488         	10          	0.003376    	0.003645    	0.003102    
1           	489         	10          	0.003351    	0.003453    	0.003247    
1           	490         	10          	0.003172    	0.003524    	0.002814    
1           	491         	10          	0.003274    	0.003848    	0.002692    
1           	492         	10          	0.00287     	0.003459    	0.002273    
1           	493         	10          	0.002705    	0.003201    	0.002201    
1           	494         	10          	0.002695    	0.003162    	0.00222     
1           	495         	10          	0.002686    	0.003223    	0.00214     
1           	496         	10          	0.002805    	0.003296    	0.002305    
1           	497         	10          	0.002679    	0.003135    	0.002216    
1           	498         	10          	0.002644    	0.00312     	0.00216     
1           	499         	10          	0.002486    	0.003074    	0.001888    
1           	500         	10          	0.002574    	0.00339     	0.001743    
1           	501         	10          	0.002921    	0.004177    	0.00164     
1           	502         	10          	0.003297    	0.004408    	0.002163    
1           	503         	10          	0.002997    	0.003892    	0.002083    
1           	504         	10          	0.002594    	0.003188    	0.001989    
1           	505         	10          	0.002638    	0.003041    	0.002228    
1           	506         	10          	0.002628    	0.002943    	0.002307    
1           	507         	10          	0.002965    	0.003186    	0.00274     
1           	508         	10          	0.002962    	0.003041    	0.002883    
1           	509         	10          	0.002886    	0.003103    	0.002663    
1           	510         	10          	0.003001    	0.003166    	0.002833    
1           	511         	10          	0.002874    	0.002744    	0.003006    
1           	512         	10          	0.003175    	0.003162    	0.003188    
1           	513         	10          	0.003073    	0.003259    	0.002884    
1           	514         	10          	0.003086    	0.003508    	0.002656    
1           	515         	10          	0.003083    	0.003365    	0.002795    
1           	516         	10          	0.003317    	0.003462    	0.003168    
1           	517         	10          	0.003128    	0.003132    	0.003123    
1           	518         	10          	0.003545    	0.003563    	0.003527    
1           	519         	10          	0.00379     	0.003977    	0.003601    
1           	520         	10          	0.003612    	0.003914    	0.003304    
1           	521         	10          	0.003327    	0.003566    	0.003085    
1           	522         	10          	0.003266    	0.003485    	0.003044    
1           	523         	10          	0.003532    	0.003869    	0.003191    
1           	524         	10          	0.003505    	0.003536    	0.003474    
1           	525         	10          	0.003769    	0.004169    	0.003363    
1           	526         	10          	0.003842    	0.004241    	0.003438    
1           	527         	10          	0.003721    	0.003975    	0.003464    
1           	528         	10          	0.003718    	0.003719    	0.003718    
1           	529         	10          	0.003422    	0.003158    	0.003691    
1           	530         	10          	0.00376     	0.003437    	0.004088    
1           	531         	10          	0.003572    	0.003199    	0.003951    
1           	532         	10          	0.003804    	0.003471    	0.004142    
1           	533         	10          	0.003949    	0.003961    	0.003937    
1           	534         	10          	0.004049    	0.00412     	0.003976    
1           	535         	10          	0.004043    	0.003968    	0.004119    
1           	536         	10          	0.003834    	0.003389    	0.004289    
1           	537         	10          	0.003934    	0.003021    	0.004865    
1           	538         	10          	0.003816    	0.002964    	0.004684    
1           	539         	10          	0.00363     	0.00253     	0.004752    
1           	540         	10          	0.003626    	0.002228    	0.00505     
1           	541         	10          	0.003086    	0.001945    	0.004248    
1           	542         	10          	0.003024    	0.001859    	0.004211    
1           	543         	10          	0.002783    	0.001607    	0.003981    
1           	544         	10          	0.003065    	0.001835    	0.004322    
1           	545         	10          	0.003454    	0.001938    	0.005005    
1           	546         	10          	0.003703    	0.002252    	0.005189    
1           	547         	10          	0.004006    	0.00285     	0.00519     
1           	548         	10          	0.003686    	0.002791    	0.004604    
1           	549         	10          	0.003663    	0.002492    	0.004864    
1           	550         	10          	0.003692    	0.003092    	0.004308    
1           	551         	10          	0.003479    	0.00278     	0.004197    
1           	552         	10          	0.003501    	0.002914    	0.004104    
1           	553         	10          	0.003501    	0.003057    	0.003957    
1           	554         	10          	0.003485    	0.002708    	0.004281    
1           	555         	10          	0.003416    	0.002885    	0.003961    
1           	556         	10          	0.003375    	0.002567    	0.004203    
1           	557         	10          	0.00332     	0.002801    	0.003851    
1           	558         	10          	0.003241    	0.002667    	0.003829    
1           	559         	10          	0.003103    	0.003084    	0.003123    
1           	560         	10          	0.003217    	0.003128    	0.003309    
1           	561         	10          	0.003066    	0.003199    	0.00293     
1           	562         	10          	0.003108    	0.003456    	0.002753    
1           	563         	10          	0.002993    	0.00354     	0.002434    
1           	564         	10          	0.003208    	0.003289    	0.003125    
1           	565         	10          	0.003309    	0.003325    	0.003292    
1           	566         	10          	0.003525    	0.003552    	0.003497    
1           	567         	10          	0.003894    	0.003612    	0.004181    
1           	568         	10          	0.003711    	0.003591    	0.003833    
1           	569         	10          	0.004106    	0.003801    	0.004416    
1           	570         	10          	0.00428     	0.004144    	0.004419    
1           	571         	10          	0.00428     	0.004362    	0.004196    
1           	572         	10          	0.004328    	0.004703    	0.003947    
1           	573         	10          	0.004778    	0.005201    	0.004346    
1           	574         	10          	0.004471    	0.005208    	0.003722    
1           	575         	10          	0.004228    	0.004647    	0.003802    
1           	576         	10          	0.003889    	0.004315    	0.003456    
1           	577         	10          	0.003589    	0.004282    	0.002883    
1           	578         	10          	0.00366     	0.004244    	0.003066    
1           	579         	10          	0.003332    	0.003751    	0.002906    
1           	580         	10          	0.003101    	0.003188    	0.003013    
1           	581         	10          	0.003185    	0.003322    	0.003046    
1           	582         	10          	0.003215    	0.003497    	0.002928    
1           	583         	10          	0.003334    	0.003589    	0.003075    
1           	584         	10          	0.003293    	0.003439    	0.003144    
1           	585         	10          	0.003307    	0.003424    	0.003188    
1           	586         	10          	0.003737    	0.004019    	0.00345     
1           	587         	10          	0.003514    	0.003891    	0.003129    
1           	588         	10          	0.003636    	0.004112    	0.003152    
1           	589         	10          	0.003946    	0.004551    	0.003331    
1           	590         	10          	0.003914    	0.004734    	0.003081    
1           	591         	10          	0.003808    	0.004671    	0.00293     
1           	592         	10          	0.003447    	0.004074    	0.002809    
1           	593         	10          	0.003445    	0.003969    	0.002912    
1           	594         	10          	0.004013    	0.004364    	0.003656    
1           	595         	10          	0.003987    	0.004084    	0.003888    
1           	596         	10          	0.003917    	0.003964    	0.00387     
1           	597         	10          	0.003584    	0.003856    	0.003308    
1           	598         	10          	0.003989    	0.004409    	0.003563    
1           	599         	10          	0.004095    	0.004167    	0.004022    
1           	600         	10          	0.003941    	0.004083    	0.003796    
1           	601         	10          	0.004105    	0.004047    	0.004163    
1           	602         	10          	0.003868    	0.003702    	0.004036    
1           	603         	10          	0.003657    	0.004237    	0.003068    
1           	604         	10          	0.003492    	0.004064    	0.002909    
1           	605         	10          	0.003642    	0.004311    	0.002962    
1           	606         	10          	0.003893    	0.004636    	0.00314     
1           	607         	10          	0.003569    	0.003955    	0.003177    
1           	608         	10          	0.003512    	0.003611    	0.003413    
1           	609         	10          	0.00337     	0.003364    	0.003377    
1           	610         	10          	0.003059    	0.003065    	0.003054    
1           	611         	10          	0.003461    	0.003666    	0.003254    
1           	612         	10          	0.00349     	0.003111    	0.003874    
1           	613         	10          	0.003853    	0.003738    	0.003969    
1           	614         	10          	0.003944    	0.003976    	0.003912    
1           	615         	10          	0.003685    	0.003776    	0.003593    
1           	616         	10          	0.003376    	0.003525    	0.003225    
1           	617         	10          	0.003288    	0.003494    	0.00308     
1           	618         	10          	0.003254    	0.003469    	0.003037    
1           	619         	10          	0.002899    	0.003272    	0.002521    
1           	620         	10          	0.002799    	0.003208    	0.002383    
1           	621         	10          	0.002994    	0.0029      	0.003088    
1           	622         	10          	0.002951    	0.003004    	0.002898    
1           	623         	10          	0.00327     	0.003577    	0.002958    
1           	624         	10          	0.003345    	0.003746    	0.00294     
1           	625         	10          	0.003451    	0.003912    	0.002983    
1           	626         	10          	0.003599    	0.004304    	0.002887    
1           	627         	10          	0.004142    	0.004555    	0.003724    
1           	628         	10          	0.004036    	0.004133    	0.003939    
1           	629         	10          	0.003604    	0.003982    	0.003223    
1           	630         	10          	0.003543    	0.004051    	0.00303     
1           	631         	10          	0.00399     	0.004566    	0.00341     
1           	632         	10          	0.004213    	0.004847    	0.003572    
1           	633         	10          	0.004022    	0.004805    	0.003232    
1           	634         	10          	0.004041    	0.004944    	0.003131    
1           	635         	10          	0.003939    	0.004549    	0.003325    
1           	636         	10          	0.003766    	0.004359    	0.00317     
1           	637         	10          	0.003648    	0.004351    	0.002941    
1           	638         	10          	0.003851    	0.004246    	0.003452    
1           	639         	10          	0.0043      	0.004693    	0.003904    
1           	640         	10          	0.004438    	0.004786    	0.004087    
1           	641         	10          	0.004216    	0.004397    	0.004032    
1           	642         	10          	0.004075    	0.004283    	0.003864    
1           	643         	10          	0.004193    	0.003622    	0.004772    
1           	644         	10          	0.003838    	0.003661    	0.004018    
1           	645         	10          	0.003838    	0.003623    	0.004054    
1           	646         	10          	0.003831    	0.004253    	0.003403    
1           	647         	10          	0.003822    	0.004251    	0.003389    
1           	648         	10          	0.003743    	0.00411     	0.003372    
1           	649         	10          	0.003616    	0.004077    	0.003151    
1           	650         	10          	0.003644    	0.004079    	0.003205    
1           	651         	10          	0.003789    	0.004224    	0.00335     
1           	652         	10          	0.003198    	0.003518    	0.002875    
1           	653         	10          	0.003672    	0.003848    	0.003495    
1           	654         	10          	0.003644    	0.00376     	0.003528    
1           	655         	10          	0.003897    	0.004076    	0.003716    
1           	656         	10          	0.003812    	0.003877    	0.003747    
1           	657         	10          	0.003485    	0.003958    	0.003007    
1           	658         	10          	0.003536    	0.004163    	0.002901    
1           	659         	10          	0.003815    	0.004676    	0.002943    
1           	660         	10          	0.003607    	0.004197    	0.003011    
1           	661         	10          	0.003653    	0.004017    	0.003285    
1           	662         	10          	0.00365     	0.004026    	0.003271    
1           	663         	10          	0.003525    	0.003873    	0.003175    
1           	664         	10          	0.003563    	0.003866    	0.003258    
1           	665         	10          	0.003911    	0.004247    	0.003572    
1           	666         	10          	0.003924    	0.004056    	0.00379     
1           	667         	10          	0.003471    	0.003797    	0.003142    
1           	668         	10          	0.003254    	0.003319    	0.003189    
1           	669         	10          	0.003622    	0.003776    	0.003466    
1           	670         	10          	0.003559    	0.003986    	0.003129    
1           	671         	10          	0.00329     	0.00332     	0.00326     
1           	672         	10          	0.003413    	0.003607    	0.003216    
1           	673         	10          	0.003781    	0.00395     	0.003611    
1           	674         	10          	0.003599    	0.003628    	0.003571    
1           	675         	10          	0.004055    	0.003863    	0.004249    
1           	676         	10          	0.004237    	0.004231    	0.004243    
1           	677         	10          	0.004347    	0.004289    	0.004406    
1           	678         	10          	0.004575    	0.004212    	0.004942    
1           	679         	10          	0.004831    	0.004139    	0.005531    
1           	680         	10          	0.004576    	0.004766    	0.004384    
1           	681         	10          	0.004106    	0.003673    	0.004544    
1           	682         	10          	0.003935    	0.003963    	0.003906    
1           	683         	10          	0.003616    	0.003305    	0.003932    
1           	684         	10          	0.00357     	0.003476    	0.003665    
1           	685         	10          	0.003765    	0.003461    	0.004071    
1           	686         	10          	0.003781    	0.003607    	0.003957    
1           	687         	10          	0.003157    	0.003006    	0.003308    
1           	688         	10          	0.003229    	0.003308    	0.003149    
1           	689         	10          	0.003326    	0.003437    	0.003213    
1           	690         	10          	0.003557    	0.003375    	0.00374     
1           	691         	10          	0.003666    	0.00331     	0.004025    
1           	692         	10          	0.003744    	0.002977    	0.004518    
1           	693         	10          	0.003919    	0.003045    	0.004802    
1           	694         	10          	0.003388    	0.002601    	0.004184    
1           	695         	10          	0.003199    	0.002543    	0.003862    
1           	696         	10          	0.003361    	0.002296    	0.004433    
1           	697         	10          	0.003498    	0.002673    	0.004329    
1           	698         	10          	0.003461    	0.002868    	0.004058    
1           	699         	10          	0.003404    	0.002958    	0.003854    
1           	700         	10          	0.003427    	0.003029    	0.003828    
1           	701         	10          	0.003092    	0.002955    	0.00323     
1           	702         	10          	0.003118    	0.002996    	0.003241    
1           	703         	10          	0.003275    	0.002683    	0.00387     
1           	704         	10          	0.003481    	0.0031      	0.003863    
1           	705         	10          	0.003647    	0.003246    	0.00405     
1           	706         	10          	0.003687    	0.00317     	0.004203    
1           	707         	10          	0.003854    	0.003327    	0.004381    
1           	708         	10          	0.004111    	0.003518    	0.004704    
1           	709         	10          	0.004103    	0.003494    	0.00471     
1           	710         	10          	0.003909    	0.003019    	0.004797    
1           	711         	10          	0.003794    	0.003002    	0.004587    
1           	712         	10          	0.003589    	0.003061    	0.004117    
1           	713         	10          	0.00378     	0.003307    	0.004254    
1           	714         	10          	0.003776    	0.003529    	0.004024    
1           	715         	10          	0.004073    	0.003938    	0.004209    
1           	716         	10          	0.003826    	0.003816    	0.003836    
1           	717         	10          	0.00357     	0.003228    	0.003912    
1           	718         	10          	0.003585    	0.003187    	0.003985    
1           	719         	10          	0.003891    	0.003474    	0.00431     
1           	720         	10          	0.004084    	0.003829    	0.004339    
1           	721         	10          	0.003713    	0.003435    	0.003992    
1           	722         	10          	0.003376    	0.002931    	0.003824    
1           	723         	10          	0.003499    	0.002702    	0.004301    
1           	724         	10          	0.003602    	0.002815    	0.004394    
1           	725         	10          	0.003136    	0.00235     	0.003925    
1           	726         	10          	0.003374    	0.002624    	0.004127    
1           	727         	10          	0.003663    	0.00319     	0.004138    
1           	728         	10          	0.003537    	0.002991    	0.004086    
1           	729         	10          	0.003511    	0.002983    	0.004043    
1           	730         	10          	0.003256    	0.002302    	0.004216    
1           	731         	10          	0.002916    	0.001851    	0.003986    
1           	732         	10          	0.003102    	0.002212    	0.003997    
1           	733         	10          	0.002968    	0.002454    	0.003485    
1           	734         	10          	0.003061    	0.002545    	0.003579    
1           	735         	10          	0.003317    	0.002935    	0.0037      
1           	736         	10          	0.003331    	0.002651    	0.004016    
1           	737         	10          	0.003522    	0.003104    	0.003943    
1           	738         	10          	0.00345     	0.002958    	0.003945    
1           	739         	10          	0.003077    	0.002695    	0.003462    
1           	740         	10          	0.003479    	0.00309     	0.00387     
1           	741         	10          	0.003443    	0.003033    	0.003856    
1           	742         	10          	0.0037      	0.003598    	0.003802    
1           	743         	10          	0.003665    	0.003736    	0.003594    
1           	744         	10          	0.003702    	0.003524    	0.003881    
1           	745         	10          	0.003547    	0.003137    	0.00396     
1           	746         	10          	0.003404    	0.003121    	0.003689    
1           	747         	10          	0.003408    	0.002911    	0.003908    
1           	748         	10          	0.003294    	0.002921    	0.00367     
1           	749         	10          	0.003616    	0.003125    	0.004111    
1           	750         	10          	0.003358    	0.002994    	0.003725    
1           	751         	10          	0.003415    	0.00343     	0.003399    
1           	752         	10          	0.003093    	0.002751    	0.003439    
1           	753         	10          	0.003261    	0.00315     	0.003373    
1           	754         	10          	0.003232    	0.003228    	0.003237    
1           	755         	10          	0.003282    	0.003652    	0.00291     
1           	756         	10          	0.003419    	0.003515    	0.003323    
1           	757         	10          	0.003719    	0.003965    	0.003472    
1           	758         	10          	0.003544    	0.003706    	0.003381    
1           	759         	10          	0.003634    	0.003998    	0.003267    
1           	760         	10          	0.003375    	0.003904    	0.002843    
1           	761         	10          	0.00372     	0.004407    	0.003028    
1           	762         	10          	0.003964    	0.004078    	0.003849    
1           	763         	10          	0.003906    	0.003955    	0.003856    
1           	764         	10          	0.003632    	0.003667    	0.003597    
1           	765         	10          	0.00365     	0.003756    	0.003543    
1           	766         	10          	0.003351    	0.003618    	0.003082    
1           	767         	10          	0.003311    	0.003901    	0.002715    
1           	768         	10          	0.003477    	0.003995    	0.002953    
1           	769         	10          	0.003264    	0.003611    	0.002913    
1           	770         	10          	0.003047    	0.003342    	0.002748    
1           	771         	10          	0.003137    	0.003447    	0.002824    
1           	772         	10          	0.00316     	0.003501    	0.002814    
1           	773         	10          	0.002931    	0.00337     	0.002486    
1           	774         	10          	0.003083    	0.003524    	0.002639    
1           	775         	10          	0.002983    	0.003289    	0.002673    
1           	776         	10          	0.003172    	0.003217    	0.003127    
1           	777         	10          	0.003524    	0.003305    	0.003745    
1           	778         	10          	0.003618    	0.002831    	0.004415    
1           	779         	10          	0.004063    	0.003141    	0.004997    
1           	780         	10          	0.003671    	0.003053    	0.004295    
1           	781         	10          	0.003611    	0.003142    	0.004085    
1           	782         	10          	0.003432    	0.003352    	0.003514    
1           	783         	10          	0.003283    	0.003202    	0.003366    
1           	784         	10          	0.003283    	0.002935    	0.003637    
1           	785         	10          	0.003376    	0.002701    	0.004061    
1           	786         	10          	0.002942    	0.002441    	0.00345     
1           	787         	10          	0.003284    	0.002754    	0.003822    
1           	788         	10          	0.003252    	0.002789    	0.003723    
1           	789         	10          	0.003236    	0.002668    	0.003812    
1           	790         	10          	0.003114    	0.002576    	0.00366     
1           	791         	10          	0.003121    	0.002719    	0.003528    
1           	792         	10          	0.003002    	0.002542    	0.003468    
1           	793         	10          	0.003075    	0.002683    	0.003472    
1           	794         	10          	0.002909    	0.002952    	0.002866    
1           	795         	10          	0.002787    	0.002894    	0.00268     
1           	796         	10          	0.003165    	0.003482    	0.002845    
1           	797         	10          	0.002971    	0.003112    	0.002828    
1           	798         	10          	0.003263    	0.003375    	0.003149    
1           	799         	10          	0.003264    	0.00367     	0.00285     
1           	800         	10          	0.00378     	0.004416    	0.003134    
1           	801         	10          	0.00392     	0.004463    	0.003369    
1           	802         	10          	0.00354     	0.004277    	0.002791    
1           	803         	10          	0.003603    	0.003895    	0.003308    
1           	804         	10          	0.003672    	0.004079    	0.003259    
1           	805         	10          	0.00347     	0.003978    	0.002954    
1           	806         	10          	0.003394    	0.004208    	0.002569    
1           	807         	10          	0.003298    	0.003612    	0.00298     
1           	808         	10          	0.003169    	0.002897    	0.003445    
1           	809         	10          	0.003244    	0.003191    	0.003298    
1           	810         	9.95        	0.003332    	0.003045    	0.003621    
1           	811         	10          	0.003816    	0.003552    	0.004082    
1           	812         	10          	0.003819    	0.004157    	0.003478    
1           	813         	10          	0.003789    	0.003771    	0.003808    
1           	814         	10          	0.004059    	0.00369     	0.004433    
1           	815         	9.95        	0.003754    	0.003579    	0.003931    
1           	816         	9.95        	0.004164    	0.004174    	0.004155    
1           	817         	10          	0.004459    	0.004419    	0.004499    
1           	818         	10          	0.004068    	0.004364    	0.003769    
1           	819         	10          	0.004508    	0.004646    	0.004368    
1           	820         	10          	0.004312    	0.004291    	0.004334    
1           	821         	10          	0.00382     	0.004078    	0.00356     
1           	822         	10          	0.003815    	0.004038    	0.003589    
1           	823         	10          	0.004186    	0.004479    	0.00389     
1           	824         	10          	0.004199    	0.004538    	0.003858    
1           	825         	10          	0.004253    	0.004725    	0.003778    
1           	826         	10          	0.003899    	0.003856    	0.003944    
1           	827         	10          	0.00391     	0.003707    	0.004114    
1           	828         	10          	0.003853    	0.003842    	0.003864    
1           	829         	10          	0.003759    	0.003471    	0.004051    
1           	830         	10          	0.003011    	0.002764    	0.003262    
1           	831         	10          	0.003212    	0.003346    	0.003077    
1           	832         	10          	0.002939    	0.00284     	0.00304     
1           	833         	10          	0.002994    	0.003159    	0.002828    
1           	834         	10          	0.002864    	0.002985    	0.002742    
1           	835         	10          	0.002703    	0.002747    	0.002659    
1           	836         	9.9         	0.00271     	0.002924    	0.002493    
1           	837         	9.95        	0.002734    	0.003112    	0.002353    
1           	838         	9.95        	0.002783    	0.002852    	0.002713    
1           	839         	9.9         	0.002664    	0.002831    	0.002496    
1           	840         	9.95        	0.002908    	0.003012    	0.002802    
1           	841         	10          	0.002869    	0.003305    	0.002427    
1           	842         	10          	0.003083    	0.003628    	0.002532    
1           	843         	10          	0.003048    	0.003384    	0.002709    
1           	844         	10          	0.002859    	0.0032      	0.002514    
1           	845         	10          	0.002828    	0.003327    	0.002322    
1           	846         	10          	0.002732    	0.003016    	0.002444    
1           	847         	10          	0.002784    	0.003213    	0.00235     
1           	848         	10          	0.002785    	0.002746    	0.002825    
1           	849         	10          	0.002754    	0.002875    	0.002633    
1           	850         	10          	0.002893    	0.003325    	0.002455    
1           	851         	10          	0.003226    	0.003682    	0.002764    
1           	852         	10          	0.00324     	0.00373     	0.002744    
1           	853         	10          	0.003208    	0.003817    	0.00259     
1           	854         	10          	0.003395    	0.004022    	0.002757    
1           	855         	9.95        	0.003331    	0.004122    	0.002526    
1           	856         	9.95        	0.003662    	0.004315    	0.002998    
1           	857         	9.95        	0.003269    	0.003822    	0.002706    
1           	858         	10          	0.00336     	0.00395     	0.002761    
1           	859         	9.95        	0.003292    	0.003383    	0.0032      
1           	860         	9.95        	0.003302    	0.003506    	0.003094    
1           	861         	9.95        	0.002896    	0.002796    	0.002998    
1           	862         	10          	0.002707    	0.002397    	0.003022    
1           	863         	9.95        	0.002696    	0.002443    	0.002953    
1           	864         	10          	0.002886    	0.002272    	0.003508    
1           	865         	10          	0.002645    	0.002249    	0.003047    
1           	866         	9.95        	0.00312     	0.002656    	0.00359     
1           	867         	9.95        	0.003242    	0.002864    	0.003625    
1           	868         	9.95        	0.003122    	0.002802    	0.003446    
1           	869         	9.95        	0.002916    	0.003004    	0.002828    
1           	870         	9.9         	0.002759    	0.003013    	0.002501    
1           	871         	9.9         	0.002981    	0.003314    	0.002645    
1           	872         	9.9         	0.003253    	0.003493    	0.00301     
1           	873         	9.9         	0.002947    	0.003211    	0.00268     
1           	874         	9.9         	0.002808    	0.002763    	0.002853    
1           	875         	9.8         	0.002624    	0.002416    	0.002836    
1           	876         	9.75        	0.00265     	0.002684    	0.002616    
1           	877         	9.75        	0.002816    	0.002942    	0.002689    
1           	878         	9.75        	0.003236    	0.003616    	0.002851    
1           	879         	9.75        	0.003589    	0.004405    	0.002763    
1           	880         	9.75        	0.003807    	0.0043      	0.003309    
1           	881         	9.8         	0.003807    	0.004274    	0.003335    
1           	882         	9.85        	0.003475    	0.003715    	0.003232    
1           	883         	9.85        	0.00315     	0.003281    	0.003017    
1           	884         	9.85        	0.002846    	0.002815    	0.002877    
1           	885         	9.8         	0.002744    	0.002978    	0.002507    
1           	886         	9.75        	0.002725    	0.003292    	0.002149    
1           	887         	9.75        	0.002729    	0.003359    	0.002091    
1           	888         	9.7         	0.00251     	0.003134    	0.001877    
1           	889         	9.85        	0.003056    	0.003756    	0.002347    
1           	890         	9.85        	0.003034    	0.003828    	0.002231    
1           	891         	9.75        	0.003599    	0.004531    	0.002659    
1           	892         	9.75        	0.003609    	0.004478    	0.002731    
1           	893         	9.75        	0.003915    	0.005231    	0.002587    
1           	894         	9.75        	0.003987    	0.005013    	0.002953    
1           	895         	9.85        	0.003684    	0.003883    	0.003483    
1           	896         	9.8         	0.003242    	0.003185    	0.003299    
1           	897         	9.75        	0.003511    	0.002971    	0.004055    
1           	898         	9.75        	0.003788    	0.003319    	0.004261    
1           	899         	9.85        	0.003508    	0.003758    	0.003255    
1           	900         	9.75        	0.003577    	0.003826    	0.003324    
1           	901         	9.85        	0.003532    	0.003828    	0.003232    
1           	902         	9.85        	0.003491    	0.003856    	0.00312     
1           	903         	9.85        	0.00331     	0.003449    	0.003168    
1           	904         	9.85        	0.003484    	0.003099    	0.003875    
1           	905         	9.85        	0.003234    	0.002774    	0.003701    
1           	906         	9.8         	0.003086    	0.003367    	0.002799    
1           	907         	9.85        	0.003514    	0.003636    	0.003389    
1           	908         	9.85        	0.00374     	0.004261    	0.00321     
1           	909         	9.8         	0.003846    	0.004203    	0.003482    
1           	910         	9.9         	0.003707    	0.004107    	0.0033      
1           	911         	9.95        	0.003545    	0.004094    	0.002985    
1           	912         	10          	0.003383    	0.00406     	0.002692    
1           	913         	10          	0.003528    	0.003917    	0.003131    
1           	914         	9.95        	0.003209    	0.003994    	0.002408    
1           	915         	9.9         	0.003246    	0.003882    	0.002598    
1           	916         	9.95        	0.003175    	0.003723    	0.002618    
1           	917         	9.95        	0.003432    	0.003584    	0.003278    
1           	918         	9.9         	0.003627    	0.003537    	0.003718    
1           	919         	9.85        	0.003651    	0.003478    	0.003826    
1           	920         	9.75        	0.003518    	0.003528    	0.003508    
1           	921         	9.8         	0.003792    	0.004202    	0.003375    
1           	922         	9.75        	0.003477    	0.003536    	0.003417    
1           	923         	9.8         	0.003507    	0.003814    	0.003197    
1           	924         	9.85        	0.003486    	0.004195    	0.002768    
1           	925         	9.85        	0.003365    	0.004031    	0.00269     
1           	926         	9.85        	0.003446    	0.003985    	0.0029      
1           	927         	9.75        	0.003275    	0.003328    	0.003221    
1           	928         	9.8         	0.003213    	0.003285    	0.003141    
1           	929         	9.75        	0.003093    	0.00297     	0.003218    
1           	930         	9.85        	0.003085    	0.002752    	0.003423    
1           	931         	9.85        	0.002945    	0.002328    	0.003571    
1           	932         	9.8         	0.003077    	0.002327    	0.003837    
1           	933         	9.85        	0.003143    	0.002675    	0.003617    
1           	934         	9.8         	0.003219    	0.002636    	0.003811    
1           	935         	9.75        	0.00382     	0.003555    	0.00409     
1           	936         	9.7         	0.003573    	0.003295    	0.003856    
1           	937         	9.8         	0.003568    	0.003234    	0.003907    
1           	938         	9.8         	0.003649    	0.003224    	0.00408     
1           	939         	9.75        	0.003092    	0.002678    	0.003514    
1           	940         	9.7         	0.003163    	0.002807    	0.003524    
1           	941         	9.7         	0.002816    	0.002153    	0.003487    
1           	942         	9.75        	0.002856    	0.002028    	0.003694    
1           	943         	9.75        	0.003351    	0.002835    	0.003873    
1           	944         	9.8         	0.00381     	0.003469    	0.004155    
1           	945         	9.85        	0.00386     	0.003574    	0.00415     
1           	946         	9.8         	0.003783    	0.00357     	0.003997    
1           	947         	9.8         	0.004083    	0.004104    	0.004062    
1           	948         	9.75        	0.003977    	0.003686    	0.004273    
1           	949         	9.75        	0.003917    	0.003325    	0.004516    
1           	950         	9.7         	0.003678    	0.002757    	0.00461     
1           	951         	9.65        	0.002958    	0.00222     	0.003706    
1           	952         	9.65        	0.003298    	0.002703    	0.0039      
1           	953         	9.6         	0.003303    	0.0025      	0.00412     
1           	954         	9.55        	0.003321    	0.002881    	0.003766    
1           	955         	9.55        	0.00342     	0.0029      	0.003947    
1           	956         	9.55        	0.003288    	0.002539    	0.004045    
1           	957         	9.6         	0.003384    	0.002542    	0.004237    
1           	958         	9.6         	0.003966    	0.003224    	0.004717    
1           	959         	9.55        	0.003886    	0.003859    	0.003912    
1           	960         	9.55        	0.00359     	0.003544    	0.003638    
1           	961         	9.55        	0.003468    	0.003347    	0.00359     
1           	962         	9.55        	0.003502    	0.003259    	0.003748    
1           	963         	9.55        	0.003598    	0.003716    	0.003479    
1           	964         	9.5         	0.003957    	0.00401     	0.003904    
1           	965         	9.5         	0.00362     	0.003683    	0.003555    
1           	966         	9.5         	0.003744    	0.004074    	0.003409    
1           	967         	9.5         	0.004066    	0.00442     	0.003707    
1           	968         	9.5         	0.003938    	0.003916    	0.00396     
1           	969         	9.5         	0.003809    	0.003986    	0.00363     
1           	970         	9.5         	0.003456    	0.003163    	0.003751    
1           	971         	9.5         	0.003302    	0.003048    	0.003558    
1           	972         	9.5         	0.003101    	0.002949    	0.003254    
1           	973         	9.5         	0.002931    	0.002505    	0.003361    
1           	974         	9.5         	0.002734    	0.002637    	0.002832    
1           	975         	9.5         	0.002563    	0.002465    	0.002661    
1           	976         	9.5         	0.002769    	0.002828    	0.002709    
1           	977         	9.5         	0.00283     	0.002768    	0.002891    
1           	978         	9.5         	0.003125    	0.003251    	0.002999    
1           	979         	9.5         	0.003157    	0.003774    	0.002538    
1           	980         	9.5         	0.00343     	0.004298    	0.00256     
1           	981         	9.5         	0.003393    	0.004144    	0.002641    
1           	982         	9.5         	0.003255    	0.003544    	0.002965    
1           	983         	9.5         	0.002976    	0.003051    	0.0029      
1           	984         	9.5         	0.002915    	0.002937    	0.002893    
1           	985         	9.5         	0.00329     	0.003397    	0.003182    
1           	986         	9.5         	0.003059    	0.003024    	0.003094    
1           	987         	9.5         	0.003229    	0.002991    	0.003467    
1           	988         	9.5         	0.002868    	0.002773    	0.002963    
1           	989         	9.5         	0.003254    	0.002971    	0.003538    
1           	990         	9.5         	0.003035    	0.002674    	0.003396    
1           	991         	9.5         	0.003669    	0.003891    	0.003448    
1           	992         	9.5         	0.003375    	0.003285    	0.003464    
1           	993         	9.5         	0.00319     	0.002731    	0.003649    
1           	994         	9.5         	0.003209    	0.002511    	0.003907    
1           	995         	9.5         	0.003013    	0.002144    	0.003883    
1           	996         	9.5         	0.002873    	0.002097    	0.003649    
1           	997         	9.5         	0.00303     	0.002308    	0.003751    
1           	998         	9.5         	0.003133    	0.002272    	0.003993    
1           	999         	9.5         	0.003204    	0.002616    	0.003788    
1           	1000        	9.5         	0.003167    	0.002485    	0.003847    
