replicate   	generation  	n.adlt.nbAll	n.adlt.fst  	n.adlt.fst_l1	n.adlt.fst_l2
1           	1           	5.5         	0.5055      	1           	-9.19e-05   
1           	2           	5.9         	0.5047      	0.998       	0.0003015   
1           	3           	6.3         	0.5035      	0.9951      	0.000678    
1           	4           	6.65        	0.5033      	0.9938      	0.001386    
1           	5           	6.85        	0.5021      	0.9911      	0.0019      
1           	6           	7.05        	0.5009      	0.9884      	0.002644    
1           	7           	7.15        	0.5007      	0.9871      	0.00327     
1           	8           	6.95        	0.5006      	0.9877      	0.003404    
1           	9           	7.3         	0.499       	0.9845      	0.003722    
1           	10          	7.35        	0.4987      	0.9831      	0.004309    
1           	11          	7.25        	0.4978      	0.9806      	0.004588    
1           	12          	7.35        	0.4978      	0.9799      	0.004903    
1           	13          	7.7         	0.4946      	0.974       	0.004607    
1           	14          	7.65        	0.494       	0.9724      	0.005239    
1           	15          	7.6         	0.4957      	0.9751      	0.005761    
1           	16          	7.45        	0.496       	0.9751      	0.005858    
1           	17          	7.6         	0.4953      	0.9741      	0.005721    
1           	18          	7.65        	0.4951      	0.9729      	0.005851    
1           	19          	7.75        	0.4953      	0.9725      	0.00646     
1           	20          	7.9         	0.4947      	0.9707      	0.007599    
1           	21          	7.85        	0.4951      	0.9699      	0.008503    
1           	22          	7.95        	0.4932      	0.9655      	0.008925    
1           	23          	7.85        	0.4933      	0.9643      	0.01073     
1           	24          	7.8         	0.4938      	0.9643      	0.01116     
1           	25          	7.8         	0.4936      	0.9629      	0.01182     
1           	26          	7.75        	0.4953      	0.9645      	0.01289     
1           	27          	7.85        	0.4946      	0.9623      	0.01345     
1           	28          	7.9         	0.4942      	0.9597      	0.01436     
1           	29          	8.2         	0.4931      	0.9569      	0.01545     
1           	30          	8.2         	0.4936      	0.957       	0.0161      
1           	31          	8.3         	0.4925      	0.9547      	0.01636     
1           	32          	8.1         	0.4912      	0.953       	0.01581     
1           	33          	8.45        	0.4901      	0.9495      	0.01751     
1           	34          	8.6         	0.4899      	0.9479      	0.01864     
1           	35          	8.7         	0.4856      	0.9399      	0.01846     
1           	36          	8.7         	0.4863      	0.9405      	0.01919     
1           	37          	8.55        	0.4878      	0.9426      	0.02006     
1           	38          	8.55        	0.4859      	0.9381      	0.0215      
1           	39          	8.5         	0.4848      	0.9365      	0.02105     
1           	40          	8.55        	0.4832      	0.9344      	0.02028     
1           	41          	8.45        	0.4837      	0.9346      	0.02157     
1           	42          	8.65        	0.4837      	0.9341      	0.02221     
1           	43          	8.6         	0.4805      	0.9281      	0.02158     
1           	44          	8.45        	0.4789      	0.9249      	0.02267     
1           	45          	8.5         	0.4795      	0.9257      	0.02321     
1           	46          	8.55        	0.4783      	0.9234      	0.02321     
1           	47          	8.5         	0.4753      	0.9171      	0.02325     
1           	48          	8.55        	0.473       	0.9124      	0.02378     
1           	49          	8.5         	0.4715      	0.9091      	0.02373     
1           	50          	8.25        	0.4731      	0.9119      	0.02382     
1           	51          	8.25        	0.4724      	0.9093      	0.02475     
1           	52          	8.4         	0.4724      	0.9085      	0.02519     
1           	53          	8.35        	0.4726      	0.9072      	0.02699     
1           	54          	8.2         	0.474       	0.91        	0.02675     
1           	55          	8.2         	0.4714      	0.9068      	0.02448     
1           	56          	8.25        	0.4676      	0.8995      	0.02462     
1           	57          	8.4         	0.4689      	0.9003      	0.02624     
1           	58          	8.55        	0.4691      	0.9008      	0.02626     
1           	59          	8.4         	0.467       	0.897       	0.02634     
1           	60          	8.45        	0.4667      	0.8964      	0.02648     
1           	61          	8.5         	0.4635      	0.8895      	0.02741     
1           	62          	8.55        	0.4618      	0.886       	0.02741     
1           	63          	8.65        	0.4617      	0.8866      	0.02697     
1           	64          	8.65        	0.4589      	0.8813      	0.02694     
1           	65          	8.75        	0.4596      	0.8819      	0.02765     
1           	66          	9           	0.4571      	0.8766      	0.02813     
1           	67          	8.9         	0.4582      	0.8788      	0.0278      
1           	68          	8.95        	0.4547      	0.8717      	0.02826     
1           	69          	9.1         	0.4512      	0.8647      	0.02829     
1           	70          	8.95        	0.4492      	0.8613      	0.02719     
1           	71          	9           	0.4485      	0.86        	0.02697     
1           	72          	8.95        	0.4474      	0.8585      	0.02637     
1           	73          	8.9         	0.447       	0.8576      	0.02691     
1           	74          	9.05        	0.4444      	0.8523      	0.0272      
1           	75          	9.15        	0.4458      	0.8549      	0.02739     
1           	76          	9.2         	0.4457      	0.8553      	0.02684     
1           	77          	8.9         	0.4452      	0.8537      	0.02788     
1           	78          	8.85        	0.4453      	0.8532      	0.0287      
1           	79          	9.1         	0.4461      	0.8538      	0.02935     
1           	80          	9.1         	0.4434      	0.8473      	0.02985     
1           	81          	8.9         	0.4439      	0.8482      	0.03055     
1           	82          	8.9         	0.4438      	0.8469      	0.03182     
1           	83          	8.7         	0.443       	0.8428      	0.03434     
1           	84          	8.65        	0.4409      	0.8396      	0.03356     
1           	85          	8.6         	0.4431      	0.8439      	0.03352     
1           	86          	8.65        	0.4435      	0.8437      	0.0345      
1           	87          	8.75        	0.4436      	0.8413      	0.03716     
1           	88          	8.75        	0.4431      	0.8411      	0.03588     
1           	89          	8.7         	0.4447      	0.8431      	0.03754     
1           	90          	8.85        	0.4411      	0.835       	0.03857     
1           	91          	8.95        	0.4364      	0.8261      	0.03804     
1           	92          	9           	0.4366      	0.8268      	0.03737     
1           	93          	9.1         	0.4389      	0.8313      	0.03751     
1           	94          	8.95        	0.4415      	0.8338      	0.03964     
1           	95          	8.9         	0.4446      	0.8373      	0.04233     
1           	96          	8.95        	0.4442      	0.8364      	0.042       
1           	97          	9.05        	0.4458      	0.8401      	0.04148     
1           	98          	8.95        	0.4425      	0.8356      	0.03983     
1           	99          	9           	0.4405      	0.8316      	0.0396      
1           	100         	9.15        	0.4431      	0.8368      	0.0388      
1           	101         	9           	0.4405      	0.8297      	0.04041     
1           	102         	8.95        	0.4359      	0.8213      	0.03946     
1           	103         	9.15        	0.4356      	0.8209      	0.03972     
1           	104         	9.2         	0.4347      	0.8197      	0.03892     
1           	105         	9.25        	0.4332      	0.8162      	0.03886     
1           	106         	9.45        	0.4314      	0.8128      	0.03882     
1           	107         	9.35        	0.4297      	0.8101      	0.03875     
1           	108         	9.15        	0.4282      	0.8079      	0.03786     
1           	109         	9.2         	0.4263      	0.8045      	0.03742     
1           	110         	9.1         	0.4227      	0.7978      	0.03752     
1           	111         	8.95        	0.4255      	0.8019      	0.03898     
1           	112         	9.05        	0.4261      	0.8023      	0.03948     
1           	113         	9           	0.4268      	0.8024      	0.04078     
1           	114         	9.05        	0.4314      	0.8098      	0.04312     
1           	115         	9.05        	0.433       	0.8117      	0.04452     
1           	116         	9.05        	0.429       	0.8057      	0.04281     
1           	117         	9           	0.428       	0.8042      	0.04246     
1           	118         	8.95        	0.4278      	0.8027      	0.04396     
1           	119         	9.2         	0.4296      	0.8045      	0.04582     
1           	120         	9           	0.4305      	0.8052      	0.04731     
1           	121         	9           	0.4301      	0.803       	0.04863     
1           	122         	9.1         	0.4261      	0.7941      	0.04971     
1           	123         	9           	0.425       	0.7931      	0.04866     
1           	124         	9.1         	0.4288      	0.7994      	0.05011     
1           	125         	9.15        	0.4294      	0.8004      	0.05009     
1           	126         	9.25        	0.4302      	0.8021      	0.04996     
1           	127         	9.3         	0.4282      	0.7972      	0.05038     
1           	128         	9.2         	0.4282      	0.7974      	0.0497      
1           	129         	9.1         	0.4299      	0.8006      	0.04986     
1           	130         	9.05        	0.4309      	0.803       	0.04971     
1           	131         	9.1         	0.4289      	0.7984      	0.05064     
1           	132         	9.15        	0.4289      	0.7973      	0.05153     
1           	133         	9.2         	0.4306      	0.7995      	0.05267     
1           	134         	8.9         	0.4316      	0.8007      	0.05333     
1           	135         	8.95        	0.4293      	0.7957      	0.05379     
1           	136         	9           	0.4301      	0.796       	0.05496     
1           	137         	9           	0.4323      	0.8014      	0.05385     
1           	138         	8.85        	0.4275      	0.7928      	0.0531      
1           	139         	8.85        	0.428       	0.7919      	0.05514     
1           	140         	9.05        	0.4247      	0.7863      	0.05418     
1           	141         	9.1         	0.4234      	0.7844      	0.05345     
1           	142         	9.1         	0.4194      	0.7757      	0.05441     
1           	143         	8.95        	0.4165      	0.7712      	0.05285     
1           	144         	8.7         	0.4191      	0.7743      	0.05502     
1           	145         	8.65        	0.4204      	0.7768      	0.05532     
1           	146         	8.8         	0.4168      	0.7702      	0.05494     
1           	147         	8.9         	0.415       	0.7683      	0.0535      
1           	148         	8.9         	0.4144      	0.7662      	0.05449     
1           	149         	8.9         	0.4163      	0.7695      	0.0549      
1           	150         	8.95        	0.4164      	0.7704      	0.05412     
1           	151         	8.9         	0.4156      	0.7677      	0.05555     
1           	152         	8.9         	0.4119      	0.7586      	0.05733     
1           	153         	8.75        	0.4127      	0.759       	0.05873     
1           	154         	8.75        	0.4108      	0.7572      	0.05662     
1           	155         	8.85        	0.4122      	0.7593      	0.05761     
1           	156         	8.8         	0.4111      	0.7574      	0.05693     
1           	157         	8.85        	0.4092      	0.7518      	0.05866     
1           	158         	9.05        	0.4071      	0.748       	0.05825     
1           	159         	9.2         	0.4059      	0.7449      	0.0587      
1           	160         	9.05        	0.4078      	0.7482      	0.05948     
1           	161         	9.05        	0.4116      	0.7553      	0.06005     
1           	162         	9           	0.4103      	0.75        	0.06248     
1           	163         	8.95        	0.412       	0.7525      	0.06339     
1           	164         	9.05        	0.412       	0.7511      	0.06455     
1           	165         	9           	0.4119      	0.75        	0.06524     
1           	166         	8.9         	0.4129      	0.7522      	0.06485     
1           	167         	9.05        	0.4103      	0.7486      	0.06357     
1           	168         	9           	0.4061      	0.7408      	0.06338     
1           	169         	8.95        	0.4042      	0.7369      	0.06309     
1           	170         	9           	0.4049      	0.7371      	0.06486     
1           	171         	9           	0.4083      	0.7431      	0.06575     
1           	172         	9           	0.4065      	0.7388      	0.06633     
1           	173         	8.95        	0.405       	0.7374      	0.06472     
1           	174         	8.75        	0.406       	0.7392      	0.06469     
1           	175         	8.9         	0.4028      	0.7348      	0.06311     
1           	176         	8.85        	0.402       	0.734       	0.06231     
1           	177         	8.9         	0.4014      	0.7321      	0.06275     
1           	178         	8.8         	0.4039      	0.7368      	0.0628      
1           	179         	8.95        	0.406       	0.74        	0.06401     
1           	180         	8.8         	0.4065      	0.7424      	0.06286     
1           	181         	8.9         	0.4093      	0.7455      	0.06521     
1           	182         	8.95        	0.4087      	0.7456      	0.0642      
1           	183         	9.05        	0.4071      	0.7431      	0.06331     
1           	184         	8.95        	0.4087      	0.7464      	0.0628      
1           	185         	9           	0.4059      	0.7394      	0.06441     
1           	186         	8.95        	0.4043      	0.7355      	0.06544     
1           	187         	8.9         	0.4038      	0.7355      	0.06468     
1           	188         	8.85        	0.4013      	0.728       	0.06757     
1           	189         	8.8         	0.404       	0.7317      	0.0692      
1           	190         	8.85        	0.4038      	0.7313      	0.0692      
1           	191         	8.9         	0.3998      	0.7248      	0.06757     
1           	192         	8.9         	0.3964      	0.7175      	0.06844     
1           	193         	9           	0.3921      	0.7111      	0.06633     
1           	194         	8.95        	0.392       	0.7115      	0.06603     
1           	195         	8.95        	0.3892      	0.7075      	0.06409     
1           	196         	9           	0.3887      	0.7068      	0.06402     
1           	197         	9.05        	0.3874      	0.7051      	0.06323     
1           	198         	9.05        	0.389       	0.7067      	0.06451     
1           	199         	9           	0.3903      	0.7088      	0.06494     
1           	200         	8.7         	0.3891      	0.7052      	0.06656     
1           	201         	8.85        	0.391       	0.7104      	0.06451     
1           	202         	8.75        	0.3863      	0.7016      	0.06396     
1           	203         	8.85        	0.3847      	0.6991      	0.06326     
1           	204         	9.05        	0.3826      	0.6944      	0.06374     
1           	205         	8.85        	0.382       	0.6922      	0.06478     
1           	206         	8.8         	0.3817      	0.6893      	0.06726     
1           	207         	8.85        	0.3802      	0.6844      	0.06919     
1           	208         	8.85        	0.3818      	0.6848      	0.07231     
1           	209         	8.95        	0.3801      	0.6835      	0.06986     
1           	210         	9.1         	0.3765      	0.6764      	0.06973     
1           	211         	8.8         	0.3737      	0.672       	0.06897     
1           	212         	8.9         	0.3746      	0.6728      	0.06946     
1           	213         	8.95        	0.3711      	0.6662      	0.0693      
1           	214         	9           	0.3723      	0.669       	0.0685      
1           	215         	9.05        	0.3683      	0.6617      	0.06785     
1           	216         	9.15        	0.3685      	0.6633      	0.06652     
1           	217         	9.1         	0.3659      	0.6577      	0.06707     
1           	218         	9.15        	0.3696      	0.6647      	0.06764     
1           	219         	9           	0.3708      	0.667       	0.06776     
1           	220         	9           	0.3713      	0.6666      	0.06907     
1           	221         	8.8         	0.3729      	0.6693      	0.06947     
1           	222         	8.65        	0.3711      	0.6641      	0.07102     
1           	223         	8.7         	0.3698      	0.6611      	0.07118     
1           	224         	8.7         	0.3705      	0.6602      	0.07347     
1           	225         	8.7         	0.3666      	0.6515      	0.07486     
1           	226         	8.8         	0.3628      	0.6438      	0.07501     
1           	227         	8.75        	0.3635      	0.6474      	0.07282     
1           	228         	8.85        	0.365       	0.6499      	0.07328     
1           	229         	8.8         	0.3619      	0.644       	0.0733      
1           	230         	8.9         	0.3644      	0.6482      	0.07434     
1           	231         	8.85        	0.3612      	0.638       	0.07857     
1           	232         	9           	0.364       	0.6438      	0.07804     
1           	233         	9.05        	0.3648      	0.6474      	0.07623     
1           	234         	9           	0.3636      	0.6443      	0.07675     
1           	235         	9           	0.3553      	0.6297      	0.07472     
1           	236         	9.15        	0.3544      	0.6282      	0.07466     
1           	237         	9.3         	0.3512      	0.6201      	0.07616     
1           	238         	9.25        	0.3498      	0.6162      	0.07722     
1           	239         	9.2         	0.344       	0.6071      	0.07503     
1           	240         	9.05        	0.3385      	0.5998      	0.07107     
1           	241         	8.95        	0.3364      	0.5932      	0.07356     
1           	242         	8.8         	0.3347      	0.5889      	0.07479     
1           	243         	8.85        	0.3294      	0.5791      	0.07407     
1           	244         	8.85        	0.331       	0.5816      	0.07463     
1           	245         	8.95        	0.3305      	0.5796      	0.07538     
1           	246         	8.95        	0.3281      	0.5763      	0.07404     
1           	247         	8.85        	0.3286      	0.5788      	0.07257     
1           	248         	9           	0.3258      	0.5742      	0.07152     
1           	249         	9           	0.3252      	0.5706      	0.07405     
1           	250         	8.9         	0.326       	0.5709      	0.07538     
1           	251         	9.05        	0.3233      	0.5662      	0.0747      
1           	252         	9           	0.3252      	0.5692      	0.07559     
1           	253         	9.05        	0.3249      	0.5683      	0.07553     
1           	254         	9.05        	0.323       	0.5672      	0.07301     
1           	255         	9.05        	0.3215      	0.5643      	0.07298     
1           	256         	8.95        	0.3244      	0.5707      	0.07246     
1           	257         	8.85        	0.3218      	0.5655      	0.07236     
1           	258         	8.85        	0.3249      	0.5686      	0.0755      
1           	259         	8.95        	0.3231      	0.5629      	0.0778      
1           	260         	9           	0.3242      	0.5639      	0.07915     
1           	261         	8.9         	0.3256      	0.5638      	0.08184     
1           	262         	8.85        	0.3223      	0.5565      	0.08248     
1           	263         	8.85        	0.3245      	0.5595      	0.08394     
1           	264         	8.95        	0.3255      	0.5595      	0.08589     
1           	265         	9           	0.3221      	0.5522      	0.08703     
1           	266         	8.9         	0.3223      	0.5511      	0.08825     
1           	267         	8.95        	0.3179      	0.5411      	0.08977     
1           	268         	9.05        	0.3212      	0.5467      	0.0908      
1           	269         	9.15        	0.318       	0.5403      	0.09095     
1           	270         	9.05        	0.3161      	0.5375      	0.09032     
1           	271         	9.2         	0.3144      	0.5354      	0.08887     
1           	272         	9.2         	0.311       	0.5281      	0.08935     
1           	273         	9.1         	0.3075      	0.5218      	0.08851     
1           	274         	9.2         	0.306       	0.5186      	0.08895     
1           	275         	9.1         	0.3086      	0.5233      	0.0895      
1           	276         	9.3         	0.3107      	0.5259      	0.09093     
1           	277         	9.3         	0.311       	0.5251      	0.09253     
1           	278         	9.25        	0.3128      	0.5252      	0.096       
1           	279         	9.2         	0.3103      	0.5222      	0.09408     
1           	280         	9.2         	0.3128      	0.5269      	0.09431     
1           	281         	9.15        	0.3111      	0.5215      	0.09662     
1           	282         	9.2         	0.3104      	0.5189      	0.09785     
1           	283         	9.15        	0.3067      	0.5113      	0.09791     
1           	284         	9.1         	0.3046      	0.505       	0.1001      
1           	285         	9.05        	0.3027      	0.4993      	0.1019      
1           	286         	9.05        	0.3026      	0.4989      	0.1024      
1           	287         	9.05        	0.3013      	0.4942      	0.1044      
1           	288         	9.15        	0.3012      	0.4921      	0.1065      
1           	289         	9.1         	0.3026      	0.4929      	0.1084      
1           	290         	9           	0.3016      	0.4881      	0.1112      
1           	291         	9           	0.2992      	0.4843      	0.1099      
1           	292         	9.05        	0.299       	0.4858      	0.1078      
1           	293         	9.2         	0.2964      	0.479       	0.1095      
1           	294         	8.95        	0.3008      	0.4895      	0.1072      
1           	295         	9.05        	0.298       	0.4848      	0.1061      
1           	296         	9.1         	0.3004      	0.4888      	0.1071      
1           	297         	8.95        	0.3007      	0.489       	0.1079      
1           	298         	8.95        	0.3045      	0.4958      	0.1085      
1           	299         	9           	0.3074      	0.502       	0.1079      
1           	300         	9           	0.308       	0.5036      	0.1075      
1           	301         	8.75        	0.3138      	0.5171      	0.1056      
1           	302         	9           	0.3152      	0.5184      	0.1069      
1           	303         	9           	0.3156      	0.5197      	0.1063      
1           	304         	9.1         	0.3168      	0.5192      	0.1091      
1           	305         	8.9         	0.3148      	0.5174      	0.1071      
1           	306         	8.75        	0.3183      	0.5246      	0.1068      
1           	307         	8.9         	0.3202      	0.5304      	0.1046      
1           	308         	9           	0.3226      	0.5364      	0.103       
1           	309         	8.95        	0.3235      	0.5368      	0.1043      
1           	310         	9           	0.3193      	0.5316      	0.1014      
1           	311         	8.95        	0.3194      	0.5304      	0.1031      
1           	312         	8.85        	0.3252      	0.5382      	0.1068      
1           	313         	8.85        	0.3215      	0.529       	0.1083      
1           	314         	9           	0.3225      	0.532       	0.1076      
1           	315         	9.2         	0.3239      	0.5341      	0.1084      
1           	316         	9.15        	0.3262      	0.5341      	0.1128      
1           	317         	9           	0.3284      	0.5376      	0.1136      
1           	318         	9.25        	0.3264      	0.5355      	0.112       
1           	319         	9.2         	0.3258      	0.5351      	0.1111      
1           	320         	9.05        	0.3246      	0.5322      	0.1118      
1           	321         	9.1         	0.3253      	0.534       	0.1109      
1           	322         	9.05        	0.3277      	0.5361      	0.1139      
1           	323         	8.95        	0.3254      	0.5324      	0.1131      
1           	324         	8.85        	0.3247      	0.527       	0.1174      
1           	325         	8.8         	0.3254      	0.5288      	0.1168      
1           	326         	8.95        	0.3248      	0.5301      	0.1145      
1           	327         	8.8         	0.3264      	0.5328      	0.1154      
1           	328         	8.85        	0.3301      	0.5381      	0.1175      
1           	329         	8.95        	0.3285      	0.5374      	0.115       
1           	330         	9           	0.3269      	0.5328      	0.1166      
1           	331         	8.95        	0.3279      	0.5341      	0.1174      
1           	332         	9           	0.3303      	0.5373      	0.1188      
1           	333         	9.1         	0.3262      	0.5325      	0.1152      
1           	334         	9.05        	0.3285      	0.5362      	0.1161      
1           	335         	9.15        	0.3265      	0.535       	0.1133      
1           	336         	9           	0.3246      	0.5287      	0.1159      
1           	337         	9.15        	0.3228      	0.5254      	0.1156      
1           	338         	9.1         	0.3246      	0.5278      	0.1165      
1           	339         	9.1         	0.3277      	0.5348      	0.1157      
1           	340         	9.1         	0.3288      	0.5371      	0.1154      
1           	341         	9.15        	0.3256      	0.5302      	0.1159      
1           	342         	9.05        	0.3226      	0.5235      	0.1167      
1           	343         	8.95        	0.326       	0.5288      	0.1182      
1           	344         	9.05        	0.324       	0.5239      	0.119       
1           	345         	9           	0.3211      	0.5193      	0.1183      
1           	346         	9.05        	0.3228      	0.5181      	0.1226      
1           	347         	9.2         	0.3211      	0.5153      	0.1221      
1           	348         	9.1         	0.3219      	0.5155      	0.1232      
1           	349         	9.05        	0.3202      	0.5128      	0.1224      
1           	350         	8.85        	0.3199      	0.5123      	0.1226      
1           	351         	8.8         	0.3206      	0.5132      	0.123       
1           	352         	8.9         	0.3259      	0.5194      	0.1275      
1           	353         	9.05        	0.3279      	0.5234      	0.1272      
1           	354         	9           	0.3262      	0.5235      	0.1239      
1           	355         	9.05        	0.3234      	0.519       	0.1226      
1           	356         	8.95        	0.3246      	0.5228      	0.1212      
1           	357         	8.9         	0.3246      	0.5217      	0.1227      
1           	358         	8.7         	0.3274      	0.5258      	0.124       
1           	359         	8.8         	0.3268      	0.5254      	0.123       
1           	360         	9.05        	0.3297      	0.5282      	0.1259      
1           	361         	9.05        	0.3251      	0.5187      	0.1265      
1           	362         	9.05        	0.3236      	0.5135      	0.1287      
1           	363         	8.75        	0.3209      	0.509       	0.1279      
1           	364         	8.65        	0.3227      	0.5087      	0.1318      
1           	365         	8.7         	0.3237      	0.5095      	0.133       
1           	366         	8.7         	0.3226      	0.5045      	0.1361      
1           	367         	8.9         	0.3207      	0.5022      	0.1345      
1           	368         	8.9         	0.3209      	0.5018      	0.1356      
1           	369         	8.85        	0.3186      	0.5012      	0.1319      
1           	370         	8.95        	0.3172      	0.4977      	0.1326      
1           	371         	8.85        	0.3161      	0.4951      	0.1331      
1           	372         	9.05        	0.3174      	0.4991      	0.1319      
1           	373         	9           	0.3151      	0.4938      	0.1328      
1           	374         	9           	0.315       	0.4906      	0.1358      
1           	375         	9           	0.3151      	0.4928      	0.1335      
1           	376         	9           	0.3146      	0.4907      	0.1345      
1           	377         	9           	0.3122      	0.4879      	0.1328      
1           	378         	9.1         	0.3107      	0.4839      	0.1341      
1           	379         	9           	0.3093      	0.4764      	0.1386      
1           	380         	9.15        	0.3067      	0.4725      	0.1374      
1           	381         	9.1         	0.3064      	0.4692      	0.1404      
1           	382         	9.3         	0.3047      	0.4665      	0.1398      
1           	383         	9.25        	0.3049      	0.466       	0.1408      
1           	384         	9.2         	0.3072      	0.4683      	0.1428      
1           	385         	9.2         	0.3025      	0.4613      	0.1405      
1           	386         	9.25        	0.3049      	0.4644      	0.142       
1           	387         	9.2         	0.3066      	0.4657      	0.1441      
1           	388         	9           	0.3084      	0.4682      	0.1453      
1           	389         	8.8         	0.3034      	0.4612      	0.1428      
1           	390         	8.95        	0.3042      	0.4635      	0.142       
1           	391         	9.05        	0.304       	0.4662      	0.1388      
1           	392         	9           	0.3016      	0.4644      	0.1357      
1           	393         	9           	0.2993      	0.4633      	0.1322      
1           	394         	8.95        	0.2996      	0.4617      	0.1348      
1           	395         	9.05        	0.2954      	0.4548      	0.1333      
1           	396         	8.95        	0.2978      	0.4587      	0.1343      
1           	397         	8.95        	0.2999      	0.4625      	0.1347      
1           	398         	9.05        	0.3         	0.4622      	0.1352      
1           	399         	8.9         	0.2987      	0.4628      	0.132       
1           	400         	9           	0.2962      	0.4582      	0.1317      
1           	401         	8.9         	0.2939      	0.4558      	0.1295      
1           	402         	8.8         	0.2938      	0.4584      	0.127       
1           	403         	8.9         	0.2922      	0.4551      	0.1272      
1           	404         	9.1         	0.295       	0.4583      	0.1295      
1           	405         	9           	0.2934      	0.454       	0.1306      
1           	406         	8.8         	0.293       	0.4534      	0.1301      
1           	407         	8.8         	0.2927      	0.4514      	0.1316      
1           	408         	8.8         	0.2914      	0.4484      	0.1321      
1           	409         	8.9         	0.2912      	0.4506      	0.1294      
1           	410         	9.1         	0.2918      	0.4518      	0.1292      
1           	411         	9           	0.2887      	0.4475      	0.1269      
1           	412         	9.1         	0.2915      	0.4559      	0.124       
1           	413         	9.05        	0.2936      	0.4593      	0.1245      
1           	414         	8.95        	0.2958      	0.461       	0.1275      
1           	415         	8.95        	0.2987      	0.4642      	0.1296      
1           	416         	9.05        	0.2952      	0.4583      	0.1284      
1           	417         	8.85        	0.2988      	0.4647      	0.1293      
1           	418         	8.8         	0.3033      	0.4722      	0.1309      
1           	419         	8.85        	0.3038      	0.4714      	0.1326      
1           	420         	8.95        	0.3044      	0.4714      	0.1338      
1           	421         	8.95        	0.3062      	0.473       	0.1359      
1           	422         	9.15        	0.3033      	0.4686      	0.1344      
1           	423         	8.9         	0.304       	0.4708      	0.1335      
1           	424         	8.85        	0.3025      	0.4669      	0.1349      
1           	425         	8.85        	0.3042      	0.4712      	0.1339      
1           	426         	9.05        	0.3043      	0.4692      	0.1363      
1           	427         	9           	0.3035      	0.4675      	0.1363      
1           	428         	8.75        	0.3023      	0.4631      	0.1381      
1           	429         	8.8         	0.2986      	0.4578      	0.1362      
1           	430         	8.6         	0.294       	0.4516      	0.1332      
1           	431         	8.85        	0.2929      	0.4485      	0.1341      
1           	432         	8.7         	0.2943      	0.4517      	0.1335      
1           	433         	8.75        	0.2934      	0.4508      	0.1328      
1           	434         	8.55        	0.2931      	0.4511      	0.132       
1           	435         	8.35        	0.2981      	0.4597      	0.1334      
1           	436         	8.35        	0.2951      	0.454       	0.1329      
1           	437         	8.4         	0.2929      	0.4484      	0.1339      
1           	438         	8.55        	0.2918      	0.4473      	0.133       
1           	439         	8.65        	0.2939      	0.4501      	0.1341      
1           	440         	8.8         	0.2986      	0.4584      	0.1347      
1           	441         	8.65        	0.2961      	0.4523      	0.1359      
1           	442         	8.55        	0.2948      	0.4505      	0.1355      
1           	443         	8.8         	0.292       	0.4425      	0.1382      
1           	444         	8.65        	0.291       	0.4383      	0.1404      
1           	445         	8.55        	0.2907      	0.4371      	0.1411      
1           	446         	8.5         	0.2905      	0.4338      	0.1442      
1           	447         	8.5         	0.2881      	0.4287      	0.1447      
1           	448         	8.85        	0.2863      	0.4247      	0.1451      
1           	449         	8.85        	0.2874      	0.4258      	0.1463      
1           	450         	8.7         	0.2876      	0.4228      	0.1498      
1           	451         	8.7         	0.2848      	0.4191      	0.1477      
1           	452         	8.65        	0.2852      	0.4143      	0.1533      
1           	453         	8.6         	0.283       	0.4103      	0.1526      
1           	454         	8.4         	0.2838      	0.4119      	0.1526      
1           	455         	8.55        	0.2864      	0.4168      	0.1526      
1           	456         	8.75        	0.291       	0.4236      	0.155       
1           	457         	8.65        	0.2931      	0.4261      	0.1565      
1           	458         	8.45        	0.2955      	0.4303      	0.157       
1           	459         	8.5         	0.2934      	0.4272      	0.1559      
1           	460         	8.55        	0.2953      	0.4302      	0.1568      
1           	461         	8.7         	0.291       	0.4243      	0.1541      
1           	462         	8.85        	0.2887      	0.4205      	0.1533      
1           	463         	8.8         	0.2863      	0.4197      	0.1494      
1           	464         	8.8         	0.2883      	0.4223      	0.1506      
1           	465         	8.75        	0.2907      	0.424       	0.1536      
1           	466         	8.85        	0.2915      	0.428       	0.1509      
1           	467         	8.7         	0.2936      	0.4287      	0.155       
1           	468         	8.7         	0.292       	0.4277      	0.1525      
1           	469         	8.75        	0.2917      	0.427       	0.1524      
1           	470         	8.75        	0.2879      	0.4216      	0.1502      
1           	471         	8.8         	0.2895      	0.4227      	0.1522      
1           	472         	8.8         	0.2908      	0.4204      	0.1575      
1           	473         	8.8         	0.2911      	0.4194      	0.159       
1           	474         	9.05        	0.2908      	0.4208      	0.1571      
1           	475         	8.85        	0.2955      	0.4228      	0.1645      
1           	476         	8.85        	0.296       	0.424       	0.1639      
1           	477         	8.75        	0.2994      	0.4281      	0.1664      
1           	478         	8.75        	0.3005      	0.4298      	0.1668      
1           	479         	8.6         	0.3014      	0.4336      	0.165       
1           	480         	8.6         	0.3006      	0.4331      	0.1636      
1           	481         	8.7         	0.3016      	0.4331      	0.1656      
1           	482         	8.65        	0.3025      	0.436       	0.1648      
1           	483         	8.55        	0.3001      	0.4309      	0.1649      
1           	484         	8.6         	0.3         	0.4291      	0.1668      
1           	485         	8.55        	0.2959      	0.424       	0.1638      
1           	486         	8.7         	0.2967      	0.4265      	0.163       
1           	487         	8.9         	0.2966      	0.425       	0.1641      
1           	488         	8.9         	0.293       	0.4198      	0.1619      
1           	489         	8.95        	0.291       	0.4149      	0.1628      
1           	490         	9.15        	0.2889      	0.4132      	0.1604      
1           	491         	9.15        	0.2855      	0.4011      	0.166       
1           	492         	8.8         	0.2836      	0.4023      	0.1609      
1           	493         	8.8         	0.2879      	0.4085      	0.1631      
1           	494         	8.65        	0.2802      	0.3955      	0.1611      
1           	495         	8.9         	0.2845      	0.3992      	0.1659      
1           	496         	8.75        	0.2836      	0.3987      	0.1647      
1           	497         	8.85        	0.2827      	0.3946      	0.1673      
1           	498         	8.75        	0.2811      	0.3892      	0.1695      
1           	499         	8.7         	0.2787      	0.3844      	0.1696      
1           	500         	8.85        	0.2754      	0.3806      	0.1669      
1           	501         	8.75        	0.2787      	0.3833      	0.1705      
1           	502         	8.7         	0.2781      	0.38        	0.1725      
1           	503         	8.7         	0.2807      	0.3821      	0.1759      
1           	504         	8.7         	0.2829      	0.3872      	0.175       
1           	505         	8.85        	0.2821      	0.385       	0.1755      
1           	506         	9           	0.2823      	0.3838      	0.177       
1           	507         	8.85        	0.2809      	0.3818      	0.1765      
1           	508         	8.75        	0.2803      	0.3829      	0.1743      
1           	509         	8.6         	0.2803      	0.3858      	0.1711      
1           	510         	8.6         	0.2783      	0.3802      	0.1729      
1           	511         	8.75        	0.276       	0.3776      	0.1709      
1           	512         	8.8         	0.2759      	0.3728      	0.1755      
1           	513         	8.95        	0.2764      	0.3798      	0.1693      
1           	514         	8.85        	0.2811      	0.3872      	0.1709      
1           	515         	8.9         	0.2819      	0.3906      	0.1689      
1           	516         	8.75        	0.2806      	0.3892      	0.1676      
1           	517         	8.8         	0.282       	0.3864      	0.1736      
1           	518         	8.8         	0.2806      	0.3868      	0.1703      
1           	519         	8.95        	0.283       	0.3895      	0.1722      
1           	520         	8.95        	0.2826      	0.3878      	0.1735      
1           	521         	9           	0.2785      	0.3842      	0.1691      
1           	522         	9           	0.2805      	0.3875      	0.1696      
1           	523         	9.2         	0.2808      	0.3894      	0.1685      
1           	524         	9.1         	0.2803      	0.3855      	0.1714      
1           	525         	9.1         	0.2769      	0.381       	0.1692      
1           	526         	9           	0.2749      	0.3779      	0.1683      
1           	527         	8.9         	0.2764      	0.3791      	0.1701      
1           	528         	8.8         	0.2773      	0.3824      	0.1686      
1           	529         	8.75        	0.277       	0.3875      	0.1626      
1           	530         	8.65        	0.2749      	0.3815      	0.1646      
1           	531         	8.55        	0.2733      	0.3788      	0.1642      
1           	532         	8.65        	0.2705      	0.3768      	0.1607      
1           	533         	8.75        	0.2664      	0.3684      	0.1613      
1           	534         	8.75        	0.2667      	0.3686      	0.1616      
1           	535         	8.8         	0.2663      	0.3674      	0.1619      
1           	536         	8.75        	0.2657      	0.3675      	0.1607      
1           	537         	8.9         	0.2624      	0.3639      	0.1579      
1           	538         	8.95        	0.2653      	0.3667      	0.1608      
1           	539         	9.05        	0.2656      	0.367       	0.1609      
1           	540         	9.05        	0.2655      	0.3702      	0.1572      
1           	541         	8.95        	0.2672      	0.3745      	0.1563      
1           	542         	8.7         	0.2676      	0.3753      	0.1567      
1           	543         	8.7         	0.2705      	0.3757      	0.1621      
1           	544         	8.8         	0.2728      	0.382       	0.1602      
1           	545         	9           	0.2716      	0.3824      	0.1573      
1           	546         	8.9         	0.2695      	0.3804      	0.1546      
1           	547         	8.8         	0.2682      	0.3772      	0.1553      
1           	548         	8.7         	0.2658      	0.3755      	0.1524      
1           	549         	8.65        	0.2669      	0.3782      	0.1516      
1           	550         	8.8         	0.2651      	0.3753      	0.1512      
1           	551         	8.8         	0.2647      	0.375       	0.1505      
1           	552         	8.9         	0.26        	0.3684      	0.1476      
1           	553         	8.8         	0.2586      	0.3659      	0.1471      
1           	554         	8.7         	0.258       	0.3641      	0.1479      
1           	555         	8.6         	0.2593      	0.3643      	0.1504      
1           	556         	8.55        	0.2613      	0.3674      	0.1513      
1           	557         	8.6         	0.2638      	0.3721      	0.1513      
1           	558         	8.7         	0.263       	0.3714      	0.1504      
1           	559         	8.6         	0.2584      	0.3666      	0.1459      
1           	560         	8.6         	0.2566      	0.3649      	0.144       
1           	561         	8.75        	0.2546      	0.3632      	0.1416      
1           	562         	8.8         	0.2521      	0.3586      	0.141       
1           	563         	8.85        	0.2512      	0.3572      	0.141       
1           	564         	8.8         	0.2529      	0.3617      	0.14        
1           	565         	8.5         	0.2536      	0.3654      	0.1376      
1           	566         	8.75        	0.2538      	0.3654      	0.1382      
1           	567         	8.85        	0.2532      	0.3655      	0.1371      
1           	568         	8.75        	0.252       	0.3632      	0.1364      
1           	569         	8.65        	0.2499      	0.3609      	0.1347      
1           	570         	8.75        	0.2494      	0.3573      	0.1379      
1           	571         	8.7         	0.2463      	0.3533      	0.1352      
1           	572         	8.7         	0.2488      	0.3553      	0.1382      
1           	573         	8.6         	0.2485      	0.3544      	0.1383      
1           	574         	8.55        	0.2505      	0.358       	0.1388      
1           	575         	8.7         	0.2473      	0.3543      	0.1361      
1           	576         	8.55        	0.2465      	0.3505      	0.1387      
1           	577         	8.4         	0.2494      	0.3555      	0.1395      
1           	578         	8.25        	0.2532      	0.3629      	0.1399      
1           	579         	8.15        	0.2498      	0.3579      	0.1384      
1           	580         	8.15        	0.2573      	0.367       	0.1442      
1           	581         	8.4         	0.2569      	0.3691      	0.1412      
1           	582         	8.35        	0.2541      	0.366       	0.1384      
1           	583         	8.3         	0.256       	0.3658      	0.1427      
1           	584         	8.5         	0.2563      	0.3661      	0.143       
1           	585         	8.4         	0.254       	0.3614      	0.1433      
1           	586         	8.65        	0.2534      	0.36        	0.1431      
1           	587         	8.85        	0.2477      	0.3535      	0.1384      
1           	588         	8.75        	0.247       	0.3529      	0.1376      
1           	589         	8.5         	0.2507      	0.3578      	0.1402      
1           	590         	8.5         	0.2561      	0.3669      	0.1418      
1           	591         	8.7         	0.2552      	0.3633      	0.1438      
1           	592         	8.7         	0.2552      	0.3611      	0.1461      
1           	593         	8.65        	0.2527      	0.3602      	0.1418      
1           	594         	8.8         	0.2524      	0.3598      	0.1417      
1           	595         	8.65        	0.2508      	0.3572      	0.1414      
1           	596         	8.85        	0.2503      	0.3568      	0.1408      
1           	597         	8.65        	0.2525      	0.3609      	0.1413      
1           	598         	8.7         	0.2532      	0.3641      	0.1392      
1           	599         	8.7         	0.2525      	0.3639      	0.1383      
1           	600         	8.6         	0.2508      	0.3592      	0.1396      
1           	601         	8.7         	0.2473      	0.3519      	0.1399      
1           	602         	8.7         	0.2467      	0.3496      	0.1406      
1           	603         	8.75        	0.2465      	0.3506      	0.1391      
1           	604         	8.95        	0.2418      	0.3426      	0.1379      
1           	605         	8.85        	0.2389      	0.3398      	0.1349      
1           	606         	8.7         	0.2387      	0.3416      	0.1325      
1           	607         	8.7         	0.2367      	0.3381      	0.1319      
1           	608         	8.7         	0.2425      	0.3473      	0.1345      
1           	609         	8.5         	0.2419      	0.3497      	0.1307      
1           	610         	8.55        	0.2429      	0.3517      	0.1308      
1           	611         	8.55        	0.244       	0.3514      	0.1334      
1           	612         	8.5         	0.2443      	0.3512      	0.1343      
1           	613         	8.45        	0.2438      	0.3513      	0.1332      
1           	614         	8.6         	0.2468      	0.3597      	0.1308      
1           	615         	8.6         	0.2451      	0.3555      	0.1318      
1           	616         	8.55        	0.2455      	0.355       	0.1329      
1           	617         	8.6         	0.2477      	0.3587      	0.1335      
1           	618         	8.6         	0.2446      	0.3502      	0.1362      
1           	619         	8.45        	0.244       	0.3471      	0.1379      
1           	620         	8.7         	0.2474      	0.3522      	0.1398      
1           	621         	8.4         	0.2474      	0.3516      	0.1405      
1           	622         	8.5         	0.2447      	0.3496      	0.137       
1           	623         	8.5         	0.2426      	0.3496      	0.1328      
1           	624         	8.5         	0.2418      	0.3472      	0.1337      
1           	625         	8.5         	0.2422      	0.3445      	0.1374      
1           	626         	8.5         	0.2408      	0.3407      	0.1386      
1           	627         	8.5         	0.2422      	0.3442      	0.1376      
1           	628         	8.5         	0.2411      	0.3412      	0.1386      
1           	629         	8.55        	0.2403      	0.3407      	0.1376      
1           	630         	8.7         	0.2377      	0.3355      	0.1375      
1           	631         	8.8         	0.2421      	0.3393      	0.1424      
1           	632         	8.75        	0.2449      	0.3469      	0.1406      
1           	633         	8.85        	0.2441      	0.3443      	0.1415      
1           	634         	8.9         	0.2415      	0.3392      	0.1415      
1           	635         	8.7         	0.2418      	0.3393      	0.1419      
1           	636         	8.75        	0.2429      	0.3388      	0.1447      
1           	637         	8.9         	0.2423      	0.3366      	0.1457      
1           	638         	8.65        	0.2405      	0.3316      	0.1473      
1           	639         	8.6         	0.2388      	0.3311      	0.1445      
1           	640         	8.6         	0.2423      	0.3352      	0.1475      
1           	641         	8.6         	0.2418      	0.3353      	0.1462      
1           	642         	8.45        	0.2441      	0.3394      	0.1468      
1           	643         	8.65        	0.2446      	0.3414      	0.1457      
1           	644         	8.6         	0.2435      	0.3393      	0.1458      
1           	645         	8.65        	0.2443      	0.3397      	0.1471      
1           	646         	8.7         	0.2423      	0.3378      	0.1451      
1           	647         	8.8         	0.241       	0.3351      	0.1451      
1           	648         	8.7         	0.2403      	0.3319      	0.1471      
1           	649         	8.9         	0.2391      	0.3301      	0.1464      
1           	650         	8.75        	0.2376      	0.3298      	0.1434      
1           	651         	8.6         	0.2396      	0.3308      	0.1465      
1           	652         	8.85        	0.2383      	0.3264      	0.1485      
1           	653         	8.75        	0.2377      	0.3257      	0.1482      
1           	654         	8.75        	0.2352      	0.3219      	0.147       
1           	655         	8.65        	0.2375      	0.3254      	0.1481      
1           	656         	8.85        	0.2404      	0.3352      	0.1439      
1           	657         	8.75        	0.2408      	0.3364      	0.1435      
1           	658         	8.65        	0.2392      	0.3361      	0.1406      
1           	659         	8.6         	0.2377      	0.3356      	0.138       
1           	660         	8.6         	0.2404      	0.3417      	0.1371      
1           	661         	8.5         	0.2394      	0.3391      	0.1378      
1           	662         	8.5         	0.2387      	0.3412      	0.1342      
1           	663         	8.65        	0.2389      	0.3436      	0.1322      
1           	664         	8.45        	0.2367      	0.339       	0.1323      
1           	665         	8.45        	0.2391      	0.3415      	0.1347      
1           	666         	8.45        	0.2406      	0.3403      	0.1388      
1           	667         	8.45        	0.2389      	0.3393      	0.1364      
1           	668         	8.65        	0.2399      	0.341       	0.1365      
1           	669         	8.65        	0.2459      	0.3512      	0.1384      
1           	670         	8.5         	0.2441      	0.351       	0.1349      
1           	671         	8.55        	0.241       	0.3477      	0.132       
1           	672         	8.65        	0.2403      	0.3466      	0.1314      
1           	673         	8.4         	0.2368      	0.34        	0.1312      
1           	674         	8.45        	0.2367      	0.3396      	0.1315      
1           	675         	8.35        	0.2371      	0.3386      	0.1335      
1           	676         	8.35        	0.2365      	0.3381      	0.133       
1           	677         	8.35        	0.2357      	0.3369      	0.1325      
1           	678         	8.5         	0.2327      	0.3347      	0.1289      
1           	679         	8.4         	0.2336      	0.334       	0.1311      
1           	680         	8.3         	0.2327      	0.3324      	0.1307      
1           	681         	8.4         	0.2324      	0.3339      	0.1289      
1           	682         	8.5         	0.2309      	0.3319      	0.1282      
1           	683         	8.6         	0.231       	0.3319      	0.1284      
1           	684         	8.7         	0.2303      	0.3295      	0.1294      
1           	685         	8.55        	0.2275      	0.3242      	0.1292      
1           	686         	8.6         	0.2274      	0.3247      	0.1285      
1           	687         	8.55        	0.2308      	0.3293      	0.1306      
1           	688         	8.5         	0.2273      	0.3237      	0.1294      
1           	689         	8.55        	0.2292      	0.3289      	0.1277      
1           	690         	8.7         	0.2318      	0.3327      	0.1291      
1           	691         	8.85        	0.2287      	0.3279      	0.128       
1           	692         	8.7         	0.2289      	0.3307      	0.1256      
1           	693         	8.8         	0.2292      	0.3288      	0.1284      
1           	694         	8.7         	0.2303      	0.332       	0.1275      
1           	695         	8.6         	0.2304      	0.332       	0.1278      
1           	696         	8.7         	0.2305      	0.3339      	0.1259      
1           	697         	8.8         	0.2311      	0.3345      	0.1263      
1           	698         	8.75        	0.2279      	0.3268      	0.1276      
1           	699         	8.75        	0.2289      	0.3278      	0.1285      
1           	700         	8.9         	0.2283      	0.3275      	0.1276      
1           	701         	8.75        	0.2264      	0.3236      	0.1277      
1           	702         	8.75        	0.2261      	0.3238      	0.1269      
1           	703         	8.8         	0.2255      	0.3209      	0.1286      
1           	704         	8.75        	0.2216      	0.3149      	0.1267      
1           	705         	8.65        	0.2227      	0.3187      	0.1249      
1           	706         	8.65        	0.2228      	0.3173      	0.1264      
1           	707         	8.45        	0.2216      	0.3169      	0.1246      
1           	708         	8.75        	0.2195      	0.311       	0.1263      
1           	709         	8.65        	0.2215      	0.3128      	0.1283      
1           	710         	8.65        	0.2191      	0.3089      	0.1276      
1           	711         	8.7         	0.2183      	0.3037      	0.1312      
1           	712         	8.8         	0.2181      	0.3009      	0.1337      
1           	713         	8.65        	0.2183      	0.2982      	0.1369      
1           	714         	8.75        	0.2186      	0.2985      	0.1372      
1           	715         	8.75        	0.2209      	0.3014      	0.1388      
1           	716         	8.7         	0.2215      	0.3041      	0.1372      
1           	717         	8.65        	0.2183      	0.2999      	0.1352      
1           	718         	8.6         	0.2206      	0.3035      	0.1362      
1           	719         	8.45        	0.2233      	0.3097      	0.1353      
1           	720         	8.35        	0.2207      	0.3057      	0.1339      
1           	721         	8.35        	0.2178      	0.3008      	0.133       
1           	722         	8.5         	0.2159      	0.2961      	0.1339      
1           	723         	8.35        	0.2121      	0.2895      	0.1331      
1           	724         	8.35        	0.214       	0.2918      	0.1345      
1           	725         	8.35        	0.2134      	0.2883      	0.1371      
1           	726         	8.35        	0.2156      	0.2908      	0.1389      
1           	727         	8.3         	0.2154      	0.2926      	0.1366      
1           	728         	8.35        	0.2197      	0.2969      	0.141       
1           	729         	8.45        	0.2175      	0.294       	0.1395      
1           	730         	8.2         	0.2206      	0.2986      	0.141       
1           	731         	8.45        	0.2191      	0.2977      	0.139       
1           	732         	8.45        	0.2162      	0.2945      	0.1364      
1           	733         	8.5         	0.218       	0.2982      	0.1366      
1           	734         	8.5         	0.2125      	0.2913      	0.1323      
1           	735         	8.55        	0.2131      	0.2932      	0.1316      
1           	736         	8.45        	0.2127      	0.2938      	0.1301      
1           	737         	8.45        	0.2125      	0.293       	0.1304      
1           	738         	8.45        	0.2118      	0.2913      	0.131       
1           	739         	8.55        	0.2138      	0.291       	0.1354      
1           	740         	8.4         	0.2115      	0.2862      	0.1356      
1           	741         	8.4         	0.214       	0.2913      	0.1356      
1           	742         	8.4         	0.214       	0.2904      	0.1364      
1           	743         	8.4         	0.214       	0.2911      	0.1357      
1           	744         	8.35        	0.2141      	0.2899      	0.1371      
1           	745         	8.45        	0.2164      	0.2934      	0.1381      
1           	746         	8.25        	0.2135      	0.2897      	0.1362      
1           	747         	8.4         	0.2146      	0.2901      	0.1378      
1           	748         	8.5         	0.2165      	0.2926      	0.1391      
1           	749         	8.6         	0.2179      	0.2942      	0.1403      
1           	750         	8.55        	0.2154      	0.2894      	0.1402      
1           	751         	8.55        	0.2137      	0.286       	0.1403      
1           	752         	8.55        	0.2098      	0.2818      	0.1365      
1           	753         	8.5         	0.21        	0.2823      	0.1364      
1           	754         	8.55        	0.2108      	0.2828      	0.1376      
1           	755         	8.55        	0.2113      	0.2847      	0.1367      
1           	756         	8.55        	0.2104      	0.2833      	0.1363      
1           	757         	8.5         	0.2112      	0.2857      	0.1356      
1           	758         	8.5         	0.2101      	0.2819      	0.1374      
1           	759         	8.6         	0.2116      	0.2852      	0.137       
1           	760         	8.65        	0.2079      	0.2806      	0.1342      
1           	761         	8.65        	0.2084      	0.2782      	0.1378      
1           	762         	8.7         	0.2047      	0.273       	0.1355      
1           	763         	8.75        	0.2088      	0.2818      	0.1348      
1           	764         	8.7         	0.211       	0.2846      	0.1365      
1           	765         	8.7         	0.2131      	0.2893      	0.1359      
1           	766         	8.65        	0.2109      	0.2827      	0.1381      
1           	767         	8.75        	0.2114      	0.2852      	0.1364      
1           	768         	8.6         	0.2139      	0.2888      	0.1377      
1           	769         	8.55        	0.2177      	0.2954      	0.1388      
1           	770         	8.75        	0.2185      	0.2976      	0.1382      
1           	771         	8.6         	0.219       	0.2979      	0.139       
1           	772         	8.65        	0.2184      	0.2974      	0.1384      
1           	773         	8.55        	0.2181      	0.2962      	0.1391      
1           	774         	8.55        	0.2186      	0.2972      	0.1388      
1           	775         	8.5         	0.2184      	0.2943      	0.1415      
1           	776         	8.4         	0.2201      	0.2988      	0.1403      
1           	777         	8.4         	0.2198      	0.2971      	0.1415      
1           	778         	8.4         	0.2187      	0.2925      	0.1438      
1           	779         	8.3         	0.2187      	0.2929      	0.1435      
1           	780         	8.05        	0.2197      	0.2944      	0.1437      
1           	781         	8.05        	0.2202      	0.2975      	0.1415      
1           	782         	8.05        	0.2193      	0.2968      	0.1403      
1           	783         	8.2         	0.2156      	0.2911      	0.1387      
1           	784         	8.25        	0.2134      	0.2878      	0.1377      
1           	785         	8.2         	0.2153      	0.2916      	0.1376      
1           	786         	8.4         	0.2172      	0.2955      	0.1376      
1           	787         	8.25        	0.2166      	0.2957      	0.1361      
1           	788         	8.2         	0.216       	0.2966      	0.1339      
1           	789         	8.3         	0.2175      	0.3001      	0.1335      
1           	790         	8.25        	0.214       	0.2974      	0.1292      
1           	791         	8.4         	0.2131      	0.2956      	0.1293      
1           	792         	8.2         	0.2134      	0.2965      	0.129       
1           	793         	8.3         	0.2115      	0.2921      	0.1296      
1           	794         	8.35        	0.2097      	0.2916      	0.1264      
1           	795         	8.05        	0.2079      	0.2895      	0.125       
1           	796         	8.1         	0.2052      	0.2858      	0.1229      
1           	797         	8.15        	0.2044      	0.2852      	0.122       
1           	798         	8           	0.2074      	0.2883      	0.1249      
1           	799         	8.1         	0.2066      	0.2887      	0.1229      
1           	800         	8.15        	0.2075      	0.2892      	0.1241      
1           	801         	8.25        	0.2045      	0.2852      	0.1221      
1           	802         	8.15        	0.2053      	0.2861      	0.1228      
1           	803         	8.2         	0.204       	0.2846      	0.1217      
1           	804         	8.25        	0.2039      	0.2843      	0.1218      
1           	805         	8.2         	0.2003      	0.2781      	0.121       
1           	806         	8.1         	0.1996      	0.2787      	0.1189      
1           	807         	8.15        	0.1987      	0.276       	0.1201      
1           	808         	8.1         	0.1986      	0.2767      	0.119       
1           	809         	8           	0.1964      	0.2744      	0.117       
1           	810         	8.15        	0.1969      	0.2722      	0.1204      
1           	811         	8.1         	0.197       	0.2712      	0.1216      
1           	812         	8.25        	0.1963      	0.2699      	0.1215      
1           	813         	8.35        	0.1971      	0.2728      	0.12        
1           	814         	8.35        	0.1959      	0.269       	0.1214      
1           	815         	8.3         	0.1983      	0.2728      	0.1225      
1           	816         	8.25        	0.1988      	0.2744      	0.1219      
1           	817         	8.4         	0.2015      	0.2801      	0.1217      
1           	818         	8.35        	0.2002      	0.2777      	0.1214      
1           	819         	8.4         	0.199       	0.278       	0.1188      
1           	820         	8.25        	0.2         	0.2805      	0.1185      
1           	821         	8.45        	0.2021      	0.2839      	0.1192      
1           	822         	8.5         	0.199       	0.2817      	0.1152      
1           	823         	8.7         	0.1989      	0.2843      	0.1124      
1           	824         	8.6         	0.1997      	0.2837      	0.1146      
1           	825         	8.5         	0.2021      	0.2853      	0.118       
1           	826         	8.55        	0.2031      	0.2837      	0.1217      
1           	827         	8.35        	0.2023      	0.2845      	0.1191      
1           	828         	8.35        	0.2005      	0.2802      	0.12        
1           	829         	8.4         	0.202       	0.28        	0.1229      
1           	830         	8.4         	0.2009      	0.2805      	0.1204      
1           	831         	8.45        	0.2009      	0.2794      	0.1216      
1           	832         	8.5         	0.2031      	0.2809      	0.1246      
1           	833         	8.55        	0.2024      	0.2796      	0.1246      
1           	834         	8.35        	0.2017      	0.2785      	0.1242      
1           	835         	8.35        	0.1987      	0.2736      	0.1232      
1           	836         	8.25        	0.1951      	0.2696      	0.12        
1           	837         	8.35        	0.1956      	0.2698      	0.1209      
1           	838         	8.3         	0.1952      	0.2692      	0.1206      
1           	839         	8.15        	0.1958      	0.2682      	0.1226      
1           	840         	8.25        	0.1931      	0.2642      	0.1215      
1           	841         	8.15        	0.1925      	0.2638      	0.1206      
1           	842         	8.1         	0.1932      	0.2641      	0.1219      
1           	843         	8.15        	0.1938      	0.2664      	0.1206      
1           	844         	8.05        	0.1962      	0.2691      	0.1231      
1           	845         	7.9         	0.1977      	0.2729      	0.122       
1           	846         	8.15        	0.1968      	0.2701      	0.1232      
1           	847         	8.25        	0.1967      	0.2691      	0.124       
1           	848         	8.1         	0.1975      	0.2707      	0.124       
1           	849         	8.1         	0.1954      	0.2684      	0.1221      
1           	850         	8.15        	0.1941      	0.2643      	0.1235      
1           	851         	8.4         	0.1938      	0.2638      	0.1234      
1           	852         	8.5         	0.1956      	0.2681      	0.1226      
1           	853         	8.25        	0.1931      	0.2625      	0.1233      
1           	854         	8.25        	0.1904      	0.2575      	0.1229      
1           	855         	8.25        	0.1919      	0.2617      	0.1215      
1           	856         	8.05        	0.1921      	0.265       	0.1187      
1           	857         	8.25        	0.1951      	0.2711      	0.1185      
1           	858         	8.25        	0.1939      	0.2682      	0.1189      
1           	859         	8.15        	0.1896      	0.2586      	0.1198      
1           	860         	8.25        	0.1904      	0.2614      	0.1186      
1           	861         	8.1         	0.1932      	0.2682      	0.1172      
1           	862         	8.25        	0.1964      	0.2742      	0.1177      
1           	863         	8.35        	0.1963      	0.2763      	0.1154      
1           	864         	8.45        	0.1949      	0.2726      	0.1163      
1           	865         	8.45        	0.1957      	0.2752      	0.1152      
1           	866         	8.45        	0.1936      	0.271       	0.1151      
1           	867         	8.5         	0.1932      	0.2707      	0.1147      
1           	868         	8.45        	0.1928      	0.2724      	0.1121      
1           	869         	8.45        	0.1968      	0.2774      	0.1148      
1           	870         	8.5         	0.1975      	0.2754      	0.1182      
1           	871         	8.4         	0.1959      	0.2711      	0.1193      
1           	872         	8.5         	0.1978      	0.2723      	0.122       
1           	873         	8.45        	0.1987      	0.2742      	0.1219      
1           	874         	8.5         	0.2001      	0.2757      	0.1233      
1           	875         	8.35        	0.1966      	0.2677      	0.1244      
1           	876         	8.25        	0.1974      	0.267       	0.1268      
1           	877         	8.5         	0.1975      	0.2675      	0.1264      
1           	878         	8.55        	0.1958      	0.2631      	0.1274      
1           	879         	8.5         	0.1979      	0.2654      	0.1295      
1           	880         	8.4         	0.1978      	0.2659      	0.1286      
1           	881         	8.2         	0.1976      	0.2661      	0.1281      
1           	882         	8.15        	0.1969      	0.2644      	0.1283      
1           	883         	8.25        	0.1959      	0.2674      	0.1231      
1           	884         	8.3         	0.1958      	0.2669      	0.1235      
1           	885         	8.25        	0.1934      	0.2609      	0.1247      
1           	886         	8.4         	0.1891      	0.2518      	0.1254      
1           	887         	8.3         	0.1892      	0.2538      	0.1234      
1           	888         	8.1         	0.188       	0.2526      	0.1223      
1           	889         	8.3         	0.1864      	0.2516      	0.12        
1           	890         	8.15        	0.1883      	0.2525      	0.123       
1           	891         	8.05        	0.1909      	0.2567      	0.124       
1           	892         	8.25        	0.1893      	0.2569      	0.1205      
1           	893         	8.3         	0.1863      	0.2508      	0.1206      
1           	894         	8.25        	0.1863      	0.2496      	0.1217      
1           	895         	8.25        	0.1888      	0.2538      	0.1223      
1           	896         	8.4         	0.1901      	0.2547      	0.1243      
1           	897         	8.3         	0.1914      	0.2528      	0.1288      
1           	898         	8.2         	0.192       	0.254       	0.1288      
1           	899         	8.3         	0.191       	0.2522      	0.1288      
1           	900         	8.2         	0.1939      	0.2559      	0.131       
1           	901         	8.1         	0.193       	0.2523      	0.1328      
1           	902         	8.05        	0.1932      	0.2526      	0.1329      
1           	903         	7.9         	0.1955      	0.2562      	0.1341      
1           	904         	8.1         	0.1954      	0.2563      	0.1338      
1           	905         	7.95        	0.1966      	0.2594      	0.133       
1           	906         	8           	0.1958      	0.2594      	0.1315      
1           	907         	8.2         	0.198       	0.2627      	0.1325      
1           	908         	8.2         	0.1948      	0.2572      	0.1318      
1           	909         	8.2         	0.1946      	0.2558      	0.1328      
1           	910         	8.3         	0.1948      	0.2551      	0.1339      
1           	911         	8.25        	0.1931      	0.252       	0.1334      
1           	912         	7.95        	0.197       	0.259       	0.1343      
1           	913         	8.05        	0.1998      	0.2629      	0.1362      
1           	914         	8.15        	0.2011      	0.2634      	0.1383      
1           	915         	8.15        	0.2009      	0.2629      	0.1383      
1           	916         	8.2         	0.1977      	0.255       	0.14        
1           	917         	8.3         	0.193       	0.2492      	0.1362      
1           	918         	8.45        	0.1917      	0.2483      	0.1347      
1           	919         	8.3         	0.1951      	0.2557      	0.1338      
1           	920         	8.25        	0.196       	0.2559      	0.1355      
1           	921         	8.2         	0.1944      	0.2514      	0.137       
1           	922         	8.35        	0.1934      	0.2477      	0.1388      
1           	923         	8.35        	0.1923      	0.2478      	0.1364      
1           	924         	8.25        	0.1913      	0.2484      	0.1337      
1           	925         	8.2         	0.1916      	0.249       	0.1337      
1           	926         	8.3         	0.1929      	0.2515      	0.1338      
1           	927         	8.3         	0.1951      	0.2567      	0.133       
1           	928         	8.15        	0.1982      	0.2638      	0.1321      
1           	929         	8.3         	0.1956      	0.2584      	0.1321      
1           	930         	8.45        	0.197       	0.2624      	0.1309      
1           	931         	8.3         	0.1973      	0.2614      	0.1325      
1           	932         	8.35        	0.1999      	0.2656      	0.1335      
1           	933         	8.2         	0.1998      	0.2662      	0.1329      
1           	934         	8.1         	0.2024      	0.2689      	0.1355      
1           	935         	8.15        	0.2007      	0.2644      	0.1367      
1           	936         	8.3         	0.2013      	0.2647      	0.1376      
1           	937         	8.05        	0.2021      	0.266       	0.138       
1           	938         	8.1         	0.2023      	0.2661      	0.1382      
1           	939         	8.25        	0.1997      	0.2619      	0.1374      
1           	940         	8.25        	0.1993      	0.2591      	0.1392      
1           	941         	8.4         	0.2002      	0.2621      	0.1382      
1           	942         	8.35        	0.2016      	0.2662      	0.1369      
1           	943         	8.35        	0.2024      	0.2667      	0.138       
1           	944         	8.35        	0.2041      	0.2692      	0.139       
1           	945         	8.25        	0.2057      	0.2731      	0.1383      
1           	946         	8.25        	0.2064      	0.2736      	0.139       
1           	947         	8.25        	0.207       	0.2751      	0.1387      
1           	948         	8.4         	0.2063      	0.2753      	0.137       
1           	949         	8.25        	0.2055      	0.2764      	0.1344      
1           	950         	8.3         	0.2059      	0.2773      	0.1341      
1           	951         	8.2         	0.2047      	0.2763      	0.1328      
1           	952         	8.25        	0.205       	0.2767      	0.1329      
1           	953         	8.3         	0.2035      	0.2737      	0.1328      
1           	954         	8.35        	0.2025      	0.2699      	0.1345      
1           	955         	8.35        	0.2023      	0.2695      	0.1344      
1           	956         	8.3         	0.2017      	0.2685      	0.1345      
1           	957         	8.05        	0.2012      	0.2668      	0.1351      
1           	958         	8.05        	0.2003      	0.266       	0.1343      
1           	959         	8.1         	0.1992      	0.2622      	0.1356      
1           	960         	8.2         	0.1978      	0.2581      	0.1373      
1           	961         	8.15        	0.1965      	0.2573      	0.1353      
1           	962         	8.15        	0.1958      	0.2535      	0.1378      
1           	963         	7.95        	0.1964      	0.2544      	0.1379      
1           	964         	8.1         	0.1978      	0.2556      	0.1395      
1           	965         	8.25        	0.1957      	0.2503      	0.1405      
1           	966         	8.2         	0.1947      	0.2497      	0.1391      
1           	967         	8.25        	0.1919      	0.2452      	0.138       
1           	968         	8.3         	0.1921      	0.2435      	0.1402      
1           	969         	8.3         	0.1902      	0.2394      	0.1405      
1           	970         	8.25        	0.192       	0.2436      	0.1398      
1           	971         	8.3         	0.1915      	0.2423      	0.1402      
1           	972         	8.15        	0.1912      	0.2409      	0.1411      
1           	973         	8.15        	0.1922      	0.2429      	0.1412      
1           	974         	8.05        	0.1912      	0.2409      	0.1413      
1           	975         	8.15        	0.1927      	0.2434      	0.1416      
1           	976         	8.2         	0.1941      	0.2456      	0.1422      
1           	977         	8.25        	0.1948      	0.2467      	0.1424      
1           	978         	7.9         	0.1924      	0.2455      	0.1386      
1           	979         	7.8         	0.192       	0.2485      	0.1345      
1           	980         	7.9         	0.1912      	0.247       	0.1346      
1           	981         	8.1         	0.1916      	0.2507      	0.1317      
1           	982         	7.85        	0.1902      	0.2497      	0.13        
1           	983         	8.05        	0.191       	0.2523      	0.1292      
1           	984         	8           	0.1912      	0.252       	0.1299      
1           	985         	8.05        	0.1886      	0.2446      	0.1321      
1           	986         	8.1         	0.1877      	0.2433      	0.1315      
1           	987         	8.3         	0.189       	0.2454      	0.1319      
1           	988         	8.4         	0.1849      	0.2392      	0.13        
1           	989         	8.3         	0.1837      	0.238       	0.1289      
1           	990         	8.2         	0.1843      	0.2389      	0.1289      
1           	991         	8.1         	0.1824      	0.2367      	0.1275      
1           	992         	8.2         	0.1835      	0.2385      	0.1278      
1           	993         	8.05        	0.1843      	0.2393      	0.1287      
1           	994         	8.05        	0.1853      	0.2408      	0.1292      
1           	995         	7.9         	0.1855      	0.2416      	0.1287      
1           	996         	8           	0.1845      	0.2411      	0.1273      
1           	997         	7.75        	0.1863      	0.2421      	0.1299      
1           	998         	7.65        	0.1868      	0.2453      	0.1277      
1           	999         	7.75        	0.1881      	0.2452      	0.1303      
1           	1000        	7.85        	0.1832      	0.2372      	0.1288      
