replicate   	generation  	n.adlt.nbAll	n.adlt.fst  	n.adlt.fst_l1	n.adlt.fst_l2
1           	1           	5.5         	0.5058      	1           	4.297e-05   
1           	2           	7.1         	0.5013      	0.9916      	0.0006436   
1           	3           	8.3         	0.4941      	0.9772      	0.0009049   
1           	4           	8.9         	0.4888      	0.9661      	0.001502    
1           	5           	9.4         	0.4836      	0.9554      	0.001969    
1           	6           	9.55        	0.479       	0.9461      	0.002137    
1           	7           	9.45        	0.4738      	0.9356      	0.002322    
1           	8           	9.55        	0.467       	0.9211      	0.003145    
1           	9           	9.8         	0.4662      	0.919       	0.003876    
1           	10          	9.9         	0.4605      	0.9065      	0.004883    
1           	11          	9.85        	0.4564      	0.8981      	0.004982    
1           	12          	9.75        	0.4539      	0.8918      	0.005768    
1           	13          	9.85        	0.4494      	0.882       	0.006645    
1           	14          	9.85        	0.4457      	0.8737      	0.007384    
1           	15          	9.9         	0.4399      	0.8617      	0.008213    
1           	16          	9.9         	0.4355      	0.8519      	0.008622    
1           	17          	9.9         	0.4314      	0.8442      	0.008564    
1           	18          	9.95        	0.428       	0.8366      	0.00964     
1           	19          	9.95        	0.4233      	0.8262      	0.01013     
1           	20          	10          	0.4152      	0.8103      	0.01045     
1           	21          	10          	0.411       	0.801       	0.0114      
1           	22          	10          	0.4092      	0.7974      	0.01183     
1           	23          	10          	0.4055      	0.7894      	0.01246     
1           	24          	9.9         	0.4024      	0.7829      	0.01284     
1           	25          	9.95        	0.3978      	0.7731      	0.01364     
1           	26          	9.95        	0.3943      	0.7662      	0.01384     
1           	27          	9.9         	0.3894      	0.7544      	0.01583     
1           	28          	9.95        	0.3853      	0.7456      	0.01577     
1           	29          	9.95        	0.3786      	0.733       	0.01548     
1           	30          	9.95        	0.3731      	0.7206      	0.0174      
1           	31          	9.95        	0.3697      	0.7132      	0.01817     
1           	32          	10          	0.3618      	0.6986      	0.01736     
1           	33          	10          	0.3581      	0.6918      	0.01706     
1           	34          	10          	0.3577      	0.6905      	0.01788     
1           	35          	10          	0.3534      	0.6824      	0.0172      
1           	36          	10          	0.3494      	0.6736      	0.01787     
1           	37          	10          	0.3451      	0.6639      	0.01917     
1           	38          	9.95        	0.3438      	0.6602      	0.02036     
1           	39          	10          	0.3423      	0.6576      	0.02006     
1           	40          	10          	0.3404      	0.6537      	0.02032     
1           	41          	10          	0.3358      	0.6453      	0.01973     
1           	42          	10          	0.3363      	0.6463      	0.01945     
1           	43          	10          	0.3324      	0.6382      	0.0198      
1           	44          	10          	0.3294      	0.6332      	0.0185      
1           	45          	10          	0.3292      	0.6328      	0.01863     
1           	46          	9.95        	0.3297      	0.6333      	0.01918     
1           	47          	10          	0.3237      	0.6204      	0.02006     
1           	48          	10          	0.3258      	0.6246      	0.02024     
1           	49          	10          	0.3261      	0.6238      	0.02157     
1           	50          	10          	0.322       	0.6173      	0.02016     
1           	51          	9.95        	0.3192      	0.6115      	0.02052     
1           	52          	10          	0.315       	0.6033      	0.02042     
1           	53          	9.95        	0.3117      	0.5964      	0.02058     
1           	54          	10          	0.3082      	0.589       	0.0209      
1           	55          	10          	0.3066      	0.5846      	0.02187     
1           	56          	10          	0.3036      	0.5785      	0.02209     
1           	57          	9.95        	0.2952      	0.563       	0.02132     
1           	58          	9.95        	0.2934      	0.5591      	0.02128     
1           	59          	9.95        	0.2918      	0.5564      	0.02073     
1           	60          	9.95        	0.2865      	0.5459      	0.02064     
1           	61          	10          	0.2819      	0.5371      	0.02048     
1           	62          	10          	0.279       	0.5308      	0.02112     
1           	63          	10          	0.2824      	0.5369      	0.02159     
1           	64          	10          	0.2765      	0.525       	0.02196     
1           	65          	10          	0.2761      	0.5236      	0.0221      
1           	66          	10          	0.2752      	0.522       	0.02187     
1           	67          	10          	0.2717      	0.516       	0.02098     
1           	68          	10          	0.269       	0.5111      	0.02098     
1           	69          	10          	0.2675      	0.5082      	0.02086     
1           	70          	10          	0.2624      	0.4991      	0.0201      
1           	71          	10          	0.259       	0.4923      	0.01993     
1           	72          	10          	0.2594      	0.4929      	0.02012     
1           	73          	10          	0.256       	0.4856      	0.02051     
1           	74          	10          	0.2553      	0.4836      	0.02064     
1           	75          	10          	0.255       	0.4833      	0.02033     
1           	76          	10          	0.2545      	0.4814      	0.0209      
1           	77          	10          	0.2508      	0.4745      	0.0206      
1           	78          	10          	0.2507      	0.4727      	0.02202     
1           	79          	10          	0.2458      	0.4631      	0.02209     
1           	80          	10          	0.2438      	0.4573      	0.02376     
1           	81          	10          	0.2407      	0.4515      	0.02321     
1           	82          	10          	0.2396      	0.4504      	0.02247     
1           	83          	10          	0.243       	0.4569      	0.02279     
1           	84          	10          	0.2403      	0.4504      	0.02365     
1           	85          	10          	0.2406      	0.4504      	0.02423     
1           	86          	10          	0.2377      	0.444       	0.02507     
1           	87          	10          	0.2379      	0.4449      	0.02442     
1           	88          	10          	0.2399      	0.4472      	0.026       
1           	89          	10          	0.2403      	0.4475      	0.02663     
1           	90          	10          	0.2368      	0.4405      	0.02652     
1           	91          	10          	0.2386      	0.4425      	0.0281      
1           	92          	10          	0.2379      	0.4414      	0.02783     
1           	93          	10          	0.2321      	0.4297      	0.02783     
1           	94          	10          	0.2319      	0.4297      	0.02753     
1           	95          	10          	0.229       	0.4239      	0.02715     
1           	96          	10          	0.2287      	0.423       	0.02755     
1           	97          	10          	0.223       	0.4141      	0.02502     
1           	98          	10          	0.2201      	0.4088      	0.0245      
1           	99          	10          	0.2216      	0.4112      	0.02524     
1           	100         	10          	0.2214      	0.4115      	0.02482     
1           	101         	10          	0.2203      	0.4089      	0.02513     
1           	102         	10          	0.2194      	0.4051      	0.02728     
1           	103         	10          	0.2148      	0.395       	0.02811     
1           	104         	10          	0.2144      	0.3952      	0.02699     
1           	105         	10          	0.2118      	0.3894      	0.02759     
1           	106         	10          	0.2123      	0.3887      	0.02896     
1           	107         	10          	0.2113      	0.3877      	0.02849     
1           	108         	10          	0.2079      	0.38        	0.02947     
1           	109         	10          	0.202       	0.368       	0.03003     
1           	110         	10          	0.2003      	0.3653      	0.02969     
1           	111         	10          	0.1943      	0.3541      	0.02908     
1           	112         	10          	0.1903      	0.3458      	0.02915     
1           	113         	10          	0.1876      	0.3408      	0.02892     
1           	114         	10          	0.1832      	0.3314      	0.02982     
1           	115         	10          	0.1751      	0.3161      	0.02938     
1           	116         	10          	0.1767      	0.3187      	0.02977     
1           	117         	10          	0.1706      	0.3073      	0.02944     
1           	118         	10          	0.1694      	0.3049      	0.02924     
1           	119         	9.95        	0.1648      	0.2961      	0.02895     
1           	120         	10          	0.16        	0.2863      	0.02907     
1           	121         	10          	0.1595      	0.284       	0.0303      
1           	122         	10          	0.1593      	0.2846      	0.02945     
1           	123         	9.95        	0.1593      	0.2849      	0.02905     
1           	124         	9.95        	0.157       	0.2791      	0.03051     
1           	125         	9.95        	0.1542      	0.2721      	0.03196     
1           	126         	9.9         	0.1525      	0.2706      	0.02987     
1           	127         	9.95        	0.1505      	0.2681      	0.02838     
1           	128         	9.9         	0.1501      	0.2656      	0.03032     
1           	129         	9.95        	0.1473      	0.2596      	0.03076     
1           	130         	9.95        	0.1443      	0.254       	0.03066     
1           	131         	9.95        	0.1441      	0.2543      	0.03008     
1           	132         	10          	0.1396      	0.2459      	0.02986     
1           	133         	10          	0.1387      	0.2442      	0.02976     
1           	134         	10          	0.1364      	0.2399      	0.02972     
1           	135         	9.9         	0.1336      	0.2351      	0.02916     
1           	136         	10          	0.132       	0.2324      	0.02856     
1           	137         	10          	0.1305      	0.2293      	0.02864     
1           	138         	10          	0.1321      	0.2313      	0.02983     
1           	139         	10          	0.1296      	0.2269      	0.02933     
1           	140         	9.95        	0.1276      	0.224       	0.02808     
1           	141         	9.95        	0.129       	0.2271      	0.02778     
1           	142         	10          	0.1282      	0.2258      	0.02736     
1           	143         	9.95        	0.1299      	0.2306      	0.02564     
1           	144         	9.95        	0.1276      	0.2265      	0.02533     
1           	145         	10          	0.1263      	0.2223      	0.02692     
1           	146         	10          	0.1248      	0.2181      	0.02833     
1           	147         	10          	0.1251      	0.219       	0.02787     
1           	148         	9.9         	0.1258      	0.2205      	0.02794     
1           	149         	9.85        	0.1247      	0.2191      	0.02712     
1           	150         	9.85        	0.1223      	0.213       	0.02857     
1           	151         	9.85        	0.121       	0.2084      	0.03068     
1           	152         	9.95        	0.1176      	0.203       	0.02925     
1           	153         	9.95        	0.1167      	0.202       	0.02858     
1           	154         	9.85        	0.1168      	0.2021      	0.02875     
1           	155         	9.85        	0.1173      	0.2019      	0.02971     
1           	156         	9.95        	0.1195      	0.2056      	0.03024     
1           	157         	9.95        	0.1177      	0.204       	0.02842     
1           	158         	9.95        	0.1204      	0.2093      	0.02843     
1           	159         	9.95        	0.1207      	0.2087      	0.02941     
1           	160         	9.9         	0.1221      	0.2131      	0.0277      
1           	161         	9.9         	0.1204      	0.2105      	0.02697     
1           	162         	9.9         	0.1188      	0.2066      	0.02764     
1           	163         	9.9         	0.1188      	0.2061      	0.02819     
1           	164         	9.9         	0.1151      	0.1987      	0.02859     
1           	165         	9.9         	0.1144      	0.1978      	0.02813     
1           	166         	9.9         	0.1105      	0.1907      	0.02768     
1           	167         	9.9         	0.1089      	0.1881      	0.02688     
1           	168         	9.85        	0.1078      	0.1858      	0.02693     
1           	169         	9.8         	0.1045      	0.1799      	0.02625     
1           	170         	9.9         	0.1057      	0.1811      	0.02746     
1           	171         	9.85        	0.1066      	0.1824      	0.02788     
1           	172         	9.9         	0.105       	0.1807      	0.02631     
1           	173         	9.85        	0.1028      	0.1763      	0.0263      
1           	174         	9.8         	0.1038      	0.1782      	0.02646     
1           	175         	9.8         	0.1017      	0.1733      	0.0272      
1           	176         	9.95        	0.1034      	0.1765      	0.02737     
1           	177         	9.9         	0.1032      	0.1743      	0.02912     
1           	178         	9.95        	0.1027      	0.1744      	0.0281      
1           	179         	9.9         	0.1041      	0.1781      	0.02721     
1           	180         	9.9         	0.1055      	0.18        	0.02815     
1           	181         	9.9         	0.1057      	0.1793      	0.02912     
1           	182         	9.85        	0.1048      	0.1784      	0.02822     
1           	183         	9.9         	0.1041      	0.178       	0.02737     
1           	184         	9.85        	0.1038      	0.1775      	0.02737     
1           	185         	9.85        	0.1002      	0.1707      	0.027       
1           	186         	9.85        	0.09746     	0.1659      	0.02641     
1           	187         	9.85        	0.09714     	0.1649      	0.02681     
1           	188         	9.85        	0.09611     	0.162       	0.02782     
1           	189         	9.9         	0.09552     	0.1613      	0.02739     
1           	190         	9.95        	0.09569     	0.1612      	0.02789     
1           	191         	9.95        	0.09499     	0.1582      	0.0297      
1           	192         	9.95        	0.09356     	0.1545      	0.03071     
1           	193         	9.95        	0.09324     	0.1539      	0.0306      
1           	194         	9.95        	0.09343     	0.1539      	0.0309      
1           	195         	9.95        	0.09351     	0.1528      	0.03219     
1           	196         	10          	0.09559     	0.1566      	0.03249     
1           	197         	9.9         	0.09459     	0.1539      	0.0332      
1           	198         	9.9         	0.09311     	0.1506      	0.03368     
1           	199         	9.85        	0.09409     	0.151       	0.03523     
1           	200         	9.9         	0.09315     	0.1509      	0.03348     
1           	201         	9.85        	0.09404     	0.1513      	0.03495     
1           	202         	9.9         	0.09341     	0.149       	0.03595     
1           	203         	9.9         	0.09444     	0.1497      	0.03733     
1           	204         	9.9         	0.09356     	0.1484      	0.03676     
1           	205         	9.9         	0.09621     	0.1516      	0.03886     
1           	206         	9.9         	0.09585     	0.1515      	0.0384      
1           	207         	9.9         	0.09441     	0.1495      	0.03747     
1           	208         	9.85        	0.09398     	0.148       	0.03822     
1           	209         	9.85        	0.09299     	0.1452      	0.03904     
1           	210         	9.85        	0.09342     	0.1453      	0.03985     
1           	211         	9.8         	0.09203     	0.1411      	0.04122     
1           	212         	9.8         	0.09138     	0.1391      	0.04205     
1           	213         	9.9         	0.0877      	0.1331      	0.04073     
1           	214         	9.9         	0.08937     	0.1364      	0.04075     
1           	215         	9.95        	0.08702     	0.1326      	0.04        
1           	216         	9.95        	0.08655     	0.1324      	0.03921     
1           	217         	9.9         	0.08573     	0.1291      	0.04109     
1           	218         	9.9         	0.08683     	0.1295      	0.04295     
1           	219         	9.9         	0.08625     	0.1284      	0.04286     
1           	220         	9.85        	0.08765     	0.1308      	0.0433      
1           	221         	9.9         	0.08717     	0.1303      	0.04285     
1           	222         	9.9         	0.08607     	0.1279      	0.04305     
1           	223         	9.95        	0.08359     	0.1251      	0.04096     
1           	224         	9.9         	0.08412     	0.1279      	0.03909     
1           	225         	9.9         	0.0827      	0.1253      	0.03893     
1           	226         	9.9         	0.08229     	0.1241      	0.03923     
1           	227         	9.95        	0.08062     	0.1217      	0.03837     
1           	228         	9.95        	0.08084     	0.1233      	0.03721     
1           	229         	9.85        	0.08071     	0.1233      	0.03697     
1           	230         	9.95        	0.08048     	0.1237      	0.0361      
1           	231         	9.9         	0.07906     	0.1216      	0.03525     
1           	232         	9.9         	0.07776     	0.1194      	0.03487     
1           	233         	9.9         	0.07668     	0.1171      	0.03509     
1           	234         	9.95        	0.07587     	0.115       	0.03556     
1           	235         	9.9         	0.07581     	0.1157      	0.03481     
1           	236         	9.9         	0.07558     	0.1141      	0.03589     
1           	237         	9.8         	0.07487     	0.1133      	0.03536     
1           	238         	9.85        	0.07646     	0.1152      	0.03659     
1           	239         	9.85        	0.07771     	0.1155      	0.03889     
1           	240         	9.9         	0.07759     	0.1157      	0.0384      
1           	241         	9.9         	0.07508     	0.113       	0.03616     
1           	242         	9.9         	0.07312     	0.108       	0.03735     
1           	243         	9.85        	0.07296     	0.1084      	0.03652     
1           	244         	9.85        	0.07358     	0.1088      	0.03738     
1           	245         	9.85        	0.07247     	0.107       	0.03701     
1           	246         	9.9         	0.07116     	0.1046      	0.03674     
1           	247         	9.85        	0.0689      	0.1004      	0.03652     
1           	248         	9.9         	0.06825     	0.09919     	0.03648     
1           	249         	9.9         	0.06758     	0.09822     	0.03615     
1           	250         	9.8         	0.06621     	0.09601     	0.03563     
1           	251         	9.75        	0.06509     	0.09282     	0.03665     
1           	252         	9.8         	0.06391     	0.09079     	0.03632     
1           	253         	9.8         	0.06472     	0.09518     	0.03347     
1           	254         	9.75        	0.0653      	0.09703     	0.03271     
1           	255         	9.8         	0.06653     	0.09859     	0.03366     
1           	256         	9.8         	0.06822     	0.1019      	0.0337      
1           	257         	9.9         	0.06642     	0.09919     	0.03286     
1           	258         	9.85        	0.06691     	0.1006      	0.03232     
1           	259         	9.85        	0.06512     	0.09674     	0.03271     
1           	260         	9.85        	0.06527     	0.09635     	0.0334      
1           	261         	9.85        	0.06378     	0.09404     	0.03274     
1           	262         	9.85        	0.06473     	0.09634     	0.03232     
1           	263         	9.85        	0.06382     	0.09509     	0.03177     
1           	264         	9.8         	0.06363     	0.09338     	0.03315     
1           	265         	9.8         	0.06515     	0.09541     	0.03415     
1           	266         	9.7         	0.065       	0.09687     	0.03238     
1           	267         	9.8         	0.0642      	0.09378     	0.03392     
1           	268         	9.7         	0.06414     	0.09424     	0.03332     
1           	269         	9.75        	0.06338     	0.09178     	0.0343      
1           	270         	9.75        	0.06326     	0.09036     	0.0355      
1           	271         	9.75        	0.06273     	0.08891     	0.03588     
1           	272         	9.7         	0.06344     	0.0899      	0.03627     
1           	273         	9.7         	0.0624      	0.08831     	0.0358      
1           	274         	9.7         	0.06346     	0.08928     	0.03694     
1           	275         	9.7         	0.06312     	0.08926     	0.03626     
1           	276         	9.65        	0.06164     	0.08567     	0.03697     
1           	277         	9.65        	0.06202     	0.08472     	0.03868     
1           	278         	9.7         	0.06274     	0.08569     	0.03916     
1           	279         	9.7         	0.06115     	0.08329     	0.03837     
1           	280         	9.7         	0.06039     	0.08218     	0.03796     
1           	281         	9.7         	0.06095     	0.08115     	0.04017     
1           	282         	9.8         	0.06241     	0.08263     	0.04161     
1           	283         	9.75        	0.06364     	0.08514     	0.04152     
1           	284         	9.7         	0.06353     	0.08532     	0.04108     
1           	285         	9.85        	0.06355     	0.08619     	0.04025     
1           	286         	9.85        	0.06356     	0.08461     	0.04186     
1           	287         	9.9         	0.06303     	0.08466     	0.04072     
1           	288         	9.8         	0.06266     	0.08416     	0.04049     
1           	289         	9.8         	0.06387     	0.08546     	0.04157     
1           	290         	9.8         	0.06239     	0.08273     	0.04138     
1           	291         	9.8         	0.06278     	0.08258     	0.0423      
1           	292         	9.75        	0.06428     	0.08355     	0.04434     
1           	293         	9.8         	0.06548     	0.0864      	0.04383     
1           	294         	9.8         	0.06354     	0.08477     	0.0416      
1           	295         	9.8         	0.06424     	0.08511     	0.04265     
1           	296         	9.75        	0.06504     	0.08849     	0.04081     
1           	297         	9.75        	0.06408     	0.08835     	0.03903     
1           	298         	9.7         	0.06591     	0.09029     	0.04075     
1           	299         	9.75        	0.06572     	0.0903      	0.04037     
1           	300         	9.75        	0.06635     	0.09146     	0.04046     
1           	301         	9.75        	0.06432     	0.08898     	0.03891     
1           	302         	9.65        	0.06418     	0.0889      	0.0387      
1           	303         	9.65        	0.06405     	0.08889     	0.03842     
1           	304         	9.75        	0.06421     	0.08934     	0.03833     
1           	305         	9.75        	0.06311     	0.08829     	0.03717     
1           	306         	9.75        	0.06121     	0.08547     	0.03622     
1           	307         	9.75        	0.06072     	0.08499     	0.03573     
1           	308         	9.8         	0.06017     	0.08396     	0.03568     
1           	309         	9.75        	0.06015     	0.08293     	0.0367      
1           	310         	9.8         	0.05889     	0.08029     	0.03686     
1           	311         	9.75        	0.05883     	0.08096     	0.03607     
1           	312         	9.85        	0.0592      	0.07946     	0.03839     
1           	313         	9.8         	0.06042     	0.08187     	0.03838     
1           	314         	9.85        	0.06071     	0.08234     	0.03849     
1           	315         	9.8         	0.06038     	0.08028     	0.03993     
1           	316         	9.8         	0.06032     	0.07901     	0.04111     
1           	317         	9.75        	0.05816     	0.07524     	0.04058     
1           	318         	9.8         	0.05822     	0.07562     	0.04031     
1           	319         	9.75        	0.05726     	0.07452     	0.03947     
1           	320         	9.75        	0.05829     	0.07606     	0.03998     
1           	321         	9.75        	0.05776     	0.07479     	0.04022     
1           	322         	9.7         	0.05851     	0.07519     	0.04133     
1           	323         	9.7         	0.05857     	0.07551     	0.04114     
1           	324         	9.7         	0.0586      	0.07542     	0.04131     
1           	325         	9.7         	0.05885     	0.07491     	0.04234     
1           	326         	9.7         	0.05805     	0.07319     	0.04248     
1           	327         	9.7         	0.05854     	0.07391     	0.04273     
1           	328         	9.65        	0.0598      	0.0754      	0.04376     
1           	329         	9.65        	0.0582      	0.07107     	0.04495     
1           	330         	9.65        	0.05815     	0.07266     	0.04321     
1           	331         	9.65        	0.05796     	0.07257     	0.04291     
1           	332         	9.7         	0.05813     	0.07343     	0.04236     
1           	333         	9.7         	0.05629     	0.07104     	0.04109     
1           	334         	9.65        	0.05435     	0.06721     	0.04107     
1           	335         	9.65        	0.05323     	0.06548     	0.04058     
1           	336         	9.6         	0.0526      	0.06418     	0.04066     
1           	337         	9.6         	0.0527      	0.06546     	0.03956     
1           	338         	9.6         	0.05293     	0.0647      	0.0408      
1           	339         	9.65        	0.05367     	0.06674     	0.04021     
1           	340         	9.55        	0.05353     	0.06452     	0.04221     
1           	341         	9.5         	0.05331     	0.06503     	0.04125     
1           	342         	9.45        	0.054       	0.06527     	0.04242     
1           	343         	9.4         	0.05434     	0.06541     	0.04294     
1           	344         	9.4         	0.05508     	0.0662      	0.04362     
1           	345         	9.5         	0.05282     	0.06456     	0.04074     
1           	346         	9.45        	0.05262     	0.06331     	0.04162     
1           	347         	9.45        	0.05288     	0.06186     	0.04363     
1           	348         	9.45        	0.05235     	0.06153     	0.04292     
1           	349         	9.45        	0.05167     	0.06052     	0.04258     
1           	350         	9.45        	0.05226     	0.06155     	0.04271     
1           	351         	9.45        	0.05224     	0.06025     	0.04402     
1           	352         	9.55        	0.05128     	0.05798     	0.04438     
1           	353         	9.55        	0.05135     	0.05763     	0.04489     
1           	354         	9.55        	0.05215     	0.06006     	0.04401     
1           	355         	9.55        	0.05419     	0.06273     	0.0454      
1           	356         	9.6         	0.05719     	0.06838     	0.04566     
1           	357         	9.5         	0.05649     	0.06762     	0.04502     
1           	358         	9.5         	0.0569      	0.06909     	0.04434     
1           	359         	9.6         	0.05605     	0.06788     	0.04383     
1           	360         	9.6         	0.0561      	0.06729     	0.04454     
1           	361         	9.6         	0.05694     	0.0674      	0.04614     
1           	362         	9.65        	0.05698     	0.06755     	0.04607     
1           	363         	9.6         	0.05775     	0.06656     	0.04866     
1           	364         	9.55        	0.05782     	0.06569     	0.0497      
1           	365         	9.5         	0.0572      	0.06507     	0.04907     
1           	366         	9.5         	0.05665     	0.06451     	0.04852     
1           	367         	9.45        	0.05719     	0.06473     	0.04941     
1           	368         	9.55        	0.05794     	0.06508     	0.05057     
1           	369         	9.6         	0.0568      	0.06514     	0.04819     
1           	370         	9.55        	0.05666     	0.06527     	0.04779     
1           	371         	9.55        	0.0552      	0.06285     	0.04732     
1           	372         	9.55        	0.05479     	0.06124     	0.04815     
1           	373         	9.6         	0.05416     	0.05837     	0.04984     
1           	374         	9.55        	0.05385     	0.0586      	0.04895     
1           	375         	9.6         	0.05319     	0.05856     	0.04767     
1           	376         	9.65        	0.05385     	0.05688     	0.05072     
1           	377         	9.6         	0.05331     	0.05735     	0.04914     
1           	378         	9.6         	0.05251     	0.05785     	0.04701     
1           	379         	9.65        	0.05208     	0.0567      	0.04732     
1           	380         	9.65        	0.05196     	0.05688     	0.0469      
1           	381         	9.65        	0.05017     	0.05515     	0.04505     
1           	382         	9.65        	0.05123     	0.05709     	0.04519     
1           	383         	9.65        	0.05241     	0.05836     	0.04629     
1           	384         	9.65        	0.05191     	0.05814     	0.04549     
1           	385         	9.6         	0.0516      	0.05784     	0.04518     
1           	386         	9.6         	0.05101     	0.05652     	0.04534     
1           	387         	9.55        	0.05012     	0.05586     	0.04422     
1           	388         	9.6         	0.04931     	0.05473     	0.04372     
1           	389         	9.6         	0.05004     	0.05488     	0.04505     
1           	390         	9.6         	0.04956     	0.05394     	0.04504     
1           	391         	9.6         	0.04817     	0.05322     	0.04296     
1           	392         	9.6         	0.04771     	0.0534      	0.04184     
1           	393         	9.6         	0.04677     	0.05327     	0.04006     
1           	394         	9.55        	0.0476      	0.05434     	0.04065     
1           	395         	9.55        	0.04854     	0.05551     	0.04136     
1           	396         	9.55        	0.04958     	0.05719     	0.04173     
1           	397         	9.6         	0.04935     	0.05582     	0.04268     
1           	398         	9.6         	0.0477      	0.05425     	0.04095     
1           	399         	9.6         	0.04918     	0.0566      	0.04153     
1           	400         	9.6         	0.05028     	0.05766     	0.04267     
1           	401         	9.55        	0.05148     	0.05846     	0.04429     
1           	402         	9.55        	0.05248     	0.06124     	0.04344     
1           	403         	9.55        	0.05259     	0.06038     	0.04454     
1           	404         	9.65        	0.0514      	0.05814     	0.04445     
1           	405         	9.65        	0.05149     	0.05743     	0.04536     
1           	406         	9.6         	0.05036     	0.05523     	0.04532     
1           	407         	9.7         	0.0491      	0.05431     	0.04371     
1           	408         	9.7         	0.04882     	0.05374     	0.04373     
1           	409         	9.6         	0.04724     	0.05171     	0.04263     
1           	410         	9.7         	0.04719     	0.05144     	0.04281     
1           	411         	9.7         	0.04705     	0.05029     	0.04372     
1           	412         	9.65        	0.04682     	0.05085     	0.04267     
1           	413         	9.55        	0.0479      	0.0517      	0.04398     
1           	414         	9.6         	0.04852     	0.05293     	0.04397     
1           	415         	9.65        	0.0486      	0.05258     	0.04451     
1           	416         	9.7         	0.04732     	0.05212     	0.04238     
1           	417         	9.65        	0.04856     	0.05393     	0.04304     
1           	418         	9.7         	0.04937     	0.05493     	0.04365     
1           	419         	9.65        	0.04952     	0.05499     	0.04388     
1           	420         	9.65        	0.04956     	0.05551     	0.04342     
1           	421         	9.65        	0.0494      	0.05502     	0.0436      
1           	422         	9.7         	0.04986     	0.05556     	0.04399     
1           	423         	9.7         	0.04939     	0.05445     	0.04418     
1           	424         	9.7         	0.05006     	0.05583     	0.04412     
1           	425         	9.65        	0.0514      	0.05594     	0.04673     
1           	426         	9.65        	0.05035     	0.05437     	0.04621     
1           	427         	9.65        	0.0497      	0.05236     	0.04696     
1           	428         	9.65        	0.0511      	0.05323     	0.04891     
1           	429         	9.7         	0.05171     	0.0537      	0.04966     
1           	430         	9.7         	0.05107     	0.05147     	0.05065     
1           	431         	9.7         	0.05105     	0.05078     	0.05133     
1           	432         	9.75        	0.05082     	0.05057     	0.05109     
1           	433         	9.7         	0.04955     	0.04983     	0.04927     
1           	434         	9.7         	0.0504      	0.05095     	0.04985     
1           	435         	9.7         	0.05028     	0.04992     	0.05065     
1           	436         	9.7         	0.04977     	0.04967     	0.04986     
1           	437         	9.7         	0.05035     	0.04988     	0.05084     
1           	438         	9.7         	0.05092     	0.05162     	0.05019     
1           	439         	9.7         	0.05127     	0.05021     	0.05236     
1           	440         	9.75        	0.05078     	0.05014     	0.05145     
1           	441         	9.7         	0.04985     	0.04819     	0.05155     
1           	442         	9.65        	0.0504      	0.04904     	0.05179     
1           	443         	9.6         	0.051       	0.04887     	0.0532      
1           	444         	9.6         	0.05012     	0.04705     	0.05327     
1           	445         	9.65        	0.0478      	0.04308     	0.05265     
1           	446         	9.65        	0.04668     	0.04243     	0.05103     
1           	447         	9.65        	0.04704     	0.04249     	0.0517      
1           	448         	9.6         	0.04678     	0.04167     	0.05203     
1           	449         	9.55        	0.0467      	0.04175     	0.05177     
1           	450         	9.7         	0.04667     	0.04151     	0.05196     
1           	451         	9.55        	0.04652     	0.04189     	0.05126     
1           	452         	9.55        	0.04718     	0.0443      	0.05013     
1           	453         	9.55        	0.04768     	0.04482     	0.05061     
1           	454         	9.6         	0.04727     	0.04493     	0.04967     
1           	455         	9.6         	0.04732     	0.04367     	0.05105     
1           	456         	9.65        	0.04873     	0.04546     	0.05208     
1           	457         	9.6         	0.04815     	0.04434     	0.05205     
1           	458         	9.6         	0.04803     	0.04235     	0.05383     
1           	459         	9.6         	0.0472      	0.04123     	0.0533      
1           	460         	9.65        	0.04703     	0.0412      	0.05299     
1           	461         	9.6         	0.04617     	0.04019     	0.05227     
1           	462         	9.65        	0.04524     	0.04242     	0.04811     
1           	463         	9.7         	0.04566     	0.04302     	0.04836     
1           	464         	9.7         	0.04633     	0.04456     	0.04814     
1           	465         	9.65        	0.04603     	0.04439     	0.0477      
1           	466         	9.65        	0.04458     	0.04356     	0.04562     
1           	467         	9.75        	0.04564     	0.0433      	0.04802     
1           	468         	9.7         	0.04623     	0.04465     	0.04784     
1           	469         	9.6         	0.04613     	0.04573     	0.04654     
1           	470         	9.6         	0.04494     	0.04605     	0.04381     
1           	471         	9.6         	0.04483     	0.04644     	0.0432      
1           	472         	9.6         	0.04452     	0.04609     	0.04294     
1           	473         	9.6         	0.04497     	0.04524     	0.04469     
1           	474         	9.7         	0.04459     	0.04361     	0.04559     
1           	475         	9.7         	0.04475     	0.04299     	0.04652     
1           	476         	9.7         	0.04352     	0.0415      	0.04557     
1           	477         	9.7         	0.04292     	0.04168     	0.04419     
1           	478         	9.7         	0.04385     	0.04229     	0.04543     
1           	479         	9.6         	0.0447      	0.04471     	0.04468     
1           	480         	9.6         	0.04503     	0.04406     	0.04601     
1           	481         	9.6         	0.04479     	0.04437     	0.04523     
1           	482         	9.6         	0.04516     	0.04506     	0.04526     
1           	483         	9.6         	0.04499     	0.04519     	0.04479     
1           	484         	9.65        	0.045       	0.04533     	0.04466     
1           	485         	9.6         	0.04407     	0.0451      	0.04303     
1           	486         	9.65        	0.04438     	0.04549     	0.04325     
1           	487         	9.65        	0.04385     	0.04358     	0.04412     
1           	488         	9.6         	0.04306     	0.0439      	0.04222     
1           	489         	9.65        	0.04389     	0.04283     	0.04497     
1           	490         	9.6         	0.04221     	0.04048     	0.04396     
1           	491         	9.6         	0.04357     	0.0423      	0.04485     
1           	492         	9.65        	0.04488     	0.0425      	0.04727     
1           	493         	9.65        	0.0444      	0.04199     	0.04683     
1           	494         	9.65        	0.0445      	0.04242     	0.04659     
1           	495         	9.7         	0.043       	0.04067     	0.04536     
1           	496         	9.7         	0.04337     	0.04185     	0.04491     
1           	497         	9.7         	0.04277     	0.04088     	0.04467     
1           	498         	9.6         	0.04395     	0.04303     	0.04487     
1           	499         	9.65        	0.04236     	0.04108     	0.04364     
1           	500         	9.65        	0.04242     	0.04233     	0.04251     
1           	501         	9.55        	0.0425      	0.04357     	0.04143     
1           	502         	9.6         	0.04378     	0.0446      	0.04295     
1           	503         	9.55        	0.04259     	0.04422     	0.04095     
1           	504         	9.5         	0.04504     	0.04589     	0.04418     
1           	505         	9.6         	0.04456     	0.04316     	0.04597     
1           	506         	9.55        	0.04404     	0.04363     	0.04446     
1           	507         	9.55        	0.04284     	0.04261     	0.04307     
1           	508         	9.65        	0.04244     	0.04118     	0.0437      
1           	509         	9.65        	0.04206     	0.04178     	0.04234     
1           	510         	9.65        	0.04184     	0.04218     	0.0415      
1           	511         	9.55        	0.04075     	0.04107     	0.04044     
1           	512         	9.65        	0.04057     	0.04037     	0.04077     
1           	513         	9.6         	0.04011     	0.03992     	0.0403      
1           	514         	9.6         	0.03983     	0.03882     	0.04085     
1           	515         	9.55        	0.04045     	0.03887     	0.04205     
1           	516         	9.5         	0.04132     	0.03954     	0.04311     
1           	517         	9.5         	0.04177     	0.04017     	0.04338     
1           	518         	9.45        	0.04283     	0.04169     	0.04397     
1           	519         	9.45        	0.04328     	0.04255     	0.04402     
1           	520         	9.45        	0.04241     	0.04165     	0.04317     
1           	521         	9.4         	0.04206     	0.04107     	0.04306     
1           	522         	9.4         	0.04168     	0.04052     	0.04284     
1           	523         	9.45        	0.04071     	0.04051     	0.04091     
1           	524         	9.4         	0.04029     	0.03913     	0.04148     
1           	525         	9.35        	0.03975     	0.03938     	0.04013     
1           	526         	9.4         	0.04058     	0.04056     	0.04059     
1           	527         	9.4         	0.04016     	0.04068     	0.03962     
1           	528         	9.35        	0.03942     	0.03971     	0.03913     
1           	529         	9.4         	0.04104     	0.04176     	0.04031     
1           	530         	9.3         	0.04048     	0.04145     	0.03949     
1           	531         	9.3         	0.04035     	0.04112     	0.03956     
1           	532         	9.25        	0.04085     	0.04095     	0.04075     
1           	533         	9.35        	0.04118     	0.0412      	0.04117     
1           	534         	9.4         	0.03948     	0.03851     	0.04047     
1           	535         	9.4         	0.04049     	0.03872     	0.0423      
1           	536         	9.35        	0.04076     	0.03872     	0.04282     
1           	537         	9.45        	0.03933     	0.03754     	0.04115     
1           	538         	9.4         	0.03935     	0.03947     	0.03924     
1           	539         	9.35        	0.0404      	0.03995     	0.04085     
1           	540         	9.4         	0.03962     	0.0402      	0.03903     
1           	541         	9.45        	0.04006     	0.04043     	0.03969     
1           	542         	9.4         	0.04101     	0.04256     	0.03943     
1           	543         	9.4         	0.04137     	0.04213     	0.0406      
1           	544         	9.5         	0.04052     	0.04078     	0.04025     
1           	545         	9.4         	0.03972     	0.03946     	0.03999     
1           	546         	9.4         	0.03953     	0.03914     	0.03993     
1           	547         	9.45        	0.03961     	0.04109     	0.03809     
1           	548         	9.45        	0.04051     	0.04012     	0.0409      
1           	549         	9.35        	0.04123     	0.03923     	0.04327     
1           	550         	9.4         	0.04156     	0.03923     	0.04393     
1           	551         	9.3         	0.04225     	0.03957     	0.04497     
1           	552         	9.3         	0.04279     	0.03883     	0.04681     
1           	553         	9.3         	0.04468     	0.03848     	0.05097     
1           	554         	9.3         	0.0446      	0.03802     	0.05128     
1           	555         	9.35        	0.04323     	0.0373      	0.04926     
1           	556         	9.4         	0.04379     	0.03755     	0.05012     
1           	557         	9.35        	0.04421     	0.03801     	0.05051     
1           	558         	9.35        	0.0437      	0.03777     	0.04974     
1           	559         	9.3         	0.04274     	0.03656     	0.04903     
1           	560         	9.25        	0.04161     	0.03495     	0.04837     
1           	561         	9.25        	0.04121     	0.03503     	0.04749     
1           	562         	9.2         	0.03978     	0.03464     	0.045       
1           	563         	9.2         	0.04035     	0.03559     	0.04518     
1           	564         	9.2         	0.03974     	0.03562     	0.04392     
1           	565         	9.2         	0.03952     	0.03503     	0.04408     
1           	566         	9.2         	0.03855     	0.03447     	0.04268     
1           	567         	9.2         	0.03702     	0.03242     	0.04168     
1           	568         	9.15        	0.03793     	0.0331      	0.04279     
1           	569         	9.15        	0.0384      	0.03349     	0.04333     
1           	570         	9.25        	0.03826     	0.03287     	0.04368     
1           	571         	9.25        	0.03918     	0.03213     	0.04625     
1           	572         	9.25        	0.03958     	0.03196     	0.04723     
1           	573         	9.25        	0.03919     	0.03136     	0.04704     
1           	574         	9.25        	0.04048     	0.0326      	0.04841     
1           	575         	9.2         	0.03924     	0.03098     	0.04756     
1           	576         	9.25        	0.03831     	0.03032     	0.04636     
1           	577         	9.25        	0.03952     	0.0317      	0.04741     
1           	578         	9.25        	0.03937     	0.03392     	0.04486     
1           	579         	9.3         	0.03832     	0.03457     	0.0421      
1           	580         	9.3         	0.03926     	0.03544     	0.04311     
1           	581         	9.25        	0.03986     	0.03633     	0.04341     
1           	582         	9.25        	0.04135     	0.0363      	0.04642     
1           	583         	9.3         	0.04066     	0.03555     	0.0458      
1           	584         	9.25        	0.04206     	0.03664     	0.04753     
1           	585         	9.25        	0.04183     	0.03652     	0.04717     
1           	586         	9.25        	0.04116     	0.03473     	0.04762     
1           	587         	9.25        	0.04202     	0.03601     	0.04805     
1           	588         	9.2         	0.04215     	0.03617     	0.04816     
1           	589         	9.2         	0.04157     	0.03528     	0.04788     
1           	590         	9.3         	0.04149     	0.03513     	0.04786     
1           	591         	9.35        	0.04191     	0.03585     	0.048       
1           	592         	9.3         	0.04149     	0.03541     	0.04759     
1           	593         	9.3         	0.04073     	0.03502     	0.04648     
1           	594         	9.25        	0.03811     	0.03238     	0.04388     
1           	595         	9.2         	0.03763     	0.03277     	0.04252     
1           	596         	9.25        	0.03803     	0.0326      	0.04349     
1           	597         	9.3         	0.03641     	0.03169     	0.04114     
1           	598         	9.2         	0.03717     	0.03304     	0.04133     
1           	599         	9.3         	0.03564     	0.03323     	0.03807     
1           	600         	9.25        	0.03587     	0.03243     	0.03932     
1           	601         	9.2         	0.03607     	0.03272     	0.03945     
1           	602         	9.3         	0.0354      	0.03238     	0.03843     
1           	603         	9.3         	0.03575     	0.03212     	0.03941     
1           	604         	9.3         	0.03588     	0.03232     	0.03947     
1           	605         	9.25        	0.03461     	0.03201     	0.03722     
1           	606         	9.2         	0.0329      	0.03169     	0.03412     
1           	607         	9.15        	0.03415     	0.03399     	0.03431     
1           	608         	9.2         	0.0353      	0.0356      	0.03501     
1           	609         	9.15        	0.03536     	0.03506     	0.03566     
1           	610         	9.25        	0.03681     	0.03743     	0.03619     
1           	611         	9.3         	0.03672     	0.03781     	0.03563     
1           	612         	9.25        	0.0362      	0.03747     	0.03492     
1           	613         	9.3         	0.03567     	0.03708     	0.03425     
1           	614         	9.35        	0.03668     	0.03876     	0.03461     
1           	615         	9.45        	0.03689     	0.03898     	0.03479     
1           	616         	9.5         	0.03699     	0.03991     	0.03406     
1           	617         	9.5         	0.037       	0.04023     	0.03378     
1           	618         	9.5         	0.03747     	0.04069     	0.03423     
1           	619         	9.45        	0.03895     	0.04153     	0.03636     
1           	620         	9.5         	0.03912     	0.04165     	0.03657     
1           	621         	9.45        	0.04093     	0.04403     	0.03781     
1           	622         	9.55        	0.04094     	0.04542     	0.03644     
1           	623         	9.5         	0.04088     	0.0455      	0.03622     
1           	624         	9.45        	0.0396      	0.04517     	0.03398     
1           	625         	9.4         	0.04007     	0.04549     	0.03461     
1           	626         	9.45        	0.04021     	0.04435     	0.03603     
1           	627         	9.45        	0.0396      	0.044       	0.03517     
1           	628         	9.45        	0.03823     	0.04139     	0.03505     
1           	629         	9.45        	0.03728     	0.04081     	0.03373     
1           	630         	9.4         	0.03687     	0.03894     	0.0348      
1           	631         	9.4         	0.03676     	0.03939     	0.03412     
1           	632         	9.45        	0.03663     	0.03946     	0.03377     
1           	633         	9.45        	0.03625     	0.03859     	0.03389     
1           	634         	9.45        	0.03534     	0.03838     	0.03229     
1           	635         	9.45        	0.03552     	0.03856     	0.03246     
1           	636         	9.45        	0.03504     	0.03952     	0.03053     
1           	637         	9.45        	0.03478     	0.03965     	0.02988     
1           	638         	9.4         	0.03487     	0.03952     	0.03018     
1           	639         	9.45        	0.03459     	0.03961     	0.02953     
1           	640         	9.45        	0.03375     	0.03844     	0.02903     
1           	641         	9.45        	0.03327     	0.03679     	0.02972     
1           	642         	9.45        	0.03317     	0.0366      	0.02971     
1           	643         	9.5         	0.03327     	0.03596     	0.03055     
1           	644         	9.5         	0.03396     	0.03674     	0.03115     
1           	645         	9.45        	0.03424     	0.03713     	0.03133     
1           	646         	9.45        	0.03472     	0.03711     	0.03231     
1           	647         	9.4         	0.03495     	0.03646     	0.03342     
1           	648         	9.35        	0.03537     	0.03706     	0.03367     
1           	649         	9.35        	0.03529     	0.03692     	0.03364     
1           	650         	9.45        	0.03447     	0.03657     	0.03236     
1           	651         	9.4         	0.0351      	0.03728     	0.03291     
1           	652         	9.45        	0.03415     	0.03642     	0.03187     
1           	653         	9.4         	0.0332      	0.03459     	0.0318      
1           	654         	9.4         	0.03508     	0.03689     	0.03327     
1           	655         	9.4         	0.03523     	0.03828     	0.03215     
1           	656         	9.4         	0.03579     	0.03908     	0.03246     
1           	657         	9.4         	0.03586     	0.0396      	0.0321      
1           	658         	9.45        	0.03535     	0.03854     	0.03213     
1           	659         	9.4         	0.0362      	0.03899     	0.03339     
1           	660         	9.4         	0.03526     	0.03767     	0.03282     
1           	661         	9.4         	0.03508     	0.03796     	0.03217     
1           	662         	9.3         	0.03606     	0.03818     	0.03392     
1           	663         	9.4         	0.03659     	0.03931     	0.03384     
1           	664         	9.4         	0.03696     	0.0405      	0.03337     
1           	665         	9.4         	0.03753     	0.04091     	0.03409     
1           	666         	9.45        	0.03822     	0.04236     	0.03402     
1           	667         	9.45        	0.03819     	0.04206     	0.03427     
1           	668         	9.45        	0.03791     	0.04179     	0.03397     
1           	669         	9.35        	0.0377      	0.04102     	0.03431     
1           	670         	9.4         	0.03823     	0.04302     	0.03336     
1           	671         	9.5         	0.03713     	0.04147     	0.03271     
1           	672         	9.4         	0.03747     	0.04089     	0.03399     
1           	673         	9.25        	0.0375      	0.04107     	0.03387     
1           	674         	9.3         	0.037       	0.04204     	0.03188     
1           	675         	9.4         	0.03821     	0.0427      	0.03364     
1           	676         	9.45        	0.03831     	0.04307     	0.03348     
1           	677         	9.4         	0.0372      	0.04234     	0.03196     
1           	678         	9.4         	0.03671     	0.042       	0.03132     
1           	679         	9.4         	0.03787     	0.04426     	0.03137     
1           	680         	9.45        	0.0376      	0.04427     	0.0308      
1           	681         	9.3         	0.03939     	0.04628     	0.03236     
1           	682         	9.25        	0.03893     	0.04566     	0.03207     
1           	683         	9.3         	0.03811     	0.0439      	0.03221     
1           	684         	9.35        	0.03806     	0.04435     	0.03164     
1           	685         	9.4         	0.03844     	0.0454      	0.03133     
1           	686         	9.45        	0.03883     	0.04582     	0.03168     
1           	687         	9.55        	0.03843     	0.04521     	0.0315      
1           	688         	9.65        	0.03777     	0.04423     	0.03116     
1           	689         	9.5         	0.03681     	0.04339     	0.03007     
1           	690         	9.5         	0.03712     	0.04379     	0.03031     
1           	691         	9.5         	0.03637     	0.04265     	0.02996     
1           	692         	9.45        	0.03646     	0.04213     	0.03068     
1           	693         	9.45        	0.03719     	0.04261     	0.03165     
1           	694         	9.45        	0.03748     	0.04383     	0.03099     
1           	695         	9.45        	0.03617     	0.04183     	0.0304      
1           	696         	9.45        	0.03723     	0.04359     	0.03073     
1           	697         	9.55        	0.03631     	0.043       	0.02947     
1           	698         	9.5         	0.03644     	0.04266     	0.0301      
1           	699         	9.4         	0.03612     	0.04182     	0.03032     
1           	700         	9.4         	0.0356      	0.04067     	0.03044     
1           	701         	9.4         	0.03485     	0.03977     	0.02984     
1           	702         	9.4         	0.03393     	0.03788     	0.0299      
1           	703         	9.45        	0.03479     	0.03953     	0.02996     
1           	704         	9.4         	0.03456     	0.03791     	0.03115     
1           	705         	9.4         	0.03485     	0.03804     	0.03161     
1           	706         	9.35        	0.03441     	0.03718     	0.0316      
1           	707         	9.4         	0.03465     	0.03772     	0.03152     
1           	708         	9.4         	0.0336      	0.03612     	0.03103     
1           	709         	9.4         	0.03441     	0.03728     	0.0315      
1           	710         	9.4         	0.03478     	0.0387      	0.0308      
1           	711         	9.35        	0.03623     	0.03854     	0.03387     
1           	712         	9.3         	0.0341      	0.03574     	0.03242     
1           	713         	9.3         	0.03345     	0.03512     	0.03175     
1           	714         	9.3         	0.03295     	0.03556     	0.0303      
1           	715         	9.3         	0.03189     	0.03422     	0.02953     
1           	716         	9.3         	0.0314      	0.03319     	0.02958     
1           	717         	9.3         	0.03171     	0.03481     	0.02856     
1           	718         	9.3         	0.03324     	0.03521     	0.03122     
1           	719         	9.3         	0.03371     	0.03669     	0.03067     
1           	720         	9.35        	0.03401     	0.03696     	0.03101     
1           	721         	9.3         	0.03314     	0.03677     	0.02946     
1           	722         	9.4         	0.03346     	0.0366      	0.03028     
1           	723         	9.4         	0.03359     	0.03713     	0.02998     
1           	724         	9.45        	0.03311     	0.0366      	0.02957     
1           	725         	9.45        	0.03372     	0.0373      	0.03007     
1           	726         	9.45        	0.03424     	0.03747     	0.03096     
1           	727         	9.45        	0.03386     	0.03798     	0.02967     
1           	728         	9.45        	0.03452     	0.0377      	0.03129     
1           	729         	9.45        	0.03567     	0.03947     	0.0318      
1           	730         	9.4         	0.03529     	0.03969     	0.03082     
1           	731         	9.4         	0.03501     	0.03922     	0.03072     
1           	732         	9.35        	0.03548     	0.03981     	0.03106     
1           	733         	9.35        	0.03601     	0.04053     	0.0314      
1           	734         	9.25        	0.03743     	0.04256     	0.0322      
1           	735         	9.25        	0.03801     	0.04305     	0.03287     
1           	736         	9.3         	0.03709     	0.04119     	0.0329      
1           	737         	9.3         	0.03715     	0.04188     	0.03231     
1           	738         	9.4         	0.03792     	0.04186     	0.03388     
1           	739         	9.4         	0.03793     	0.04202     	0.03374     
1           	740         	9.35        	0.03855     	0.04283     	0.03416     
1           	741         	9.35        	0.03819     	0.04251     	0.03374     
1           	742         	9.35        	0.0382      	0.04349     	0.03277     
1           	743         	9.35        	0.03842     	0.04414     	0.03253     
1           	744         	9.35        	0.03902     	0.04467     	0.03322     
1           	745         	9.4         	0.03963     	0.04678     	0.03227     
1           	746         	9.45        	0.03862     	0.04605     	0.03099     
1           	747         	9.4         	0.03896     	0.04632     	0.03142     
1           	748         	9.45        	0.03872     	0.04579     	0.03147     
1           	749         	9.55        	0.03874     	0.04436     	0.03297     
1           	750         	9.55        	0.03802     	0.04219     	0.03375     
1           	751         	9.65        	0.0383      	0.04329     	0.03318     
1           	752         	9.65        	0.03931     	0.04352     	0.035       
1           	753         	9.55        	0.03845     	0.04231     	0.03451     
1           	754         	9.5         	0.03859     	0.04277     	0.03434     
1           	755         	9.55        	0.03837     	0.04133     	0.03537     
1           	756         	9.5         	0.03865     	0.04275     	0.03446     
1           	757         	9.55        	0.03982     	0.04425     	0.03531     
1           	758         	9.6         	0.0402      	0.04349     	0.03684     
1           	759         	9.6         	0.03998     	0.04354     	0.03635     
1           	760         	9.6         	0.03907     	0.04267     	0.03541     
1           	761         	9.65        	0.03849     	0.04212     	0.0348      
1           	762         	9.6         	0.03844     	0.04147     	0.03535     
1           	763         	9.55        	0.03868     	0.04268     	0.0346      
1           	764         	9.6         	0.03811     	0.04319     	0.03291     
1           	765         	9.65        	0.03946     	0.04533     	0.03346     
1           	766         	9.6         	0.04096     	0.04682     	0.03498     
1           	767         	9.55        	0.04088     	0.04676     	0.03487     
1           	768         	9.6         	0.04063     	0.04678     	0.03433     
1           	769         	9.65        	0.04104     	0.04757     	0.03435     
1           	770         	9.6         	0.04064     	0.04802     	0.03308     
1           	771         	9.65        	0.04081     	0.04826     	0.03315     
1           	772         	9.5         	0.04177     	0.04888     	0.03446     
1           	773         	9.45        	0.04191     	0.049       	0.03463     
1           	774         	9.35        	0.04135     	0.04768     	0.03484     
1           	775         	9.4         	0.04156     	0.04718     	0.03578     
1           	776         	9.4         	0.04104     	0.04584     	0.03609     
1           	777         	9.4         	0.04169     	0.04553     	0.03773     
1           	778         	9.4         	0.04139     	0.04622     	0.03641     
1           	779         	9.35        	0.04006     	0.0445      	0.03548     
1           	780         	9.35        	0.03999     	0.04522     	0.03461     
1           	781         	9.4         	0.03995     	0.04574     	0.03399     
1           	782         	9.4         	0.0402      	0.0455      	0.03474     
1           	783         	9.45        	0.04198     	0.04666     	0.03717     
1           	784         	9.4         	0.04099     	0.04527     	0.03659     
1           	785         	9.4         	0.04083     	0.04696     	0.03452     
1           	786         	9.4         	0.03935     	0.0465      	0.03197     
1           	787         	9.45        	0.03814     	0.04483     	0.03123     
1           	788         	9.45        	0.03681     	0.04206     	0.03138     
1           	789         	9.55        	0.03749     	0.044       	0.03078     
1           	790         	9.55        	0.03826     	0.04608     	0.03019     
1           	791         	9.55        	0.0384      	0.04474     	0.03187     
1           	792         	9.45        	0.03857     	0.04526     	0.03169     
1           	793         	9.5         	0.0377      	0.04347     	0.03176     
1           	794         	9.45        	0.03859     	0.044       	0.03299     
1           	795         	9.5         	0.03791     	0.04322     	0.03244     
1           	796         	9.6         	0.03722     	0.04216     	0.03213     
1           	797         	9.45        	0.0379      	0.0425      	0.03317     
1           	798         	9.45        	0.03743     	0.04152     	0.03322     
1           	799         	9.5         	0.03802     	0.04329     	0.03259     
1           	800         	9.45        	0.03871     	0.04213     	0.0352      
1           	801         	9.4         	0.03897     	0.04285     	0.03499     
1           	802         	9.5         	0.03921     	0.04288     	0.03544     
1           	803         	9.5         	0.03904     	0.04244     	0.03555     
1           	804         	9.5         	0.03948     	0.04397     	0.0349      
1           	805         	9.55        	0.03846     	0.04364     	0.03317     
1           	806         	9.55        	0.0386      	0.04403     	0.03306     
1           	807         	9.5         	0.03808     	0.04231     	0.03376     
1           	808         	9.5         	0.03781     	0.04182     	0.03372     
1           	809         	9.45        	0.03807     	0.04192     	0.03414     
1           	810         	9.45        	0.03844     	0.04307     	0.03371     
1           	811         	9.4         	0.03875     	0.04514     	0.03224     
1           	812         	9.5         	0.03907     	0.04546     	0.03256     
1           	813         	9.55        	0.03906     	0.04601     	0.03198     
1           	814         	9.65        	0.03921     	0.04585     	0.03244     
1           	815         	9.55        	0.0399      	0.04821     	0.03144     
1           	816         	9.55        	0.03881     	0.04808     	0.02939     
1           	817         	9.5         	0.03927     	0.04859     	0.02981     
1           	818         	9.5         	0.03867     	0.04599     	0.03124     
1           	819         	9.65        	0.03872     	0.04637     	0.03098     
1           	820         	9.65        	0.03888     	0.04632     	0.03135     
1           	821         	9.7         	0.03956     	0.04677     	0.03226     
1           	822         	9.7         	0.03801     	0.0436      	0.03235     
1           	823         	9.6         	0.03759     	0.04338     	0.03173     
1           	824         	9.65        	0.03671     	0.04248     	0.03088     
1           	825         	9.6         	0.03683     	0.04233     	0.03129     
1           	826         	9.65        	0.03781     	0.044       	0.03157     
1           	827         	9.65        	0.03789     	0.04479     	0.03093     
1           	828         	9.6         	0.03896     	0.04637     	0.03149     
1           	829         	9.45        	0.03813     	0.04536     	0.03086     
1           	830         	9.5         	0.03843     	0.04523     	0.0316      
1           	831         	9.5         	0.03748     	0.04377     	0.03114     
1           	832         	9.5         	0.03666     	0.0436      	0.02968     
1           	833         	9.5         	0.03733     	0.04452     	0.0301      
1           	834         	9.45        	0.03629     	0.04355     	0.02901     
1           	835         	9.45        	0.03773     	0.0463      	0.02912     
1           	836         	9.45        	0.03836     	0.0469      	0.02978     
1           	837         	9.45        	0.03729     	0.04539     	0.02914     
1           	838         	9.45        	0.03798     	0.04506     	0.03087     
1           	839         	9.5         	0.03707     	0.04332     	0.03078     
1           	840         	9.5         	0.03771     	0.04492     	0.03044     
1           	841         	9.55        	0.03711     	0.04521     	0.02895     
1           	842         	9.5         	0.03566     	0.04248     	0.0288      
1           	843         	9.6         	0.03541     	0.04204     	0.02874     
1           	844         	9.75        	0.03526     	0.0416      	0.02888     
1           	845         	9.75        	0.03343     	0.03992     	0.0269      
1           	846         	9.7         	0.0329      	0.03827     	0.0275      
1           	847         	9.75        	0.03319     	0.03825     	0.02811     
1           	848         	9.75        	0.03257     	0.03821     	0.02688     
1           	849         	9.85        	0.03381     	0.03962     	0.02795     
1           	850         	9.75        	0.03375     	0.03996     	0.02751     
1           	851         	9.7         	0.03462     	0.04124     	0.02794     
1           	852         	9.75        	0.03414     	0.04104     	0.0272      
1           	853         	9.8         	0.03363     	0.04001     	0.02721     
1           	854         	9.8         	0.03402     	0.04052     	0.02748     
1           	855         	9.75        	0.03342     	0.03951     	0.02731     
1           	856         	9.75        	0.03365     	0.0402      	0.02706     
1           	857         	9.7         	0.03349     	0.0404      	0.02654     
1           	858         	9.7         	0.03191     	0.03823     	0.02558     
1           	859         	9.65        	0.03189     	0.03882     	0.02494     
1           	860         	9.65        	0.03294     	0.03931     	0.02655     
1           	861         	9.7         	0.03212     	0.03848     	0.02572     
1           	862         	9.7         	0.03223     	0.03856     	0.02589     
1           	863         	9.7         	0.03337     	0.04016     	0.02655     
1           	864         	9.75        	0.03368     	0.04147     	0.02588     
1           	865         	9.7         	0.03299     	0.04082     	0.02513     
1           	866         	9.7         	0.03207     	0.03947     	0.02463     
1           	867         	9.75        	0.03179     	0.03945     	0.02409     
1           	868         	9.8         	0.03092     	0.03762     	0.02419     
1           	869         	9.8         	0.03165     	0.03805     	0.02521     
1           	870         	9.6         	0.03201     	0.03701     	0.02699     
1           	871         	9.6         	0.03149     	0.03632     	0.02663     
1           	872         	9.65        	0.03204     	0.03502     	0.02904     
1           	873         	9.6         	0.03174     	0.03453     	0.02895     
1           	874         	9.6         	0.03151     	0.03359     	0.02942     
1           	875         	9.6         	0.03231     	0.03416     	0.03047     
1           	876         	9.6         	0.03243     	0.03465     	0.03022     
1           	877         	9.55        	0.03199     	0.03452     	0.02947     
1           	878         	9.55        	0.03204     	0.0344      	0.02968     
1           	879         	9.55        	0.03167     	0.03328     	0.03006     
1           	880         	9.45        	0.03166     	0.03451     	0.02879     
1           	881         	9.5         	0.0314      	0.03395     	0.02885     
1           	882         	9.55        	0.03213     	0.03433     	0.02992     
1           	883         	9.5         	0.03199     	0.03417     	0.02981     
1           	884         	9.6         	0.03138     	0.03341     	0.02934     
1           	885         	9.55        	0.03197     	0.03237     	0.03156     
1           	886         	9.55        	0.03065     	0.03172     	0.02957     
1           	887         	9.5         	0.03125     	0.03174     	0.03075     
1           	888         	9.65        	0.03305     	0.03258     	0.03352     
1           	889         	9.6         	0.03304     	0.03209     	0.034       
1           	890         	9.6         	0.03216     	0.0309      	0.03343     
1           	891         	9.45        	0.03327     	0.03199     	0.03457     
1           	892         	9.5         	0.03319     	0.03284     	0.03354     
1           	893         	9.5         	0.03276     	0.03182     	0.0337      
1           	894         	9.6         	0.03321     	0.03263     	0.03379     
1           	895         	9.6         	0.03271     	0.03121     	0.03422     
1           	896         	9.6         	0.0317      	0.03012     	0.03328     
1           	897         	9.6         	0.03143     	0.03002     	0.03285     
1           	898         	9.55        	0.03188     	0.02901     	0.03476     
1           	899         	9.5         	0.03195     	0.02959     	0.03433     
1           	900         	9.5         	0.03177     	0.02896     	0.03459     
1           	901         	9.5         	0.03232     	0.02865     	0.03601     
1           	902         	9.5         	0.03217     	0.02683     	0.03754     
1           	903         	9.5         	0.03311     	0.02751     	0.03875     
1           	904         	9.5         	0.03331     	0.02745     	0.03919     
1           	905         	9.45        	0.03424     	0.02773     	0.04073     
1           	906         	9.5         	0.03473     	0.02733     	0.04213     
1           	907         	9.55        	0.03527     	0.02823     	0.0423      
1           	908         	9.55        	0.03697     	0.02822     	0.0457      
1           	909         	9.5         	0.03669     	0.02906     	0.0443      
1           	910         	9.5         	0.03675     	0.03041     	0.04309     
1           	911         	9.55        	0.03609     	0.02974     	0.0424      
1           	912         	9.55        	0.03581     	0.02906     	0.04252     
1           	913         	9.5         	0.03558     	0.02872     	0.04242     
1           	914         	9.6         	0.03535     	0.02885     	0.04181     
1           	915         	9.65        	0.03463     	0.02784     	0.04138     
1           	916         	9.65        	0.03331     	0.02704     	0.03952     
1           	917         	9.7         	0.03417     	0.02703     	0.04121     
1           	918         	9.65        	0.0342      	0.02739     	0.04092     
1           	919         	9.55        	0.03524     	0.02914     	0.04126     
1           	920         	9.55        	0.03525     	0.02882     	0.0416      
1           	921         	9.6         	0.0353      	0.0284      	0.04213     
1           	922         	9.55        	0.03459     	0.02817     	0.04094     
1           	923         	9.55        	0.03481     	0.02882     	0.04073     
1           	924         	9.55        	0.03445     	0.02861     	0.04024     
1           	925         	9.5         	0.03574     	0.02915     	0.04224     
1           	926         	9.6         	0.0337      	0.02872     	0.03861     
1           	927         	9.65        	0.03367     	0.02885     	0.03842     
1           	928         	9.65        	0.03357     	0.02874     	0.03834     
1           	929         	9.6         	0.03302     	0.0282      	0.03779     
1           	930         	9.65        	0.03203     	0.02865     	0.03536     
1           	931         	9.6         	0.03152     	0.02875     	0.03426     
1           	932         	9.55        	0.03169     	0.03074     	0.03262     
1           	933         	9.5         	0.0321      	0.03153     	0.03267     
1           	934         	9.55        	0.03233     	0.03176     	0.03289     
1           	935         	9.6         	0.03337     	0.03304     	0.0337      
1           	936         	9.45        	0.03462     	0.03347     	0.03576     
1           	937         	9.4         	0.03412     	0.03343     	0.03481     
1           	938         	9.4         	0.03436     	0.03481     	0.03392     
1           	939         	9.3         	0.03616     	0.03711     	0.03521     
1           	940         	9.4         	0.03413     	0.03422     	0.03404     
1           	941         	9.45        	0.03459     	0.03448     	0.0347      
1           	942         	9.45        	0.03481     	0.03576     	0.03386     
1           	943         	9.5         	0.03538     	0.0374      	0.03337     
1           	944         	9.6         	0.0351      	0.03739     	0.03281     
1           	945         	9.55        	0.03552     	0.03846     	0.03256     
1           	946         	9.6         	0.03531     	0.03746     	0.03315     
1           	947         	9.6         	0.03588     	0.03832     	0.03341     
1           	948         	9.5         	0.03623     	0.03741     	0.03505     
1           	949         	9.55        	0.0368      	0.03689     	0.03671     
1           	950         	9.55        	0.0357      	0.03576     	0.03564     
1           	951         	9.6         	0.03549     	0.03647     	0.03449     
1           	952         	9.6         	0.03441     	0.03551     	0.03331     
1           	953         	9.7         	0.03481     	0.03539     	0.03423     
1           	954         	9.75        	0.03534     	0.03634     	0.03434     
1           	955         	9.7         	0.0365      	0.03723     	0.03577     
1           	956         	9.7         	0.03583     	0.03611     	0.03555     
1           	957         	9.65        	0.03581     	0.03454     	0.03709     
1           	958         	9.55        	0.03685     	0.03653     	0.03719     
1           	959         	9.65        	0.03544     	0.0352      	0.03568     
1           	960         	9.55        	0.03444     	0.03517     	0.03371     
1           	961         	9.55        	0.03596     	0.03898     	0.0329      
1           	962         	9.6         	0.03572     	0.03945     	0.03194     
1           	963         	9.55        	0.03455     	0.03933     	0.02968     
1           	964         	9.5         	0.03499     	0.0402      	0.0297      
1           	965         	9.55        	0.03552     	0.04069     	0.03026     
1           	966         	9.5         	0.0343      	0.03983     	0.02867     
1           	967         	9.55        	0.03234     	0.03816     	0.0264      
1           	968         	9.55        	0.03243     	0.03852     	0.0262      
1           	969         	9.45        	0.03206     	0.03849     	0.02549     
1           	970         	9.5         	0.03235     	0.03847     	0.02609     
1           	971         	9.55        	0.03227     	0.038       	0.02639     
1           	972         	9.55        	0.03328     	0.03931     	0.02708     
1           	973         	9.55        	0.03369     	0.04011     	0.02711     
1           	974         	9.5         	0.03487     	0.04025     	0.02935     
1           	975         	9.55        	0.03473     	0.04009     	0.02925     
1           	976         	9.55        	0.03624     	0.04059     	0.03179     
1           	977         	9.55        	0.03655     	0.04158     	0.03141     
1           	978         	9.5         	0.03544     	0.0406      	0.03021     
1           	979         	9.5         	0.03575     	0.03991     	0.03151     
1           	980         	9.45        	0.03575     	0.0414      	0.03        
1           	981         	9.5         	0.03574     	0.0408      	0.03059     
1           	982         	9.45        	0.03515     	0.03974     	0.03047     
1           	983         	9.5         	0.03524     	0.03962     	0.03076     
1           	984         	9.5         	0.03498     	0.04092     	0.02893     
1           	985         	9.4         	0.03425     	0.0385      	0.0299      
1           	986         	9.45        	0.0336      	0.03785     	0.02926     
1           	987         	9.5         	0.03303     	0.03674     	0.02926     
1           	988         	9.55        	0.03375     	0.03741     	0.03001     
1           	989         	9.55        	0.03444     	0.03825     	0.03054     
1           	990         	9.45        	0.03497     	0.03797     	0.03191     
1           	991         	9.5         	0.03593     	0.03924     	0.03255     
1           	992         	9.5         	0.03643     	0.04083     	0.03195     
1           	993         	9.5         	0.03598     	0.0417      	0.03017     
1           	994         	9.5         	0.0358      	0.03852     	0.03303     
1           	995         	9.45        	0.03509     	0.03852     	0.03162     
1           	996         	9.4         	0.03501     	0.03865     	0.03132     
1           	997         	9.45        	0.03501     	0.03751     	0.03247     
1           	998         	9.5         	0.03642     	0.03911     	0.03369     
1           	999         	9.5         	0.03587     	0.03842     	0.03328     
1           	1000        	9.5         	0.03496     	0.038       	0.03187     
