generation  	alive.rpl   	n.adlt.nbAll	n.adlt.fst  	n.adlt.fst_l1	n.adlt.fst_l2
1           	1           	5.5         	0.5055      	1           	2.415e-05   
2           	1           	10          	0.4536      	0.8969      	0.0004997   
3           	1           	10          	0.4048      	0.8002      	0.0009227   
4           	1           	10          	0.3641      	0.7202      	0.0007035   
5           	1           	10          	0.33        	0.6523      	0.001037    
6           	1           	10          	0.2906      	0.5742      	0.001074    
7           	1           	10          	0.2582      	0.5101      	0.0009812   
8           	1           	10          	0.2295      	0.4526      	0.001949    
9           	1           	10          	0.204       	0.4016      	0.002301    
10          	1           	10          	0.1766      	0.3465      	0.002794    
11          	1           	10          	0.1561      	0.3062      	0.00263     
12          	1           	10          	0.1412      	0.2761      	0.003244    
13          	1           	10          	0.1294      	0.2528      	0.003083    
14          	1           	10          	0.1146      	0.2235      	0.003218    
15          	1           	10          	0.1016      	0.1976      	0.003521    
16          	1           	10          	0.08963     	0.1743      	0.003105    
17          	1           	10          	0.08131     	0.1575      	0.00351     
18          	1           	10          	0.07327     	0.1418      	0.003325    
19          	1           	10          	0.06488     	0.1251      	0.003353    
20          	1           	10          	0.05967     	0.1149      	0.003327    
21          	1           	10          	0.0564      	0.108       	0.003691    
22          	1           	10          	0.04995     	0.09503     	0.003908    
23          	1           	10          	0.04722     	0.0899      	0.003647    
24          	1           	10          	0.0434      	0.08205     	0.003965    
25          	1           	10          	0.03738     	0.07048     	0.00363     
26          	1           	10          	0.03249     	0.06119     	0.003246    
27          	1           	10          	0.02954     	0.05519     	0.003401    
28          	1           	10          	0.02714     	0.0501      	0.003714    
29          	1           	10          	0.02523     	0.04561     	0.004428    
30          	1           	10          	0.02318     	0.04137     	0.004617    
31          	1           	10          	0.02201     	0.03944     	0.004232    
32          	1           	10          	0.01963     	0.03438     	0.004589    
33          	1           	10          	0.01788     	0.03089     	0.004615    
34          	1           	10          	0.01585     	0.02701     	0.004494    
35          	1           	10          	0.01438     	0.02403     	0.004557    
36          	1           	10          	0.01369     	0.02286     	0.004353    
37          	1           	10          	0.01215     	0.01995     	0.004193    
38          	1           	10          	0.01197     	0.01877     	0.005037    
39          	1           	10          	0.01135     	0.01716     	0.005425    
40          	1           	10          	0.01077     	0.01624     	0.005198    
41          	1           	10          	0.009455    	0.01317     	0.00567     
42          	1           	10          	0.008567    	0.01216     	0.004902    
43          	1           	10          	0.007656    	0.01057     	0.004683    
44          	1           	10          	0.007341    	0.009511    	0.005126    
45          	1           	10          	0.006198    	0.007398    	0.004975    
46          	1           	10          	0.006239    	0.0075      	0.004953    
47          	1           	10          	0.005752    	0.007001    	0.004479    
48          	1           	10          	0.005851    	0.007069    	0.00461     
49          	1           	10          	0.006012    	0.007237    	0.004761    
50          	1           	10          	0.005873    	0.007061    	0.004664    
51          	1           	10          	0.005429    	0.006266    	0.004576    
52          	1           	10          	0.005177    	0.005575    	0.004772    
53          	1           	10          	0.005137    	0.005678    	0.004585    
54          	1           	10          	0.005215    	0.005769    	0.004651    
55          	1           	10          	0.004467    	0.004675    	0.004255    
56          	1           	10          	0.004258    	0.004245    	0.004271    
57          	1           	10          	0.004181    	0.004364    	0.003995    
58          	1           	10          	0.004061    	0.004378    	0.003738    
59          	1           	10          	0.00405     	0.004712    	0.003374    
60          	1           	10          	0.003798    	0.004382    	0.003201    
61          	1           	10          	0.003689    	0.00403     	0.003341    
62          	1           	10          	0.003568    	0.003805    	0.003325    
63          	1           	10          	0.003718    	0.003688    	0.003748    
64          	1           	10          	0.003702    	0.003541    	0.003867    
65          	1           	10          	0.003658    	0.004136    	0.00317     
66          	1           	10          	0.003545    	0.00363     	0.003459    
67          	1           	10          	0.003493    	0.003741    	0.003242    
68          	1           	10          	0.003399    	0.003645    	0.003148    
69          	1           	10          	0.003531    	0.004233    	0.002817    
70          	1           	10          	0.003307    	0.004124    	0.002474    
71          	1           	10          	0.003398    	0.0043      	0.002477    
72          	1           	10          	0.003485    	0.0046      	0.002347    
73          	1           	10          	0.003309    	0.00436     	0.002237    
74          	1           	10          	0.003259    	0.004061    	0.00244     
75          	1           	10          	0.003199    	0.004031    	0.002351    
76          	1           	10          	0.003278    	0.003881    	0.002665    
77          	1           	10          	0.003506    	0.004103    	0.002898    
78          	1           	10          	0.003243    	0.003807    	0.002668    
79          	1           	10          	0.003354    	0.003863    	0.002836    
80          	1           	10          	0.003335    	0.003271    	0.0034      
81          	1           	10          	0.003478    	0.0035      	0.003456    
82          	1           	10          	0.003772    	0.004104    	0.003434    
83          	1           	10          	0.003614    	0.003753    	0.003473    
84          	1           	10          	0.003551    	0.003524    	0.00358     
85          	1           	10          	0.003428    	0.003404    	0.003453    
86          	1           	10          	0.003267    	0.003305    	0.003228    
87          	1           	10          	0.003471    	0.003358    	0.003586    
88          	1           	10          	0.003433    	0.003162    	0.003709    
89          	1           	10          	0.00344     	0.003198    	0.003686    
90          	1           	10          	0.003662    	0.003214    	0.004119    
91          	1           	10          	0.003794    	0.003604    	0.003987    
92          	1           	10          	0.003992    	0.003943    	0.004042    
93          	1           	10          	0.004212    	0.004268    	0.004154    
94          	1           	10          	0.004263    	0.004642    	0.003876    
95          	1           	10          	0.004431    	0.00472     	0.004136    
96          	1           	10          	0.004623    	0.004812    	0.00443     
97          	1           	10          	0.004456    	0.004749    	0.004156    
98          	1           	10          	0.004609    	0.004146    	0.005083    
99          	1           	10          	0.00446     	0.004341    	0.004582    
100         	1           	10          	0.004156    	0.004179    	0.004132    
101         	1           	10          	0.004096    	0.003943    	0.004253    
102         	1           	10          	0.003821    	0.003646    	0.004       
103         	1           	10          	0.003524    	0.003066    	0.003992    
104         	1           	10          	0.003805    	0.003269    	0.004355    
105         	1           	10          	0.0036      	0.002691    	0.004532    
106         	1           	10          	0.003458    	0.002688    	0.004248    
107         	1           	10          	0.00377     	0.002756    	0.004809    
108         	1           	10          	0.003772    	0.003286    	0.004271    
109         	1           	10          	0.003862    	0.003465    	0.004269    
110         	1           	10          	0.003717    	0.003325    	0.004119    
111         	1           	10          	0.003794    	0.00371     	0.003881    
112         	1           	10          	0.003834    	0.003927    	0.003739    
113         	1           	10          	0.003426    	0.003459    	0.003392    
114         	1           	10          	0.003388    	0.003176    	0.003607    
115         	1           	10          	0.003441    	0.003349    	0.003535    
116         	1           	10          	0.003243    	0.003154    	0.003334    
117         	1           	10          	0.003434    	0.003423    	0.003447    
118         	1           	10          	0.003562    	0.003521    	0.003604    
119         	1           	10          	0.003814    	0.00357     	0.004064    
120         	1           	10          	0.003758    	0.003683    	0.003835    
121         	1           	10          	0.003391    	0.003321    	0.003463    
122         	1           	10          	0.003346    	0.003037    	0.003665    
123         	1           	10          	0.003484    	0.00322     	0.003755    
124         	1           	10          	0.003844    	0.003775    	0.003916    
125         	1           	10          	0.004142    	0.004233    	0.004048    
126         	1           	10          	0.003804    	0.004227    	0.003366    
127         	1           	10          	0.003715    	0.00444     	0.002965    
128         	1           	10          	0.003654    	0.004347    	0.002934    
129         	1           	10          	0.004088    	0.004555    	0.003604    
130         	1           	10          	0.004177    	0.004785    	0.003547    
131         	1           	10          	0.003792    	0.004476    	0.003084    
132         	1           	10          	0.004058    	0.004571    	0.003526    
133         	1           	10          	0.004291    	0.004816    	0.003748    
134         	1           	10          	0.004354    	0.004704    	0.003992    
135         	1           	10          	0.004173    	0.004828    	0.003496    
136         	1           	10          	0.004297    	0.004883    	0.003689    
137         	1           	10          	0.003917    	0.004539    	0.003273    
138         	1           	10          	0.003749    	0.004383    	0.003092    
139         	1           	10          	0.003735    	0.004522    	0.002919    
140         	1           	10          	0.003496    	0.004073    	0.002899    
141         	1           	10          	0.003909    	0.004402    	0.003399    
142         	1           	10          	0.003798    	0.004504    	0.003068    
143         	1           	10          	0.004149    	0.004828    	0.003448    
144         	1           	10          	0.004318    	0.005152    	0.003459    
145         	1           	10          	0.004706    	0.005492    	0.003894    
146         	1           	10          	0.004649    	0.005161    	0.00412     
147         	1           	10          	0.004504    	0.004715    	0.004286    
148         	1           	10          	0.004494    	0.004708    	0.004274    
149         	1           	10          	0.004507    	0.004816    	0.004188    
150         	1           	10          	0.004324    	0.004323    	0.004325    
151         	1           	10          	0.004601    	0.003808    	0.005419    
152         	1           	10          	0.004756    	0.003745    	0.005797    
153         	1           	10          	0.004992    	0.003874    	0.006144    
154         	1           	10          	0.004774    	0.003905    	0.005669    
155         	1           	10          	0.004611    	0.003685    	0.005565    
156         	1           	10          	0.004378    	0.00375     	0.005024    
157         	1           	10          	0.004329    	0.003912    	0.004757    
158         	1           	10          	0.003962    	0.003337    	0.004605    
159         	1           	10          	0.003975    	0.003145    	0.004826    
160         	1           	10          	0.003708    	0.003113    	0.00432     
161         	1           	10          	0.004026    	0.003226    	0.004847    
162         	1           	10          	0.004123    	0.003466    	0.004796    
163         	1           	10          	0.003811    	0.003038    	0.004602    
164         	1           	10          	0.004113    	0.003693    	0.004542    
165         	1           	10          	0.004395    	0.004187    	0.004609    
166         	1           	10          	0.004268    	0.004196    	0.004342    
167         	1           	10          	0.004232    	0.004177    	0.004288    
168         	1           	10          	0.003945    	0.003817    	0.004076    
169         	1           	10          	0.003595    	0.003472    	0.003722    
170         	1           	10          	0.003893    	0.004069    	0.003714    
171         	1           	10          	0.003916    	0.004338    	0.003485    
172         	1           	10          	0.004067    	0.004648    	0.003472    
173         	1           	10          	0.004267    	0.004509    	0.00402     
174         	1           	10          	0.003914    	0.004349    	0.00347     
175         	1           	10          	0.003865    	0.004362    	0.003356    
176         	1           	10          	0.004207    	0.00478     	0.003622    
177         	1           	10          	0.003915    	0.004465    	0.003352    
178         	1           	10          	0.004371    	0.005214    	0.003507    
179         	1           	10          	0.004704    	0.005689    	0.003694    
180         	1           	10          	0.005016    	0.006024    	0.003984    
181         	1           	10          	0.005043    	0.006193    	0.003863    
182         	1           	10          	0.005074    	0.006064    	0.004059    
183         	1           	10          	0.004629    	0.005416    	0.00382     
184         	1           	10          	0.004262    	0.004953    	0.003553    
185         	1           	10          	0.004481    	0.005237    	0.003704    
186         	1           	10          	0.00407     	0.004831    	0.003289    
187         	1           	10          	0.0043      	0.005566    	0.002997    
188         	1           	10          	0.004536    	0.005774    	0.003264    
189         	1           	10          	0.004196    	0.005283    	0.003079    
190         	1           	10          	0.004223    	0.005338    	0.003079    
191         	1           	10          	0.003811    	0.004557    	0.003045    
192         	1           	10          	0.003818    	0.004284    	0.003338    
193         	1           	10          	0.003823    	0.004115    	0.003524    
194         	1           	10          	0.003603    	0.003974    	0.003222    
195         	1           	10          	0.003498    	0.003647    	0.003346    
196         	1           	10          	0.003497    	0.003622    	0.00337     
197         	1           	10          	0.003394    	0.003635    	0.003149    
198         	1           	10          	0.003639    	0.004165    	0.0031      
199         	1           	10          	0.003562    	0.003923    	0.003193    
200         	1           	10          	0.0037      	0.004558    	0.002823    
201         	1           	10          	0.003723    	0.004553    	0.002875    
202         	1           	10          	0.003404    	0.004213    	0.002576    
203         	1           	10          	0.003371    	0.003852    	0.002877    
204         	1           	10          	0.003407    	0.004186    	0.002608    
205         	1           	10          	0.003264    	0.004267    	0.002235    
206         	1           	10          	0.003965    	0.005086    	0.002814    
207         	1           	10          	0.004224    	0.005486    	0.002928    
208         	1           	10          	0.004312    	0.005176    	0.003423    
209         	1           	10          	0.004451    	0.004797    	0.004095    
210         	1           	10          	0.004628    	0.004715    	0.00454     
211         	1           	10          	0.004438    	0.00479     	0.004076    
212         	1           	10          	0.004316    	0.004577    	0.004048    
213         	1           	10          	0.004121    	0.004093    	0.00415     
214         	1           	10          	0.004006    	0.0039      	0.004114    
215         	1           	10          	0.003693    	0.003611    	0.003777    
216         	1           	10          	0.003648    	0.00384     	0.00345     
217         	1           	10          	0.003575    	0.003842    	0.003302    
218         	1           	10          	0.003966    	0.00429     	0.003634    
219         	1           	10          	0.004117    	0.003916    	0.004324    
220         	1           	10          	0.004083    	0.004071    	0.004094    
221         	1           	10          	0.004336    	0.005137    	0.003515    
222         	1           	10          	0.004594    	0.005244    	0.003928    
223         	1           	10          	0.004419    	0.005311    	0.003504    
224         	1           	10          	0.004403    	0.005585    	0.00319     
225         	1           	10          	0.004358    	0.005372    	0.003315    
226         	1           	10          	0.00443     	0.005598    	0.003228    
227         	1           	10          	0.004697    	0.006302    	0.003045    
228         	1           	10          	0.004657    	0.005986    	0.003286    
229         	1           	10          	0.004352    	0.005802    	0.002855    
230         	1           	10          	0.003933    	0.005291    	0.002529    
231         	1           	10          	0.003796    	0.004925    	0.002628    
232         	1           	10          	0.003853    	0.004689    	0.00299     
233         	1           	10          	0.003551    	0.004357    	0.002717    
234         	1           	10          	0.003519    	0.003913    	0.003111    
235         	1           	10          	0.004041    	0.004188    	0.00389     
236         	1           	10          	0.00429     	0.004048    	0.00454     
237         	1           	10          	0.004048    	0.00355     	0.004563    
238         	1           	10          	0.003453    	0.003535    	0.003367    
239         	1           	10          	0.00368     	0.003699    	0.003661    
240         	1           	10          	0.003468    	0.003514    	0.00342     
241         	1           	10          	0.00358     	0.003779    	0.003374    
242         	1           	10          	0.003549    	0.003211    	0.003897    
243         	1           	10          	0.003765    	0.003475    	0.004064    
244         	1           	10          	0.003989    	0.003558    	0.004433    
245         	1           	10          	0.003899    	0.003405    	0.004409    
246         	1           	10          	0.004028    	0.003805    	0.004258    
247         	1           	10          	0.003861    	0.003869    	0.003853    
248         	1           	10          	0.003473    	0.003665    	0.003276    
249         	1           	10          	0.003905    	0.004249    	0.00355     
250         	1           	10          	0.004349    	0.004623    	0.004067    
251         	1           	10          	0.004259    	0.004884    	0.003616    
252         	1           	10          	0.00379     	0.004093    	0.003479    
253         	1           	10          	0.003802    	0.003907    	0.003693    
254         	1           	10          	0.003765    	0.003965    	0.003558    
255         	1           	10          	0.003913    	0.003951    	0.003874    
256         	1           	10          	0.003904    	0.003937    	0.003869    
257         	1           	10          	0.004239    	0.004118    	0.004363    
258         	1           	10          	0.004301    	0.004024    	0.004587    
259         	1           	10          	0.004336    	0.004087    	0.004592    
260         	1           	10          	0.004328    	0.003879    	0.004791    
261         	1           	10          	0.004215    	0.003777    	0.004667    
262         	1           	10          	0.004684    	0.004276    	0.005105    
263         	1           	10          	0.004748    	0.00426     	0.005252    
264         	1           	10          	0.004658    	0.004366    	0.004959    
265         	1           	10          	0.004396    	0.003955    	0.004851    
266         	1           	10          	0.004441    	0.003634    	0.005274    
267         	1           	10          	0.004132    	0.003662    	0.004619    
268         	1           	10          	0.003943    	0.003326    	0.004583    
269         	1           	10          	0.003833    	0.003672    	0.004001    
270         	1           	10          	0.003787    	0.003499    	0.004085    
271         	1           	10          	0.003893    	0.003191    	0.00462     
272         	1           	10          	0.003974    	0.003752    	0.004204    
273         	1           	10          	0.004002    	0.003568    	0.00445     
274         	1           	10          	0.003944    	0.003453    	0.004451    
275         	1           	10          	0.00432     	0.00364     	0.00502     
276         	1           	10          	0.004634    	0.004185    	0.005097    
277         	1           	10          	0.004865    	0.004233    	0.005516    
278         	1           	10          	0.004401    	0.00387     	0.004947    
279         	1           	10          	0.004355    	0.003649    	0.005081    
280         	1           	10          	0.00461     	0.004267    	0.004962    
281         	1           	10          	0.004238    	0.003266    	0.00524     
282         	1           	10          	0.004003    	0.003581    	0.004439    
283         	1           	10          	0.004196    	0.004179    	0.004213    
284         	1           	10          	0.004162    	0.004446    	0.003868    
285         	1           	10          	0.004534    	0.004523    	0.004545    
286         	1           	10          	0.004344    	0.00421     	0.004482    
287         	1           	10          	0.004042    	0.003889    	0.0042      
288         	1           	10          	0.003745    	0.003563    	0.003934    
289         	1           	10          	0.003805    	0.003258    	0.004372    
290         	1           	10          	0.003746    	0.003432    	0.004071    
291         	1           	10          	0.003777    	0.003608    	0.003952    
292         	1           	10          	0.003971    	0.003757    	0.004194    
293         	1           	10          	0.003649    	0.003494    	0.003811    
294         	1           	10          	0.003865    	0.003488    	0.004257    
295         	1           	10          	0.003767    	0.0034      	0.004147    
296         	1           	10          	0.003719    	0.00333     	0.004123    
297         	1           	10          	0.003523    	0.002495    	0.004587    
298         	1           	10          	0.00339     	0.00254     	0.00427     
299         	1           	10          	0.003165    	0.002749    	0.003594    
300         	1           	10          	0.002889    	0.002405    	0.00339     
301         	1           	10          	0.002425    	0.002057    	0.002805    
302         	1           	10          	0.002804    	0.002513    	0.003105    
303         	1           	10          	0.002915    	0.002403    	0.003444    
304         	1           	10          	0.002838    	0.0025      	0.003188    
305         	1           	10          	0.002672    	0.002512    	0.002836    
306         	1           	10          	0.002653    	0.002466    	0.002846    
307         	1           	10          	0.002721    	0.002633    	0.002811    
308         	1           	10          	0.002925    	0.002662    	0.003196    
309         	1           	10          	0.003013    	0.002893    	0.003137    
310         	1           	10          	0.003325    	0.003265    	0.003386    
311         	1           	10          	0.003056    	0.00323     	0.002876    
312         	1           	10          	0.003037    	0.003565    	0.002493    
313         	1           	10          	0.003134    	0.00361     	0.002644    
314         	1           	10          	0.002896    	0.003261    	0.002521    
315         	1           	10          	0.003004    	0.003473    	0.002521    
316         	1           	10          	0.003413    	0.004087    	0.002719    
317         	1           	10          	0.003413    	0.004177    	0.002629    
318         	1           	10          	0.003373    	0.003991    	0.002735    
319         	1           	10          	0.003332    	0.003973    	0.002673    
320         	1           	10          	0.003159    	0.003853    	0.002446    
321         	1           	10          	0.003006    	0.003766    	0.002226    
322         	1           	10          	0.003199    	0.004104    	0.002268    
323         	1           	10          	0.002826    	0.003786    	0.001839    
324         	1           	10          	0.003212    	0.003991    	0.002411    
325         	1           	10          	0.003472    	0.004397    	0.002521    
326         	1           	10          	0.003564    	0.004318    	0.002789    
327         	1           	10          	0.00352     	0.003853    	0.003178    
328         	1           	10          	0.003354    	0.003415    	0.003292    
329         	1           	10          	0.003361    	0.003243    	0.003482    
330         	1           	10          	0.00342     	0.002992    	0.003859    
331         	1           	10          	0.003142    	0.003124    	0.00316     
332         	1           	10          	0.003332    	0.003115    	0.003554    
333         	1           	10          	0.003601    	0.003149    	0.004065    
334         	1           	10          	0.003376    	0.002643    	0.004128    
335         	1           	10          	0.003129    	0.002426    	0.003849    
336         	1           	10          	0.003194    	0.0026      	0.003804    
337         	1           	10          	0.003318    	0.002618    	0.004035    
338         	1           	10          	0.003366    	0.002864    	0.003881    
339         	1           	10          	0.003212    	0.002796    	0.00364     
340         	1           	10          	0.003462    	0.002591    	0.004356    
341         	1           	10          	0.003842    	0.003117    	0.004586    
342         	1           	10          	0.003498    	0.002865    	0.004147    
343         	1           	10          	0.00349     	0.002853    	0.004141    
344         	1           	10          	0.003439    	0.002614    	0.004283    
345         	1           	10          	0.003945    	0.003237    	0.004672    
346         	1           	10          	0.003875    	0.003288    	0.004477    
347         	1           	10          	0.003743    	0.003615    	0.003874    
348         	1           	10          	0.00348     	0.003349    	0.003613    
349         	1           	10          	0.003391    	0.003166    	0.003621    
350         	1           	10          	0.003529    	0.003566    	0.003492    
351         	1           	10          	0.003543    	0.003285    	0.003807    
352         	1           	10          	0.003704    	0.00355     	0.003861    
353         	1           	10          	0.003311    	0.003081    	0.003546    
354         	1           	10          	0.003074    	0.002731    	0.003424    
355         	1           	10          	0.003436    	0.002979    	0.003904    
356         	1           	10          	0.00315     	0.002716    	0.003595    
357         	1           	10          	0.002984    	0.002699    	0.003276    
358         	1           	10          	0.003031    	0.002707    	0.003361    
359         	1           	10          	0.002916    	0.002695    	0.003143    
360         	1           	10          	0.003102    	0.002807    	0.003404    
361         	1           	10          	0.002764    	0.002306    	0.003233    
362         	1           	10          	0.002705    	0.002339    	0.00308     
363         	1           	10          	0.002695    	0.002652    	0.00274     
364         	1           	10          	0.002462    	0.002477    	0.002446    
365         	1           	10          	0.002709    	0.002751    	0.002667    
366         	1           	10          	0.003205    	0.00331     	0.003098    
367         	1           	10          	0.003419    	0.003326    	0.003514    
368         	1           	10          	0.003869    	0.003482    	0.004264    
369         	1           	10          	0.00373     	0.003482    	0.003983    
370         	1           	10          	0.003717    	0.003487    	0.003953    
371         	1           	10          	0.003928    	0.003604    	0.004259    
372         	1           	10          	0.003644    	0.00342     	0.003872    
373         	1           	10          	0.003731    	0.003496    	0.00397     
374         	1           	10          	0.003427    	0.003584    	0.003268    
375         	1           	10          	0.003235    	0.003806    	0.002652    
376         	1           	10          	0.003692    	0.004929    	0.002429    
377         	1           	10          	0.004011    	0.005303    	0.002691    
378         	1           	10          	0.004297    	0.005161    	0.003414    
379         	1           	10          	0.003858    	0.004265    	0.003441    
380         	1           	10          	0.003558    	0.004096    	0.003009    
381         	1           	10          	0.003715    	0.004428    	0.002985    
382         	1           	10          	0.003715    	0.004275    	0.003143    
383         	1           	10          	0.00381     	0.004639    	0.002962    
384         	1           	10          	0.003786    	0.004126    	0.003439    
385         	1           	10          	0.003714    	0.004104    	0.003315    
386         	1           	10          	0.003656    	0.004317    	0.00298     
387         	1           	10          	0.003334    	0.004006    	0.002648    
388         	1           	10          	0.003409    	0.003607    	0.003206    
389         	1           	10          	0.003495    	0.004109    	0.002866    
390         	1           	10          	0.00365     	0.003958    	0.003334    
391         	1           	10          	0.003744    	0.003767    	0.00372     
392         	1           	10          	0.004258    	0.00437     	0.004142    
393         	1           	10          	0.00434     	0.004473    	0.004204    
394         	1           	10          	0.00435     	0.004679    	0.004012    
395         	1           	10          	0.004205    	0.004289    	0.004118    
396         	1           	10          	0.004224    	0.004054    	0.004399    
397         	1           	10          	0.004252    	0.004107    	0.0044      
398         	1           	10          	0.003973    	0.003596    	0.00436     
399         	1           	10          	0.004189    	0.003996    	0.004387    
400         	1           	10          	0.003906    	0.003715    	0.004103    
401         	1           	10          	0.004263    	0.004371    	0.004153    
402         	1           	10          	0.004304    	0.003993    	0.004623    
403         	1           	10          	0.004558    	0.003904    	0.005227    
404         	1           	10          	0.004109    	0.003412    	0.004823    
405         	1           	10          	0.004573    	0.003865    	0.005299    
406         	1           	10          	0.00417     	0.003407    	0.004953    
407         	1           	10          	0.003922    	0.00296     	0.004911    
408         	1           	10          	0.004152    	0.003356    	0.004969    
409         	1           	10          	0.004388    	0.0035      	0.005301    
410         	1           	10          	0.004216    	0.003389    	0.005066    
411         	1           	10          	0.00437     	0.003368    	0.005397    
412         	1           	10          	0.004649    	0.003848    	0.005471    
413         	1           	10          	0.00446     	0.004118    	0.004811    
414         	1           	10          	0.003873    	0.003461    	0.004296    
415         	1           	10          	0.003628    	0.002854    	0.00442     
416         	1           	10          	0.003762    	0.002968    	0.004574    
417         	1           	10          	0.003799    	0.003508    	0.004096    
418         	1           	10          	0.004044    	0.003807    	0.004286    
419         	1           	10          	0.00387     	0.0035      	0.004249    
420         	1           	10          	0.00392     	0.003117    	0.004741    
421         	1           	10          	0.003893    	0.00311     	0.004692    
422         	1           	10          	0.004603    	0.003847    	0.005374    
423         	1           	10          	0.004669    	0.003634    	0.005723    
424         	1           	10          	0.004802    	0.003683    	0.005942    
425         	1           	10          	0.004694    	0.003793    	0.005612    
426         	1           	10          	0.004375    	0.003507    	0.00526     
427         	1           	10          	0.004044    	0.003575    	0.004521    
428         	1           	10          	0.004216    	0.003393    	0.005054    
429         	1           	10          	0.004224    	0.003489    	0.004972    
430         	1           	10          	0.003776    	0.003006    	0.004558    
431         	1           	10          	0.004348    	0.003286    	0.005428    
432         	1           	10          	0.003788    	0.00316     	0.004428    
433         	1           	10          	0.003576    	0.003466    	0.003687    
434         	1           	10          	0.003544    	0.003419    	0.003672    
435         	1           	10          	0.003304    	0.003616    	0.002986    
436         	1           	10          	0.003183    	0.003376    	0.002986    
437         	1           	10          	0.003485    	0.002952    	0.004028    
438         	1           	10          	0.003362    	0.002673    	0.004064    
439         	1           	10          	0.003252    	0.002461    	0.004057    
440         	1           	10          	0.00317     	0.002376    	0.003977    
441         	1           	10          	0.003257    	0.00221     	0.004322    
442         	1           	10          	0.003026    	0.00217     	0.003897    
443         	1           	10          	0.00336     	0.002499    	0.004232    
444         	1           	10          	0.003396    	0.002417    	0.004388    
445         	1           	10          	0.00305     	0.002311    	0.003798    
446         	1           	10          	0.00306     	0.002612    	0.003514    
447         	1           	10          	0.002991    	0.002794    	0.003192    
448         	1           	10          	0.002688    	0.002718    	0.002658    
449         	1           	10          	0.002828    	0.002765    	0.002892    
450         	1           	10          	0.002826    	0.002599    	0.003057    
451         	1           	10          	0.003381    	0.003447    	0.003313    
452         	1           	10          	0.003404    	0.00346     	0.003347    
453         	1           	10          	0.003095    	0.003219    	0.00297     
454         	1           	10          	0.003603    	0.004172    	0.003024    
455         	1           	10          	0.003722    	0.004437    	0.002994    
456         	1           	10          	0.003704    	0.004421    	0.002973    
457         	1           	10          	0.00356     	0.004211    	0.002897    
458         	1           	10          	0.003558    	0.004041    	0.003064    
459         	1           	10          	0.003293    	0.003618    	0.002962    
460         	1           	10          	0.00378     	0.004063    	0.003491    
461         	1           	10          	0.003855    	0.004369    	0.003331    
462         	1           	10          	0.003418    	0.003474    	0.00336     
463         	1           	10          	0.003416    	0.00342     	0.003412    
464         	1           	10          	0.003434    	0.003329    	0.00354     
465         	1           	10          	0.003486    	0.003524    	0.003448    
466         	1           	10          	0.003525    	0.003949    	0.003095    
467         	1           	10          	0.0037      	0.003944    	0.003453    
468         	1           	10          	0.003873    	0.004295    	0.003445    
469         	1           	10          	0.00365     	0.004079    	0.003215    
470         	1           	10          	0.003531    	0.003948    	0.003108    
471         	1           	10          	0.003699    	0.004225    	0.003166    
472         	1           	10          	0.003494    	0.003952    	0.003029    
473         	1           	10          	0.003273    	0.003865    	0.002672    
474         	1           	10          	0.003388    	0.003941    	0.002827    
475         	1           	10          	0.003845    	0.004494    	0.003186    
476         	1           	10          	0.003796    	0.004526    	0.003054    
477         	1           	10          	0.003264    	0.003689    	0.002833    
478         	1           	10          	0.003135    	0.003554    	0.00271     
479         	1           	10          	0.003167    	0.003751    	0.002574    
480         	1           	10          	0.003183    	0.00416     	0.002193    
481         	1           	10          	0.003295    	0.003983    	0.002598    
482         	1           	10          	0.003348    	0.003843    	0.002846    
483         	1           	10          	0.003255    	0.003714    	0.002789    
484         	1           	10          	0.003412    	0.003681    	0.00314     
485         	1           	10          	0.003413    	0.003715    	0.003106    
486         	1           	10          	0.003537    	0.003736    	0.003334    
487         	1           	10          	0.00359     	0.003819    	0.003357    
488         	1           	10          	0.003376    	0.003645    	0.003102    
489         	1           	10          	0.003351    	0.003453    	0.003247    
490         	1           	10          	0.003172    	0.003524    	0.002814    
491         	1           	10          	0.003274    	0.003848    	0.002692    
492         	1           	10          	0.00287     	0.003459    	0.002273    
493         	1           	10          	0.002705    	0.003201    	0.002201    
494         	1           	10          	0.002695    	0.003162    	0.00222     
495         	1           	10          	0.002686    	0.003223    	0.00214     
496         	1           	10          	0.002805    	0.003296    	0.002305    
497         	1           	10          	0.002679    	0.003135    	0.002216    
498         	1           	10          	0.002644    	0.00312     	0.00216     
499         	1           	10          	0.002486    	0.003074    	0.001888    
500         	1           	10          	0.002574    	0.00339     	0.001743    
501         	1           	10          	0.002921    	0.004177    	0.00164     
502         	1           	10          	0.003297    	0.004408    	0.002163    
503         	1           	10          	0.002997    	0.003892    	0.002083    
504         	1           	10          	0.002594    	0.003188    	0.001989    
505         	1           	10          	0.002638    	0.003041    	0.002228    
506         	1           	10          	0.002628    	0.002943    	0.002307    
507         	1           	10          	0.002965    	0.003186    	0.00274     
508         	1           	10          	0.002962    	0.003041    	0.002883    
509         	1           	10          	0.002886    	0.003103    	0.002663    
510         	1           	10          	0.003001    	0.003166    	0.002833    
511         	1           	10          	0.002874    	0.002744    	0.003006    
512         	1           	10          	0.003175    	0.003162    	0.003188    
513         	1           	10          	0.003073    	0.003259    	0.002884    
514         	1           	10          	0.003086    	0.003508    	0.002656    
515         	1           	10          	0.003083    	0.003365    	0.002795    
516         	1           	10          	0.003317    	0.003462    	0.003168    
517         	1           	10          	0.003128    	0.003132    	0.003123    
518         	1           	10          	0.003545    	0.003563    	0.003527    
519         	1           	10          	0.00379     	0.003977    	0.003601    
520         	1           	10          	0.003612    	0.003914    	0.003304    
521         	1           	10          	0.003327    	0.003566    	0.003085    
522         	1           	10          	0.003266    	0.003485    	0.003044    
523         	1           	10          	0.003532    	0.003869    	0.003191    
524         	1           	10          	0.003505    	0.003536    	0.003474    
525         	1           	10          	0.003769    	0.004169    	0.003363    
526         	1           	10          	0.003842    	0.004241    	0.003438    
527         	1           	10          	0.003721    	0.003975    	0.003464    
528         	1           	10          	0.003718    	0.003719    	0.003718    
529         	1           	10          	0.003422    	0.003158    	0.003691    
530         	1           	10          	0.00376     	0.003437    	0.004088    
531         	1           	10          	0.003572    	0.003199    	0.003951    
532         	1           	10          	0.003804    	0.003471    	0.004142    
533         	1           	10          	0.003949    	0.003961    	0.003937    
534         	1           	10          	0.004049    	0.00412     	0.003976    
535         	1           	10          	0.004043    	0.003968    	0.004119    
536         	1           	10          	0.003834    	0.003389    	0.004289    
537         	1           	10          	0.003934    	0.003021    	0.004865    
538         	1           	10          	0.003816    	0.002964    	0.004684    
539         	1           	10          	0.00363     	0.00253     	0.004752    
540         	1           	10          	0.003626    	0.002228    	0.00505     
541         	1           	10          	0.003086    	0.001945    	0.004248    
542         	1           	10          	0.003024    	0.001859    	0.004211    
543         	1           	10          	0.002783    	0.001607    	0.003981    
544         	1           	10          	0.003065    	0.001835    	0.004322    
545         	1           	10          	0.003454    	0.001938    	0.005005    
546         	1           	10          	0.003703    	0.002252    	0.005189    
547         	1           	10          	0.004006    	0.00285     	0.00519     
548         	1           	10          	0.003686    	0.002791    	0.004604    
549         	1           	10          	0.003663    	0.002492    	0.004864    
550         	1           	10          	0.003692    	0.003092    	0.004308    
551         	1           	10          	0.003479    	0.00278     	0.004197    
552         	1           	10          	0.003501    	0.002914    	0.004104    
553         	1           	10          	0.003501    	0.003057    	0.003957    
554         	1           	10          	0.003485    	0.002708    	0.004281    
555         	1           	10          	0.003416    	0.002885    	0.003961    
556         	1           	10          	0.003375    	0.002567    	0.004203    
557         	1           	10          	0.00332     	0.002801    	0.003851    
558         	1           	10          	0.003241    	0.002667    	0.003829    
559         	1           	10          	0.003103    	0.003084    	0.003123    
560         	1           	10          	0.003217    	0.003128    	0.003309    
561         	1           	10          	0.003066    	0.003199    	0.00293     
562         	1           	10          	0.003108    	0.003456    	0.002753    
563         	1           	10          	0.002993    	0.00354     	0.002434    
564         	1           	10          	0.003208    	0.003289    	0.003125    
565         	1           	10          	0.003309    	0.003325    	0.003292    
566         	1           	10          	0.003525    	0.003552    	0.003497    
567         	1           	10          	0.003894    	0.003612    	0.004181    
568         	1           	10          	0.003711    	0.003591    	0.003833    
569         	1           	10          	0.004106    	0.003801    	0.004416    
570         	1           	10          	0.00428     	0.004144    	0.004419    
571         	1           	10          	0.00428     	0.004362    	0.004196    
572         	1           	10          	0.004328    	0.004703    	0.003947    
573         	1           	10          	0.004778    	0.005201    	0.004346    
574         	1           	10          	0.004471    	0.005208    	0.003722    
575         	1           	10          	0.004228    	0.004647    	0.003802    
576         	1           	10          	0.003889    	0.004315    	0.003456    
577         	1           	10          	0.003589    	0.004282    	0.002883    
578         	1           	10          	0.00366     	0.004244    	0.003066    
579         	1           	10          	0.003332    	0.003751    	0.002906    
580         	1           	10          	0.003101    	0.003188    	0.003013    
581         	1           	10          	0.003185    	0.003322    	0.003046    
582         	1           	10          	0.003215    	0.003497    	0.002928    
583         	1           	10          	0.003334    	0.003589    	0.003075    
584         	1           	10          	0.003293    	0.003439    	0.003144    
585         	1           	10          	0.003307    	0.003424    	0.003188    
586         	1           	10          	0.003737    	0.004019    	0.00345     
587         	1           	10          	0.003514    	0.003891    	0.003129    
588         	1           	10          	0.003636    	0.004112    	0.003152    
589         	1           	10          	0.003946    	0.004551    	0.003331    
590         	1           	10          	0.003914    	0.004734    	0.003081    
591         	1           	10          	0.003808    	0.004671    	0.00293     
592         	1           	10          	0.003447    	0.004074    	0.002809    
593         	1           	10          	0.003445    	0.003969    	0.002912    
594         	1           	10          	0.004013    	0.004364    	0.003656    
595         	1           	10          	0.003987    	0.004084    	0.003888    
596         	1           	10          	0.003917    	0.003964    	0.00387     
597         	1           	10          	0.003584    	0.003856    	0.003308    
598         	1           	10          	0.003989    	0.004409    	0.003563    
599         	1           	10          	0.004095    	0.004167    	0.004022    
600         	1           	10          	0.003941    	0.004083    	0.003796    
601         	1           	10          	0.004105    	0.004047    	0.004163    
602         	1           	10          	0.003868    	0.003702    	0.004036    
603         	1           	10          	0.003657    	0.004237    	0.003068    
604         	1           	10          	0.003492    	0.004064    	0.002909    
605         	1           	10          	0.003642    	0.004311    	0.002962    
606         	1           	10          	0.003893    	0.004636    	0.00314     
607         	1           	10          	0.003569    	0.003955    	0.003177    
608         	1           	10          	0.003512    	0.003611    	0.003413    
609         	1           	10          	0.00337     	0.003364    	0.003377    
610         	1           	10          	0.003059    	0.003065    	0.003054    
611         	1           	10          	0.003461    	0.003666    	0.003254    
612         	1           	10          	0.00349     	0.003111    	0.003874    
613         	1           	10          	0.003853    	0.003738    	0.003969    
614         	1           	10          	0.003944    	0.003976    	0.003912    
615         	1           	10          	0.003685    	0.003776    	0.003593    
616         	1           	10          	0.003376    	0.003525    	0.003225    
617         	1           	10          	0.003288    	0.003494    	0.00308     
618         	1           	10          	0.003254    	0.003469    	0.003037    
619         	1           	10          	0.002899    	0.003272    	0.002521    
620         	1           	10          	0.002799    	0.003208    	0.002383    
621         	1           	10          	0.002994    	0.0029      	0.003088    
622         	1           	10          	0.002951    	0.003004    	0.002898    
623         	1           	10          	0.00327     	0.003577    	0.002958    
624         	1           	10          	0.003345    	0.003746    	0.00294     
625         	1           	10          	0.003451    	0.003912    	0.002983    
626         	1           	10          	0.003599    	0.004304    	0.002887    
627         	1           	10          	0.004142    	0.004555    	0.003724    
628         	1           	10          	0.004036    	0.004133    	0.003939    
629         	1           	10          	0.003604    	0.003982    	0.003223    
630         	1           	10          	0.003543    	0.004051    	0.00303     
631         	1           	10          	0.00399     	0.004566    	0.00341     
632         	1           	10          	0.004213    	0.004847    	0.003572    
633         	1           	10          	0.004022    	0.004805    	0.003232    
634         	1           	10          	0.004041    	0.004944    	0.003131    
635         	1           	10          	0.003939    	0.004549    	0.003325    
636         	1           	10          	0.003766    	0.004359    	0.00317     
637         	1           	10          	0.003648    	0.004351    	0.002941    
638         	1           	10          	0.003851    	0.004246    	0.003452    
639         	1           	10          	0.0043      	0.004693    	0.003904    
640         	1           	10          	0.004438    	0.004786    	0.004087    
641         	1           	10          	0.004216    	0.004397    	0.004032    
642         	1           	10          	0.004075    	0.004283    	0.003864    
643         	1           	10          	0.004193    	0.003622    	0.004772    
644         	1           	10          	0.003838    	0.003661    	0.004018    
645         	1           	10          	0.003838    	0.003623    	0.004054    
646         	1           	10          	0.003831    	0.004253    	0.003403    
647         	1           	10          	0.003822    	0.004251    	0.003389    
648         	1           	10          	0.003743    	0.00411     	0.003372    
649         	1           	10          	0.003616    	0.004077    	0.003151    
650         	1           	10          	0.003644    	0.004079    	0.003205    
651         	1           	10          	0.003789    	0.004224    	0.00335     
652         	1           	10          	0.003198    	0.003518    	0.002875    
653         	1           	10          	0.003672    	0.003848    	0.003495    
654         	1           	10          	0.003644    	0.00376     	0.003528    
655         	1           	10          	0.003897    	0.004076    	0.003716    
656         	1           	10          	0.003812    	0.003877    	0.003747    
657         	1           	10          	0.003485    	0.003958    	0.003007    
658         	1           	10          	0.003536    	0.004163    	0.002901    
659         	1           	10          	0.003815    	0.004676    	0.002943    
660         	1           	10          	0.003607    	0.004197    	0.003011    
661         	1           	10          	0.003653    	0.004017    	0.003285    
662         	1           	10          	0.00365     	0.004026    	0.003271    
663         	1           	10          	0.003525    	0.003873    	0.003175    
664         	1           	10          	0.003563    	0.003866    	0.003258    
665         	1           	10          	0.003911    	0.004247    	0.003572    
666         	1           	10          	0.003924    	0.004056    	0.00379     
667         	1           	10          	0.003471    	0.003797    	0.003142    
668         	1           	10          	0.003254    	0.003319    	0.003189    
669         	1           	10          	0.003622    	0.003776    	0.003466    
670         	1           	10          	0.003559    	0.003986    	0.003129    
671         	1           	10          	0.00329     	0.00332     	0.00326     
672         	1           	10          	0.003413    	0.003607    	0.003216    
673         	1           	10          	0.003781    	0.00395     	0.003611    
674         	1           	10          	0.003599    	0.003628    	0.003571    
675         	1           	10          	0.004055    	0.003863    	0.004249    
676         	1           	10          	0.004237    	0.004231    	0.004243    
677         	1           	10          	0.004347    	0.004289    	0.004406    
678         	1           	10          	0.004575    	0.004212    	0.004942    
679         	1           	10          	0.004831    	0.004139    	0.005531    
680         	1           	10          	0.004576    	0.004766    	0.004384    
681         	1           	10          	0.004106    	0.003673    	0.004544    
682         	1           	10          	0.003935    	0.003963    	0.003906    
683         	1           	10          	0.003616    	0.003305    	0.003932    
684         	1           	10          	0.00357     	0.003476    	0.003665    
685         	1           	10          	0.003765    	0.003461    	0.004071    
686         	1           	10          	0.003781    	0.003607    	0.003957    
687         	1           	10          	0.003157    	0.003006    	0.003308    
688         	1           	10          	0.003229    	0.003308    	0.003149    
689         	1           	10          	0.003326    	0.003437    	0.003213    
690         	1           	10          	0.003557    	0.003375    	0.00374     
691         	1           	10          	0.003666    	0.00331     	0.004025    
692         	1           	10          	0.003744    	0.002977    	0.004518    
693         	1           	10          	0.003919    	0.003045    	0.004802    
694         	1           	10          	0.003388    	0.002601    	0.004184    
695         	1           	10          	0.003199    	0.002543    	0.003862    
696         	1           	10          	0.003361    	0.002296    	0.004433    
697         	1           	10          	0.003498    	0.002673    	0.004329    
698         	1           	10          	0.003461    	0.002868    	0.004058    
699         	1           	10          	0.003404    	0.002958    	0.003854    
700         	1           	10          	0.003427    	0.003029    	0.003828    
701         	1           	10          	0.003092    	0.002955    	0.00323     
702         	1           	10          	0.003118    	0.002996    	0.003241    
703         	1           	10          	0.003275    	0.002683    	0.00387     
704         	1           	10          	0.003481    	0.0031      	0.003863    
705         	1           	10          	0.003647    	0.003246    	0.00405     
706         	1           	10          	0.003687    	0.00317     	0.004203    
707         	1           	10          	0.003854    	0.003327    	0.004381    
708         	1           	10          	0.004111    	0.003518    	0.004704    
709         	1           	10          	0.004103    	0.003494    	0.00471     
710         	1           	10          	0.003909    	0.003019    	0.004797    
711         	1           	10          	0.003794    	0.003002    	0.004587    
712         	1           	10          	0.003589    	0.003061    	0.004117    
713         	1           	10          	0.00378     	0.003307    	0.004254    
714         	1           	10          	0.003776    	0.003529    	0.004024    
715         	1           	10          	0.004073    	0.003938    	0.004209    
716         	1           	10          	0.003826    	0.003816    	0.003836    
717         	1           	10          	0.00357     	0.003228    	0.003912    
718         	1           	10          	0.003585    	0.003187    	0.003985    
719         	1           	10          	0.003891    	0.003474    	0.00431     
720         	1           	10          	0.004084    	0.003829    	0.004339    
721         	1           	10          	0.003713    	0.003435    	0.003992    
722         	1           	10          	0.003376    	0.002931    	0.003824    
723         	1           	10          	0.003499    	0.002702    	0.004301    
724         	1           	10          	0.003602    	0.002815    	0.004394    
725         	1           	10          	0.003136    	0.00235     	0.003925    
726         	1           	10          	0.003374    	0.002624    	0.004127    
727         	1           	10          	0.003663    	0.00319     	0.004138    
728         	1           	10          	0.003537    	0.002991    	0.004086    
729         	1           	10          	0.003511    	0.002983    	0.004043    
730         	1           	10          	0.003256    	0.002302    	0.004216    
731         	1           	10          	0.002916    	0.001851    	0.003986    
732         	1           	10          	0.003102    	0.002212    	0.003997    
733         	1           	10          	0.002968    	0.002454    	0.003485    
734         	1           	10          	0.003061    	0.002545    	0.003579    
735         	1           	10          	0.003317    	0.002935    	0.0037      
736         	1           	10          	0.003331    	0.002651    	0.004016    
737         	1           	10          	0.003522    	0.003104    	0.003943    
738         	1           	10          	0.00345     	0.002958    	0.003945    
739         	1           	10          	0.003077    	0.002695    	0.003462    
740         	1           	10          	0.003479    	0.00309     	0.00387     
741         	1           	10          	0.003443    	0.003033    	0.003856    
742         	1           	10          	0.0037      	0.003598    	0.003802    
743         	1           	10          	0.003665    	0.003736    	0.003594    
744         	1           	10          	0.003702    	0.003524    	0.003881    
745         	1           	10          	0.003547    	0.003137    	0.00396     
746         	1           	10          	0.003404    	0.003121    	0.003689    
747         	1           	10          	0.003408    	0.002911    	0.003908    
748         	1           	10          	0.003294    	0.002921    	0.00367     
749         	1           	10          	0.003616    	0.003125    	0.004111    
750         	1           	10          	0.003358    	0.002994    	0.003725    
751         	1           	10          	0.003415    	0.00343     	0.003399    
752         	1           	10          	0.003093    	0.002751    	0.003439    
753         	1           	10          	0.003261    	0.00315     	0.003373    
754         	1           	10          	0.003232    	0.003228    	0.003237    
755         	1           	10          	0.003282    	0.003652    	0.00291     
756         	1           	10          	0.003419    	0.003515    	0.003323    
757         	1           	10          	0.003719    	0.003965    	0.003472    
758         	1           	10          	0.003544    	0.003706    	0.003381    
759         	1           	10          	0.003634    	0.003998    	0.003267    
760         	1           	10          	0.003375    	0.003904    	0.002843    
761         	1           	10          	0.00372     	0.004407    	0.003028    
762         	1           	10          	0.003964    	0.004078    	0.003849    
763         	1           	10          	0.003906    	0.003955    	0.003856    
764         	1           	10          	0.003632    	0.003667    	0.003597    
765         	1           	10          	0.00365     	0.003756    	0.003543    
766         	1           	10          	0.003351    	0.003618    	0.003082    
767         	1           	10          	0.003311    	0.003901    	0.002715    
768         	1           	10          	0.003477    	0.003995    	0.002953    
769         	1           	10          	0.003264    	0.003611    	0.002913    
770         	1           	10          	0.003047    	0.003342    	0.002748    
771         	1           	10          	0.003137    	0.003447    	0.002824    
772         	1           	10          	0.00316     	0.003501    	0.002814    
773         	1           	10          	0.002931    	0.00337     	0.002486    
774         	1           	10          	0.003083    	0.003524    	0.002639    
775         	1           	10          	0.002983    	0.003289    	0.002673    
776         	1           	10          	0.003172    	0.003217    	0.003127    
777         	1           	10          	0.003524    	0.003305    	0.003745    
778         	1           	10          	0.003618    	0.002831    	0.004415    
779         	1           	10          	0.004063    	0.003141    	0.004997    
780         	1           	10          	0.003671    	0.003053    	0.004295    
781         	1           	10          	0.003611    	0.003142    	0.004085    
782         	1           	10          	0.003432    	0.003352    	0.003514    
783         	1           	10          	0.003283    	0.003202    	0.003366    
784         	1           	10          	0.003283    	0.002935    	0.003637    
785         	1           	10          	0.003376    	0.002701    	0.004061    
786         	1           	10          	0.002942    	0.002441    	0.00345     
787         	1           	10          	0.003284    	0.002754    	0.003822    
788         	1           	10          	0.003252    	0.002789    	0.003723    
789         	1           	10          	0.003236    	0.002668    	0.003812    
790         	1           	10          	0.003114    	0.002576    	0.00366     
791         	1           	10          	0.003121    	0.002719    	0.003528    
792         	1           	10          	0.003002    	0.002542    	0.003468    
793         	1           	10          	0.003075    	0.002683    	0.003472    
794         	1           	10          	0.002909    	0.002952    	0.002866    
795         	1           	10          	0.002787    	0.002894    	0.00268     
796         	1           	10          	0.003165    	0.003482    	0.002845    
797         	1           	10          	0.002971    	0.003112    	0.002828    
798         	1           	10          	0.003263    	0.003375    	0.003149    
799         	1           	10          	0.003264    	0.00367     	0.00285     
800         	1           	10          	0.00378     	0.004416    	0.003134    
801         	1           	10          	0.00392     	0.004463    	0.003369    
802         	1           	10          	0.00354     	0.004277    	0.002791    
803         	1           	10          	0.003603    	0.003895    	0.003308    
804         	1           	10          	0.003672    	0.004079    	0.003259    
805         	1           	10          	0.00347     	0.003978    	0.002954    
806         	1           	10          	0.003394    	0.004208    	0.002569    
807         	1           	10          	0.003298    	0.003612    	0.00298     
808         	1           	10          	0.003169    	0.002897    	0.003445    
809         	1           	10          	0.003244    	0.003191    	0.003298    
810         	1           	9.95        	0.003332    	0.003045    	0.003621    
811         	1           	10          	0.003816    	0.003552    	0.004082    
812         	1           	10          	0.003819    	0.004157    	0.003478    
813         	1           	10          	0.003789    	0.003771    	0.003808    
814         	1           	10          	0.004059    	0.00369     	0.004433    
815         	1           	9.95        	0.003754    	0.003579    	0.003931    
816         	1           	9.95        	0.004164    	0.004174    	0.004155    
817         	1           	10          	0.004459    	0.004419    	0.004499    
818         	1           	10          	0.004068    	0.004364    	0.003769    
819         	1           	10          	0.004508    	0.004646    	0.004368    
820         	1           	10          	0.004312    	0.004291    	0.004334    
821         	1           	10          	0.00382     	0.004078    	0.00356     
822         	1           	10          	0.003815    	0.004038    	0.003589    
823         	1           	10          	0.004186    	0.004479    	0.00389     
824         	1           	10          	0.004199    	0.004538    	0.003858    
825         	1           	10          	0.004253    	0.004725    	0.003778    
826         	1           	10          	0.003899    	0.003856    	0.003944    
827         	1           	10          	0.00391     	0.003707    	0.004114    
828         	1           	10          	0.003853    	0.003842    	0.003864    
829         	1           	10          	0.003759    	0.003471    	0.004051    
830         	1           	10          	0.003011    	0.002764    	0.003262    
831         	1           	10          	0.003212    	0.003346    	0.003077    
832         	1           	10          	0.002939    	0.00284     	0.00304     
833         	1           	10          	0.002994    	0.003159    	0.002828    
834         	1           	10          	0.002864    	0.002985    	0.002742    
835         	1           	10          	0.002703    	0.002747    	0.002659    
836         	1           	9.9         	0.00271     	0.002924    	0.002493    
837         	1           	9.95        	0.002734    	0.003112    	0.002353    
838         	1           	9.95        	0.002783    	0.002852    	0.002713    
839         	1           	9.9         	0.002664    	0.002831    	0.002496    
840         	1           	9.95        	0.002908    	0.003012    	0.002802    
841         	1           	10          	0.002869    	0.003305    	0.002427    
842         	1           	10          	0.003083    	0.003628    	0.002532    
843         	1           	10          	0.003048    	0.003384    	0.002709    
844         	1           	10          	0.002859    	0.0032      	0.002514    
845         	1           	10          	0.002828    	0.003327    	0.002322    
846         	1           	10          	0.002732    	0.003016    	0.002444    
847         	1           	10          	0.002784    	0.003213    	0.00235     
848         	1           	10          	0.002785    	0.002746    	0.002825    
849         	1           	10          	0.002754    	0.002875    	0.002633    
850         	1           	10          	0.002893    	0.003325    	0.002455    
851         	1           	10          	0.003226    	0.003682    	0.002764    
852         	1           	10          	0.00324     	0.00373     	0.002744    
853         	1           	10          	0.003208    	0.003817    	0.00259     
854         	1           	10          	0.003395    	0.004022    	0.002757    
855         	1           	9.95        	0.003331    	0.004122    	0.002526    
856         	1           	9.95        	0.003662    	0.004315    	0.002998    
857         	1           	9.95        	0.003269    	0.003822    	0.002706    
858         	1           	10          	0.00336     	0.00395     	0.002761    
859         	1           	9.95        	0.003292    	0.003383    	0.0032      
860         	1           	9.95        	0.003302    	0.003506    	0.003094    
861         	1           	9.95        	0.002896    	0.002796    	0.002998    
862         	1           	10          	0.002707    	0.002397    	0.003022    
863         	1           	9.95        	0.002696    	0.002443    	0.002953    
864         	1           	10          	0.002886    	0.002272    	0.003508    
865         	1           	10          	0.002645    	0.002249    	0.003047    
866         	1           	9.95        	0.00312     	0.002656    	0.00359     
867         	1           	9.95        	0.003242    	0.002864    	0.003625    
868         	1           	9.95        	0.003122    	0.002802    	0.003446    
869         	1           	9.95        	0.002916    	0.003004    	0.002828    
870         	1           	9.9         	0.002759    	0.003013    	0.002501    
871         	1           	9.9         	0.002981    	0.003314    	0.002645    
872         	1           	9.9         	0.003253    	0.003493    	0.00301     
873         	1           	9.9         	0.002947    	0.003211    	0.00268     
874         	1           	9.9         	0.002808    	0.002763    	0.002853    
875         	1           	9.8         	0.002624    	0.002416    	0.002836    
876         	1           	9.75        	0.00265     	0.002684    	0.002616    
877         	1           	9.75        	0.002816    	0.002942    	0.002689    
878         	1           	9.75        	0.003236    	0.003616    	0.002851    
879         	1           	9.75        	0.003589    	0.004405    	0.002763    
880         	1           	9.75        	0.003807    	0.0043      	0.003309    
881         	1           	9.8         	0.003807    	0.004274    	0.003335    
882         	1           	9.85        	0.003475    	0.003715    	0.003232    
883         	1           	9.85        	0.00315     	0.003281    	0.003017    
884         	1           	9.85        	0.002846    	0.002815    	0.002877    
885         	1           	9.8         	0.002744    	0.002978    	0.002507    
886         	1           	9.75        	0.002725    	0.003292    	0.002149    
887         	1           	9.75        	0.002729    	0.003359    	0.002091    
888         	1           	9.7         	0.00251     	0.003134    	0.001877    
889         	1           	9.85        	0.003056    	0.003756    	0.002347    
890         	1           	9.85        	0.003034    	0.003828    	0.002231    
891         	1           	9.75        	0.003599    	0.004531    	0.002659    
892         	1           	9.75        	0.003609    	0.004478    	0.002731    
893         	1           	9.75        	0.003915    	0.005231    	0.002587    
894         	1           	9.75        	0.003987    	0.005013    	0.002953    
895         	1           	9.85        	0.003684    	0.003883    	0.003483    
896         	1           	9.8         	0.003242    	0.003185    	0.003299    
897         	1           	9.75        	0.003511    	0.002971    	0.004055    
898         	1           	9.75        	0.003788    	0.003319    	0.004261    
899         	1           	9.85        	0.003508    	0.003758    	0.003255    
900         	1           	9.75        	0.003577    	0.003826    	0.003324    
901         	1           	9.85        	0.003532    	0.003828    	0.003232    
902         	1           	9.85        	0.003491    	0.003856    	0.00312     
903         	1           	9.85        	0.00331     	0.003449    	0.003168    
904         	1           	9.85        	0.003484    	0.003099    	0.003875    
905         	1           	9.85        	0.003234    	0.002774    	0.003701    
906         	1           	9.8         	0.003086    	0.003367    	0.002799    
907         	1           	9.85        	0.003514    	0.003636    	0.003389    
908         	1           	9.85        	0.00374     	0.004261    	0.00321     
909         	1           	9.8         	0.003846    	0.004203    	0.003482    
910         	1           	9.9         	0.003707    	0.004107    	0.0033      
911         	1           	9.95        	0.003545    	0.004094    	0.002985    
912         	1           	10          	0.003383    	0.00406     	0.002692    
913         	1           	10          	0.003528    	0.003917    	0.003131    
914         	1           	9.95        	0.003209    	0.003994    	0.002408    
915         	1           	9.9         	0.003246    	0.003882    	0.002598    
916         	1           	9.95        	0.003175    	0.003723    	0.002618    
917         	1           	9.95        	0.003432    	0.003584    	0.003278    
918         	1           	9.9         	0.003627    	0.003537    	0.003718    
919         	1           	9.85        	0.003651    	0.003478    	0.003826    
920         	1           	9.75        	0.003518    	0.003528    	0.003508    
921         	1           	9.8         	0.003792    	0.004202    	0.003375    
922         	1           	9.75        	0.003477    	0.003536    	0.003417    
923         	1           	9.8         	0.003507    	0.003814    	0.003197    
924         	1           	9.85        	0.003486    	0.004195    	0.002768    
925         	1           	9.85        	0.003365    	0.004031    	0.00269     
926         	1           	9.85        	0.003446    	0.003985    	0.0029      
927         	1           	9.75        	0.003275    	0.003328    	0.003221    
928         	1           	9.8         	0.003213    	0.003285    	0.003141    
929         	1           	9.75        	0.003093    	0.00297     	0.003218    
930         	1           	9.85        	0.003085    	0.002752    	0.003423    
931         	1           	9.85        	0.002945    	0.002328    	0.003571    
932         	1           	9.8         	0.003077    	0.002327    	0.003837    
933         	1           	9.85        	0.003143    	0.002675    	0.003617    
934         	1           	9.8         	0.003219    	0.002636    	0.003811    
935         	1           	9.75        	0.00382     	0.003555    	0.00409     
936         	1           	9.7         	0.003573    	0.003295    	0.003856    
937         	1           	9.8         	0.003568    	0.003234    	0.003907    
938         	1           	9.8         	0.003649    	0.003224    	0.00408     
939         	1           	9.75        	0.003092    	0.002678    	0.003514    
940         	1           	9.7         	0.003163    	0.002807    	0.003524    
941         	1           	9.7         	0.002816    	0.002153    	0.003487    
942         	1           	9.75        	0.002856    	0.002028    	0.003694    
943         	1           	9.75        	0.003351    	0.002835    	0.003873    
944         	1           	9.8         	0.00381     	0.003469    	0.004155    
945         	1           	9.85        	0.00386     	0.003574    	0.00415     
946         	1           	9.8         	0.003783    	0.00357     	0.003997    
947         	1           	9.8         	0.004083    	0.004104    	0.004062    
948         	1           	9.75        	0.003977    	0.003686    	0.004273    
949         	1           	9.75        	0.003917    	0.003325    	0.004516    
950         	1           	9.7         	0.003678    	0.002757    	0.00461     
951         	1           	9.65        	0.002958    	0.00222     	0.003706    
952         	1           	9.65        	0.003298    	0.002703    	0.0039      
953         	1           	9.6         	0.003303    	0.0025      	0.00412     
954         	1           	9.55        	0.003321    	0.002881    	0.003766    
955         	1           	9.55        	0.00342     	0.0029      	0.003947    
956         	1           	9.55        	0.003288    	0.002539    	0.004045    
957         	1           	9.6         	0.003384    	0.002542    	0.004237    
958         	1           	9.6         	0.003966    	0.003224    	0.004717    
959         	1           	9.55        	0.003886    	0.003859    	0.003912    
960         	1           	9.55        	0.00359     	0.003544    	0.003638    
961         	1           	9.55        	0.003468    	0.003347    	0.00359     
962         	1           	9.55        	0.003502    	0.003259    	0.003748    
963         	1           	9.55        	0.003598    	0.003716    	0.003479    
964         	1           	9.5         	0.003957    	0.00401     	0.003904    
965         	1           	9.5         	0.00362     	0.003683    	0.003555    
966         	1           	9.5         	0.003744    	0.004074    	0.003409    
967         	1           	9.5         	0.004066    	0.00442     	0.003707    
968         	1           	9.5         	0.003938    	0.003916    	0.00396     
969         	1           	9.5         	0.003809    	0.003986    	0.00363     
970         	1           	9.5         	0.003456    	0.003163    	0.003751    
971         	1           	9.5         	0.003302    	0.003048    	0.003558    
972         	1           	9.5         	0.003101    	0.002949    	0.003254    
973         	1           	9.5         	0.002931    	0.002505    	0.003361    
974         	1           	9.5         	0.002734    	0.002637    	0.002832    
975         	1           	9.5         	0.002563    	0.002465    	0.002661    
976         	1           	9.5         	0.002769    	0.002828    	0.002709    
977         	1           	9.5         	0.00283     	0.002768    	0.002891    
978         	1           	9.5         	0.003125    	0.003251    	0.002999    
979         	1           	9.5         	0.003157    	0.003774    	0.002538    
980         	1           	9.5         	0.00343     	0.004298    	0.00256     
981         	1           	9.5         	0.003393    	0.004144    	0.002641    
982         	1           	9.5         	0.003255    	0.003544    	0.002965    
983         	1           	9.5         	0.002976    	0.003051    	0.0029      
984         	1           	9.5         	0.002915    	0.002937    	0.002893    
985         	1           	9.5         	0.00329     	0.003397    	0.003182    
986         	1           	9.5         	0.003059    	0.003024    	0.003094    
987         	1           	9.5         	0.003229    	0.002991    	0.003467    
988         	1           	9.5         	0.002868    	0.002773    	0.002963    
989         	1           	9.5         	0.003254    	0.002971    	0.003538    
990         	1           	9.5         	0.003035    	0.002674    	0.003396    
991         	1           	9.5         	0.003669    	0.003891    	0.003448    
992         	1           	9.5         	0.003375    	0.003285    	0.003464    
993         	1           	9.5         	0.00319     	0.002731    	0.003649    
994         	1           	9.5         	0.003209    	0.002511    	0.003907    
995         	1           	9.5         	0.003013    	0.002144    	0.003883    
996         	1           	9.5         	0.002873    	0.002097    	0.003649    
997         	1           	9.5         	0.00303     	0.002308    	0.003751    
998         	1           	9.5         	0.003133    	0.002272    	0.003993    
999         	1           	9.5         	0.003204    	0.002616    	0.003788    
1000        	1           	9.5         	0.003167    	0.002485    	0.003847    
