generation  	alive.rpl   	n.adlt.nbAll	n.adlt.fst  	n.adlt.fst_l1	n.adlt.fst_l2
1           	1           	5.5         	0.5058      	1           	4.297e-05   
2           	1           	7.1         	0.5013      	0.9916      	0.0006436   
3           	1           	8.3         	0.4941      	0.9772      	0.0009049   
4           	1           	8.9         	0.4888      	0.9661      	0.001502    
5           	1           	9.4         	0.4836      	0.9554      	0.001969    
6           	1           	9.55        	0.479       	0.9461      	0.002137    
7           	1           	9.45        	0.4738      	0.9356      	0.002322    
8           	1           	9.55        	0.467       	0.9211      	0.003145    
9           	1           	9.8         	0.4662      	0.919       	0.003876    
10          	1           	9.9         	0.4605      	0.9065      	0.004883    
11          	1           	9.85        	0.4564      	0.8981      	0.004982    
12          	1           	9.75        	0.4539      	0.8918      	0.005768    
13          	1           	9.85        	0.4494      	0.882       	0.006645    
14          	1           	9.85        	0.4457      	0.8737      	0.007384    
15          	1           	9.9         	0.4399      	0.8617      	0.008213    
16          	1           	9.9         	0.4355      	0.8519      	0.008622    
17          	1           	9.9         	0.4314      	0.8442      	0.008564    
18          	1           	9.95        	0.428       	0.8366      	0.00964     
19          	1           	9.95        	0.4233      	0.8262      	0.01013     
20          	1           	10          	0.4152      	0.8103      	0.01045     
21          	1           	10          	0.411       	0.801       	0.0114      
22          	1           	10          	0.4092      	0.7974      	0.01183     
23          	1           	10          	0.4055      	0.7894      	0.01246     
24          	1           	9.9         	0.4024      	0.7829      	0.01284     
25          	1           	9.95        	0.3978      	0.7731      	0.01364     
26          	1           	9.95        	0.3943      	0.7662      	0.01384     
27          	1           	9.9         	0.3894      	0.7544      	0.01583     
28          	1           	9.95        	0.3853      	0.7456      	0.01577     
29          	1           	9.95        	0.3786      	0.733       	0.01548     
30          	1           	9.95        	0.3731      	0.7206      	0.0174      
31          	1           	9.95        	0.3697      	0.7132      	0.01817     
32          	1           	10          	0.3618      	0.6986      	0.01736     
33          	1           	10          	0.3581      	0.6918      	0.01706     
34          	1           	10          	0.3577      	0.6905      	0.01788     
35          	1           	10          	0.3534      	0.6824      	0.0172      
36          	1           	10          	0.3494      	0.6736      	0.01787     
37          	1           	10          	0.3451      	0.6639      	0.01917     
38          	1           	9.95        	0.3438      	0.6602      	0.02036     
39          	1           	10          	0.3423      	0.6576      	0.02006     
40          	1           	10          	0.3404      	0.6537      	0.02032     
41          	1           	10          	0.3358      	0.6453      	0.01973     
42          	1           	10          	0.3363      	0.6463      	0.01945     
43          	1           	10          	0.3324      	0.6382      	0.0198      
44          	1           	10          	0.3294      	0.6332      	0.0185      
45          	1           	10          	0.3292      	0.6328      	0.01863     
46          	1           	9.95        	0.3297      	0.6333      	0.01918     
47          	1           	10          	0.3237      	0.6204      	0.02006     
48          	1           	10          	0.3258      	0.6246      	0.02024     
49          	1           	10          	0.3261      	0.6238      	0.02157     
50          	1           	10          	0.322       	0.6173      	0.02016     
51          	1           	9.95        	0.3192      	0.6115      	0.02052     
52          	1           	10          	0.315       	0.6033      	0.02042     
53          	1           	9.95        	0.3117      	0.5964      	0.02058     
54          	1           	10          	0.3082      	0.589       	0.0209      
55          	1           	10          	0.3066      	0.5846      	0.02187     
56          	1           	10          	0.3036      	0.5785      	0.02209     
57          	1           	9.95        	0.2952      	0.563       	0.02132     
58          	1           	9.95        	0.2934      	0.5591      	0.02128     
59          	1           	9.95        	0.2918      	0.5564      	0.02073     
60          	1           	9.95        	0.2865      	0.5459      	0.02064     
61          	1           	10          	0.2819      	0.5371      	0.02048     
62          	1           	10          	0.279       	0.5308      	0.02112     
63          	1           	10          	0.2824      	0.5369      	0.02159     
64          	1           	10          	0.2765      	0.525       	0.02196     
65          	1           	10          	0.2761      	0.5236      	0.0221      
66          	1           	10          	0.2752      	0.522       	0.02187     
67          	1           	10          	0.2717      	0.516       	0.02098     
68          	1           	10          	0.269       	0.5111      	0.02098     
69          	1           	10          	0.2675      	0.5082      	0.02086     
70          	1           	10          	0.2624      	0.4991      	0.0201      
71          	1           	10          	0.259       	0.4923      	0.01993     
72          	1           	10          	0.2594      	0.4929      	0.02012     
73          	1           	10          	0.256       	0.4856      	0.02051     
74          	1           	10          	0.2553      	0.4836      	0.02064     
75          	1           	10          	0.255       	0.4833      	0.02033     
76          	1           	10          	0.2545      	0.4814      	0.0209      
77          	1           	10          	0.2508      	0.4745      	0.0206      
78          	1           	10          	0.2507      	0.4727      	0.02202     
79          	1           	10          	0.2458      	0.4631      	0.02209     
80          	1           	10          	0.2438      	0.4573      	0.02376     
81          	1           	10          	0.2407      	0.4515      	0.02321     
82          	1           	10          	0.2396      	0.4504      	0.02247     
83          	1           	10          	0.243       	0.4569      	0.02279     
84          	1           	10          	0.2403      	0.4504      	0.02365     
85          	1           	10          	0.2406      	0.4504      	0.02423     
86          	1           	10          	0.2377      	0.444       	0.02507     
87          	1           	10          	0.2379      	0.4449      	0.02442     
88          	1           	10          	0.2399      	0.4472      	0.026       
89          	1           	10          	0.2403      	0.4475      	0.02663     
90          	1           	10          	0.2368      	0.4405      	0.02652     
91          	1           	10          	0.2386      	0.4425      	0.0281      
92          	1           	10          	0.2379      	0.4414      	0.02783     
93          	1           	10          	0.2321      	0.4297      	0.02783     
94          	1           	10          	0.2319      	0.4297      	0.02753     
95          	1           	10          	0.229       	0.4239      	0.02715     
96          	1           	10          	0.2287      	0.423       	0.02755     
97          	1           	10          	0.223       	0.4141      	0.02502     
98          	1           	10          	0.2201      	0.4088      	0.0245      
99          	1           	10          	0.2216      	0.4112      	0.02524     
100         	1           	10          	0.2214      	0.4115      	0.02482     
101         	1           	10          	0.2203      	0.4089      	0.02513     
102         	1           	10          	0.2194      	0.4051      	0.02728     
103         	1           	10          	0.2148      	0.395       	0.02811     
104         	1           	10          	0.2144      	0.3952      	0.02699     
105         	1           	10          	0.2118      	0.3894      	0.02759     
106         	1           	10          	0.2123      	0.3887      	0.02896     
107         	1           	10          	0.2113      	0.3877      	0.02849     
108         	1           	10          	0.2079      	0.38        	0.02947     
109         	1           	10          	0.202       	0.368       	0.03003     
110         	1           	10          	0.2003      	0.3653      	0.02969     
111         	1           	10          	0.1943      	0.3541      	0.02908     
112         	1           	10          	0.1903      	0.3458      	0.02915     
113         	1           	10          	0.1876      	0.3408      	0.02892     
114         	1           	10          	0.1832      	0.3314      	0.02982     
115         	1           	10          	0.1751      	0.3161      	0.02938     
116         	1           	10          	0.1767      	0.3187      	0.02977     
117         	1           	10          	0.1706      	0.3073      	0.02944     
118         	1           	10          	0.1694      	0.3049      	0.02924     
119         	1           	9.95        	0.1648      	0.2961      	0.02895     
120         	1           	10          	0.16        	0.2863      	0.02907     
121         	1           	10          	0.1595      	0.284       	0.0303      
122         	1           	10          	0.1593      	0.2846      	0.02945     
123         	1           	9.95        	0.1593      	0.2849      	0.02905     
124         	1           	9.95        	0.157       	0.2791      	0.03051     
125         	1           	9.95        	0.1542      	0.2721      	0.03196     
126         	1           	9.9         	0.1525      	0.2706      	0.02987     
127         	1           	9.95        	0.1505      	0.2681      	0.02838     
128         	1           	9.9         	0.1501      	0.2656      	0.03032     
129         	1           	9.95        	0.1473      	0.2596      	0.03076     
130         	1           	9.95        	0.1443      	0.254       	0.03066     
131         	1           	9.95        	0.1441      	0.2543      	0.03008     
132         	1           	10          	0.1396      	0.2459      	0.02986     
133         	1           	10          	0.1387      	0.2442      	0.02976     
134         	1           	10          	0.1364      	0.2399      	0.02972     
135         	1           	9.9         	0.1336      	0.2351      	0.02916     
136         	1           	10          	0.132       	0.2324      	0.02856     
137         	1           	10          	0.1305      	0.2293      	0.02864     
138         	1           	10          	0.1321      	0.2313      	0.02983     
139         	1           	10          	0.1296      	0.2269      	0.02933     
140         	1           	9.95        	0.1276      	0.224       	0.02808     
141         	1           	9.95        	0.129       	0.2271      	0.02778     
142         	1           	10          	0.1282      	0.2258      	0.02736     
143         	1           	9.95        	0.1299      	0.2306      	0.02564     
144         	1           	9.95        	0.1276      	0.2265      	0.02533     
145         	1           	10          	0.1263      	0.2223      	0.02692     
146         	1           	10          	0.1248      	0.2181      	0.02833     
147         	1           	10          	0.1251      	0.219       	0.02787     
148         	1           	9.9         	0.1258      	0.2205      	0.02794     
149         	1           	9.85        	0.1247      	0.2191      	0.02712     
150         	1           	9.85        	0.1223      	0.213       	0.02857     
151         	1           	9.85        	0.121       	0.2084      	0.03068     
152         	1           	9.95        	0.1176      	0.203       	0.02925     
153         	1           	9.95        	0.1167      	0.202       	0.02858     
154         	1           	9.85        	0.1168      	0.2021      	0.02875     
155         	1           	9.85        	0.1173      	0.2019      	0.02971     
156         	1           	9.95        	0.1195      	0.2056      	0.03024     
157         	1           	9.95        	0.1177      	0.204       	0.02842     
158         	1           	9.95        	0.1204      	0.2093      	0.02843     
159         	1           	9.95        	0.1207      	0.2087      	0.02941     
160         	1           	9.9         	0.1221      	0.2131      	0.0277      
161         	1           	9.9         	0.1204      	0.2105      	0.02697     
162         	1           	9.9         	0.1188      	0.2066      	0.02764     
163         	1           	9.9         	0.1188      	0.2061      	0.02819     
164         	1           	9.9         	0.1151      	0.1987      	0.02859     
165         	1           	9.9         	0.1144      	0.1978      	0.02813     
166         	1           	9.9         	0.1105      	0.1907      	0.02768     
167         	1           	9.9         	0.1089      	0.1881      	0.02688     
168         	1           	9.85        	0.1078      	0.1858      	0.02693     
169         	1           	9.8         	0.1045      	0.1799      	0.02625     
170         	1           	9.9         	0.1057      	0.1811      	0.02746     
171         	1           	9.85        	0.1066      	0.1824      	0.02788     
172         	1           	9.9         	0.105       	0.1807      	0.02631     
173         	1           	9.85        	0.1028      	0.1763      	0.0263      
174         	1           	9.8         	0.1038      	0.1782      	0.02646     
175         	1           	9.8         	0.1017      	0.1733      	0.0272      
176         	1           	9.95        	0.1034      	0.1765      	0.02737     
177         	1           	9.9         	0.1032      	0.1743      	0.02912     
178         	1           	9.95        	0.1027      	0.1744      	0.0281      
179         	1           	9.9         	0.1041      	0.1781      	0.02721     
180         	1           	9.9         	0.1055      	0.18        	0.02815     
181         	1           	9.9         	0.1057      	0.1793      	0.02912     
182         	1           	9.85        	0.1048      	0.1784      	0.02822     
183         	1           	9.9         	0.1041      	0.178       	0.02737     
184         	1           	9.85        	0.1038      	0.1775      	0.02737     
185         	1           	9.85        	0.1002      	0.1707      	0.027       
186         	1           	9.85        	0.09746     	0.1659      	0.02641     
187         	1           	9.85        	0.09714     	0.1649      	0.02681     
188         	1           	9.85        	0.09611     	0.162       	0.02782     
189         	1           	9.9         	0.09552     	0.1613      	0.02739     
190         	1           	9.95        	0.09569     	0.1612      	0.02789     
191         	1           	9.95        	0.09499     	0.1582      	0.0297      
192         	1           	9.95        	0.09356     	0.1545      	0.03071     
193         	1           	9.95        	0.09324     	0.1539      	0.0306      
194         	1           	9.95        	0.09343     	0.1539      	0.0309      
195         	1           	9.95        	0.09351     	0.1528      	0.03219     
196         	1           	10          	0.09559     	0.1566      	0.03249     
197         	1           	9.9         	0.09459     	0.1539      	0.0332      
198         	1           	9.9         	0.09311     	0.1506      	0.03368     
199         	1           	9.85        	0.09409     	0.151       	0.03523     
200         	1           	9.9         	0.09315     	0.1509      	0.03348     
201         	1           	9.85        	0.09404     	0.1513      	0.03495     
202         	1           	9.9         	0.09341     	0.149       	0.03595     
203         	1           	9.9         	0.09444     	0.1497      	0.03733     
204         	1           	9.9         	0.09356     	0.1484      	0.03676     
205         	1           	9.9         	0.09621     	0.1516      	0.03886     
206         	1           	9.9         	0.09585     	0.1515      	0.0384      
207         	1           	9.9         	0.09441     	0.1495      	0.03747     
208         	1           	9.85        	0.09398     	0.148       	0.03822     
209         	1           	9.85        	0.09299     	0.1452      	0.03904     
210         	1           	9.85        	0.09342     	0.1453      	0.03985     
211         	1           	9.8         	0.09203     	0.1411      	0.04122     
212         	1           	9.8         	0.09138     	0.1391      	0.04205     
213         	1           	9.9         	0.0877      	0.1331      	0.04073     
214         	1           	9.9         	0.08937     	0.1364      	0.04075     
215         	1           	9.95        	0.08702     	0.1326      	0.04        
216         	1           	9.95        	0.08655     	0.1324      	0.03921     
217         	1           	9.9         	0.08573     	0.1291      	0.04109     
218         	1           	9.9         	0.08683     	0.1295      	0.04295     
219         	1           	9.9         	0.08625     	0.1284      	0.04286     
220         	1           	9.85        	0.08765     	0.1308      	0.0433      
221         	1           	9.9         	0.08717     	0.1303      	0.04285     
222         	1           	9.9         	0.08607     	0.1279      	0.04305     
223         	1           	9.95        	0.08359     	0.1251      	0.04096     
224         	1           	9.9         	0.08412     	0.1279      	0.03909     
225         	1           	9.9         	0.0827      	0.1253      	0.03893     
226         	1           	9.9         	0.08229     	0.1241      	0.03923     
227         	1           	9.95        	0.08062     	0.1217      	0.03837     
228         	1           	9.95        	0.08084     	0.1233      	0.03721     
229         	1           	9.85        	0.08071     	0.1233      	0.03697     
230         	1           	9.95        	0.08048     	0.1237      	0.0361      
231         	1           	9.9         	0.07906     	0.1216      	0.03525     
232         	1           	9.9         	0.07776     	0.1194      	0.03487     
233         	1           	9.9         	0.07668     	0.1171      	0.03509     
234         	1           	9.95        	0.07587     	0.115       	0.03556     
235         	1           	9.9         	0.07581     	0.1157      	0.03481     
236         	1           	9.9         	0.07558     	0.1141      	0.03589     
237         	1           	9.8         	0.07487     	0.1133      	0.03536     
238         	1           	9.85        	0.07646     	0.1152      	0.03659     
239         	1           	9.85        	0.07771     	0.1155      	0.03889     
240         	1           	9.9         	0.07759     	0.1157      	0.0384      
241         	1           	9.9         	0.07508     	0.113       	0.03616     
242         	1           	9.9         	0.07312     	0.108       	0.03735     
243         	1           	9.85        	0.07296     	0.1084      	0.03652     
244         	1           	9.85        	0.07358     	0.1088      	0.03738     
245         	1           	9.85        	0.07247     	0.107       	0.03701     
246         	1           	9.9         	0.07116     	0.1046      	0.03674     
247         	1           	9.85        	0.0689      	0.1004      	0.03652     
248         	1           	9.9         	0.06825     	0.09919     	0.03648     
249         	1           	9.9         	0.06758     	0.09822     	0.03615     
250         	1           	9.8         	0.06621     	0.09601     	0.03563     
251         	1           	9.75        	0.06509     	0.09282     	0.03665     
252         	1           	9.8         	0.06391     	0.09079     	0.03632     
253         	1           	9.8         	0.06472     	0.09518     	0.03347     
254         	1           	9.75        	0.0653      	0.09703     	0.03271     
255         	1           	9.8         	0.06653     	0.09859     	0.03366     
256         	1           	9.8         	0.06822     	0.1019      	0.0337      
257         	1           	9.9         	0.06642     	0.09919     	0.03286     
258         	1           	9.85        	0.06691     	0.1006      	0.03232     
259         	1           	9.85        	0.06512     	0.09674     	0.03271     
260         	1           	9.85        	0.06527     	0.09635     	0.0334      
261         	1           	9.85        	0.06378     	0.09404     	0.03274     
262         	1           	9.85        	0.06473     	0.09634     	0.03232     
263         	1           	9.85        	0.06382     	0.09509     	0.03177     
264         	1           	9.8         	0.06363     	0.09338     	0.03315     
265         	1           	9.8         	0.06515     	0.09541     	0.03415     
266         	1           	9.7         	0.065       	0.09687     	0.03238     
267         	1           	9.8         	0.0642      	0.09378     	0.03392     
268         	1           	9.7         	0.06414     	0.09424     	0.03332     
269         	1           	9.75        	0.06338     	0.09178     	0.0343      
270         	1           	9.75        	0.06326     	0.09036     	0.0355      
271         	1           	9.75        	0.06273     	0.08891     	0.03588     
272         	1           	9.7         	0.06344     	0.0899      	0.03627     
273         	1           	9.7         	0.0624      	0.08831     	0.0358      
274         	1           	9.7         	0.06346     	0.08928     	0.03694     
275         	1           	9.7         	0.06312     	0.08926     	0.03626     
276         	1           	9.65        	0.06164     	0.08567     	0.03697     
277         	1           	9.65        	0.06202     	0.08472     	0.03868     
278         	1           	9.7         	0.06274     	0.08569     	0.03916     
279         	1           	9.7         	0.06115     	0.08329     	0.03837     
280         	1           	9.7         	0.06039     	0.08218     	0.03796     
281         	1           	9.7         	0.06095     	0.08115     	0.04017     
282         	1           	9.8         	0.06241     	0.08263     	0.04161     
283         	1           	9.75        	0.06364     	0.08514     	0.04152     
284         	1           	9.7         	0.06353     	0.08532     	0.04108     
285         	1           	9.85        	0.06355     	0.08619     	0.04025     
286         	1           	9.85        	0.06356     	0.08461     	0.04186     
287         	1           	9.9         	0.06303     	0.08466     	0.04072     
288         	1           	9.8         	0.06266     	0.08416     	0.04049     
289         	1           	9.8         	0.06387     	0.08546     	0.04157     
290         	1           	9.8         	0.06239     	0.08273     	0.04138     
291         	1           	9.8         	0.06278     	0.08258     	0.0423      
292         	1           	9.75        	0.06428     	0.08355     	0.04434     
293         	1           	9.8         	0.06548     	0.0864      	0.04383     
294         	1           	9.8         	0.06354     	0.08477     	0.0416      
295         	1           	9.8         	0.06424     	0.08511     	0.04265     
296         	1           	9.75        	0.06504     	0.08849     	0.04081     
297         	1           	9.75        	0.06408     	0.08835     	0.03903     
298         	1           	9.7         	0.06591     	0.09029     	0.04075     
299         	1           	9.75        	0.06572     	0.0903      	0.04037     
300         	1           	9.75        	0.06635     	0.09146     	0.04046     
301         	1           	9.75        	0.06432     	0.08898     	0.03891     
302         	1           	9.65        	0.06418     	0.0889      	0.0387      
303         	1           	9.65        	0.06405     	0.08889     	0.03842     
304         	1           	9.75        	0.06421     	0.08934     	0.03833     
305         	1           	9.75        	0.06311     	0.08829     	0.03717     
306         	1           	9.75        	0.06121     	0.08547     	0.03622     
307         	1           	9.75        	0.06072     	0.08499     	0.03573     
308         	1           	9.8         	0.06017     	0.08396     	0.03568     
309         	1           	9.75        	0.06015     	0.08293     	0.0367      
310         	1           	9.8         	0.05889     	0.08029     	0.03686     
311         	1           	9.75        	0.05883     	0.08096     	0.03607     
312         	1           	9.85        	0.0592      	0.07946     	0.03839     
313         	1           	9.8         	0.06042     	0.08187     	0.03838     
314         	1           	9.85        	0.06071     	0.08234     	0.03849     
315         	1           	9.8         	0.06038     	0.08028     	0.03993     
316         	1           	9.8         	0.06032     	0.07901     	0.04111     
317         	1           	9.75        	0.05816     	0.07524     	0.04058     
318         	1           	9.8         	0.05822     	0.07562     	0.04031     
319         	1           	9.75        	0.05726     	0.07452     	0.03947     
320         	1           	9.75        	0.05829     	0.07606     	0.03998     
321         	1           	9.75        	0.05776     	0.07479     	0.04022     
322         	1           	9.7         	0.05851     	0.07519     	0.04133     
323         	1           	9.7         	0.05857     	0.07551     	0.04114     
324         	1           	9.7         	0.0586      	0.07542     	0.04131     
325         	1           	9.7         	0.05885     	0.07491     	0.04234     
326         	1           	9.7         	0.05805     	0.07319     	0.04248     
327         	1           	9.7         	0.05854     	0.07391     	0.04273     
328         	1           	9.65        	0.0598      	0.0754      	0.04376     
329         	1           	9.65        	0.0582      	0.07107     	0.04495     
330         	1           	9.65        	0.05815     	0.07266     	0.04321     
331         	1           	9.65        	0.05796     	0.07257     	0.04291     
332         	1           	9.7         	0.05813     	0.07343     	0.04236     
333         	1           	9.7         	0.05629     	0.07104     	0.04109     
334         	1           	9.65        	0.05435     	0.06721     	0.04107     
335         	1           	9.65        	0.05323     	0.06548     	0.04058     
336         	1           	9.6         	0.0526      	0.06418     	0.04066     
337         	1           	9.6         	0.0527      	0.06546     	0.03956     
338         	1           	9.6         	0.05293     	0.0647      	0.0408      
339         	1           	9.65        	0.05367     	0.06674     	0.04021     
340         	1           	9.55        	0.05353     	0.06452     	0.04221     
341         	1           	9.5         	0.05331     	0.06503     	0.04125     
342         	1           	9.45        	0.054       	0.06527     	0.04242     
343         	1           	9.4         	0.05434     	0.06541     	0.04294     
344         	1           	9.4         	0.05508     	0.0662      	0.04362     
345         	1           	9.5         	0.05282     	0.06456     	0.04074     
346         	1           	9.45        	0.05262     	0.06331     	0.04162     
347         	1           	9.45        	0.05288     	0.06186     	0.04363     
348         	1           	9.45        	0.05235     	0.06153     	0.04292     
349         	1           	9.45        	0.05167     	0.06052     	0.04258     
350         	1           	9.45        	0.05226     	0.06155     	0.04271     
351         	1           	9.45        	0.05224     	0.06025     	0.04402     
352         	1           	9.55        	0.05128     	0.05798     	0.04438     
353         	1           	9.55        	0.05135     	0.05763     	0.04489     
354         	1           	9.55        	0.05215     	0.06006     	0.04401     
355         	1           	9.55        	0.05419     	0.06273     	0.0454      
356         	1           	9.6         	0.05719     	0.06838     	0.04566     
357         	1           	9.5         	0.05649     	0.06762     	0.04502     
358         	1           	9.5         	0.0569      	0.06909     	0.04434     
359         	1           	9.6         	0.05605     	0.06788     	0.04383     
360         	1           	9.6         	0.0561      	0.06729     	0.04454     
361         	1           	9.6         	0.05694     	0.0674      	0.04614     
362         	1           	9.65        	0.05698     	0.06755     	0.04607     
363         	1           	9.6         	0.05775     	0.06656     	0.04866     
364         	1           	9.55        	0.05782     	0.06569     	0.0497      
365         	1           	9.5         	0.0572      	0.06507     	0.04907     
366         	1           	9.5         	0.05665     	0.06451     	0.04852     
367         	1           	9.45        	0.05719     	0.06473     	0.04941     
368         	1           	9.55        	0.05794     	0.06508     	0.05057     
369         	1           	9.6         	0.0568      	0.06514     	0.04819     
370         	1           	9.55        	0.05666     	0.06527     	0.04779     
371         	1           	9.55        	0.0552      	0.06285     	0.04732     
372         	1           	9.55        	0.05479     	0.06124     	0.04815     
373         	1           	9.6         	0.05416     	0.05837     	0.04984     
374         	1           	9.55        	0.05385     	0.0586      	0.04895     
375         	1           	9.6         	0.05319     	0.05856     	0.04767     
376         	1           	9.65        	0.05385     	0.05688     	0.05072     
377         	1           	9.6         	0.05331     	0.05735     	0.04914     
378         	1           	9.6         	0.05251     	0.05785     	0.04701     
379         	1           	9.65        	0.05208     	0.0567      	0.04732     
380         	1           	9.65        	0.05196     	0.05688     	0.0469      
381         	1           	9.65        	0.05017     	0.05515     	0.04505     
382         	1           	9.65        	0.05123     	0.05709     	0.04519     
383         	1           	9.65        	0.05241     	0.05836     	0.04629     
384         	1           	9.65        	0.05191     	0.05814     	0.04549     
385         	1           	9.6         	0.0516      	0.05784     	0.04518     
386         	1           	9.6         	0.05101     	0.05652     	0.04534     
387         	1           	9.55        	0.05012     	0.05586     	0.04422     
388         	1           	9.6         	0.04931     	0.05473     	0.04372     
389         	1           	9.6         	0.05004     	0.05488     	0.04505     
390         	1           	9.6         	0.04956     	0.05394     	0.04504     
391         	1           	9.6         	0.04817     	0.05322     	0.04296     
392         	1           	9.6         	0.04771     	0.0534      	0.04184     
393         	1           	9.6         	0.04677     	0.05327     	0.04006     
394         	1           	9.55        	0.0476      	0.05434     	0.04065     
395         	1           	9.55        	0.04854     	0.05551     	0.04136     
396         	1           	9.55        	0.04958     	0.05719     	0.04173     
397         	1           	9.6         	0.04935     	0.05582     	0.04268     
398         	1           	9.6         	0.0477      	0.05425     	0.04095     
399         	1           	9.6         	0.04918     	0.0566      	0.04153     
400         	1           	9.6         	0.05028     	0.05766     	0.04267     
401         	1           	9.55        	0.05148     	0.05846     	0.04429     
402         	1           	9.55        	0.05248     	0.06124     	0.04344     
403         	1           	9.55        	0.05259     	0.06038     	0.04454     
404         	1           	9.65        	0.0514      	0.05814     	0.04445     
405         	1           	9.65        	0.05149     	0.05743     	0.04536     
406         	1           	9.6         	0.05036     	0.05523     	0.04532     
407         	1           	9.7         	0.0491      	0.05431     	0.04371     
408         	1           	9.7         	0.04882     	0.05374     	0.04373     
409         	1           	9.6         	0.04724     	0.05171     	0.04263     
410         	1           	9.7         	0.04719     	0.05144     	0.04281     
411         	1           	9.7         	0.04705     	0.05029     	0.04372     
412         	1           	9.65        	0.04682     	0.05085     	0.04267     
413         	1           	9.55        	0.0479      	0.0517      	0.04398     
414         	1           	9.6         	0.04852     	0.05293     	0.04397     
415         	1           	9.65        	0.0486      	0.05258     	0.04451     
416         	1           	9.7         	0.04732     	0.05212     	0.04238     
417         	1           	9.65        	0.04856     	0.05393     	0.04304     
418         	1           	9.7         	0.04937     	0.05493     	0.04365     
419         	1           	9.65        	0.04952     	0.05499     	0.04388     
420         	1           	9.65        	0.04956     	0.05551     	0.04342     
421         	1           	9.65        	0.0494      	0.05502     	0.0436      
422         	1           	9.7         	0.04986     	0.05556     	0.04399     
423         	1           	9.7         	0.04939     	0.05445     	0.04418     
424         	1           	9.7         	0.05006     	0.05583     	0.04412     
425         	1           	9.65        	0.0514      	0.05594     	0.04673     
426         	1           	9.65        	0.05035     	0.05437     	0.04621     
427         	1           	9.65        	0.0497      	0.05236     	0.04696     
428         	1           	9.65        	0.0511      	0.05323     	0.04891     
429         	1           	9.7         	0.05171     	0.0537      	0.04966     
430         	1           	9.7         	0.05107     	0.05147     	0.05065     
431         	1           	9.7         	0.05105     	0.05078     	0.05133     
432         	1           	9.75        	0.05082     	0.05057     	0.05109     
433         	1           	9.7         	0.04955     	0.04983     	0.04927     
434         	1           	9.7         	0.0504      	0.05095     	0.04985     
435         	1           	9.7         	0.05028     	0.04992     	0.05065     
436         	1           	9.7         	0.04977     	0.04967     	0.04986     
437         	1           	9.7         	0.05035     	0.04988     	0.05084     
438         	1           	9.7         	0.05092     	0.05162     	0.05019     
439         	1           	9.7         	0.05127     	0.05021     	0.05236     
440         	1           	9.75        	0.05078     	0.05014     	0.05145     
441         	1           	9.7         	0.04985     	0.04819     	0.05155     
442         	1           	9.65        	0.0504      	0.04904     	0.05179     
443         	1           	9.6         	0.051       	0.04887     	0.0532      
444         	1           	9.6         	0.05012     	0.04705     	0.05327     
445         	1           	9.65        	0.0478      	0.04308     	0.05265     
446         	1           	9.65        	0.04668     	0.04243     	0.05103     
447         	1           	9.65        	0.04704     	0.04249     	0.0517      
448         	1           	9.6         	0.04678     	0.04167     	0.05203     
449         	1           	9.55        	0.0467      	0.04175     	0.05177     
450         	1           	9.7         	0.04667     	0.04151     	0.05196     
451         	1           	9.55        	0.04652     	0.04189     	0.05126     
452         	1           	9.55        	0.04718     	0.0443      	0.05013     
453         	1           	9.55        	0.04768     	0.04482     	0.05061     
454         	1           	9.6         	0.04727     	0.04493     	0.04967     
455         	1           	9.6         	0.04732     	0.04367     	0.05105     
456         	1           	9.65        	0.04873     	0.04546     	0.05208     
457         	1           	9.6         	0.04815     	0.04434     	0.05205     
458         	1           	9.6         	0.04803     	0.04235     	0.05383     
459         	1           	9.6         	0.0472      	0.04123     	0.0533      
460         	1           	9.65        	0.04703     	0.0412      	0.05299     
461         	1           	9.6         	0.04617     	0.04019     	0.05227     
462         	1           	9.65        	0.04524     	0.04242     	0.04811     
463         	1           	9.7         	0.04566     	0.04302     	0.04836     
464         	1           	9.7         	0.04633     	0.04456     	0.04814     
465         	1           	9.65        	0.04603     	0.04439     	0.0477      
466         	1           	9.65        	0.04458     	0.04356     	0.04562     
467         	1           	9.75        	0.04564     	0.0433      	0.04802     
468         	1           	9.7         	0.04623     	0.04465     	0.04784     
469         	1           	9.6         	0.04613     	0.04573     	0.04654     
470         	1           	9.6         	0.04494     	0.04605     	0.04381     
471         	1           	9.6         	0.04483     	0.04644     	0.0432      
472         	1           	9.6         	0.04452     	0.04609     	0.04294     
473         	1           	9.6         	0.04497     	0.04524     	0.04469     
474         	1           	9.7         	0.04459     	0.04361     	0.04559     
475         	1           	9.7         	0.04475     	0.04299     	0.04652     
476         	1           	9.7         	0.04352     	0.0415      	0.04557     
477         	1           	9.7         	0.04292     	0.04168     	0.04419     
478         	1           	9.7         	0.04385     	0.04229     	0.04543     
479         	1           	9.6         	0.0447      	0.04471     	0.04468     
480         	1           	9.6         	0.04503     	0.04406     	0.04601     
481         	1           	9.6         	0.04479     	0.04437     	0.04523     
482         	1           	9.6         	0.04516     	0.04506     	0.04526     
483         	1           	9.6         	0.04499     	0.04519     	0.04479     
484         	1           	9.65        	0.045       	0.04533     	0.04466     
485         	1           	9.6         	0.04407     	0.0451      	0.04303     
486         	1           	9.65        	0.04438     	0.04549     	0.04325     
487         	1           	9.65        	0.04385     	0.04358     	0.04412     
488         	1           	9.6         	0.04306     	0.0439      	0.04222     
489         	1           	9.65        	0.04389     	0.04283     	0.04497     
490         	1           	9.6         	0.04221     	0.04048     	0.04396     
491         	1           	9.6         	0.04357     	0.0423      	0.04485     
492         	1           	9.65        	0.04488     	0.0425      	0.04727     
493         	1           	9.65        	0.0444      	0.04199     	0.04683     
494         	1           	9.65        	0.0445      	0.04242     	0.04659     
495         	1           	9.7         	0.043       	0.04067     	0.04536     
496         	1           	9.7         	0.04337     	0.04185     	0.04491     
497         	1           	9.7         	0.04277     	0.04088     	0.04467     
498         	1           	9.6         	0.04395     	0.04303     	0.04487     
499         	1           	9.65        	0.04236     	0.04108     	0.04364     
500         	1           	9.65        	0.04242     	0.04233     	0.04251     
501         	1           	9.55        	0.0425      	0.04357     	0.04143     
502         	1           	9.6         	0.04378     	0.0446      	0.04295     
503         	1           	9.55        	0.04259     	0.04422     	0.04095     
504         	1           	9.5         	0.04504     	0.04589     	0.04418     
505         	1           	9.6         	0.04456     	0.04316     	0.04597     
506         	1           	9.55        	0.04404     	0.04363     	0.04446     
507         	1           	9.55        	0.04284     	0.04261     	0.04307     
508         	1           	9.65        	0.04244     	0.04118     	0.0437      
509         	1           	9.65        	0.04206     	0.04178     	0.04234     
510         	1           	9.65        	0.04184     	0.04218     	0.0415      
511         	1           	9.55        	0.04075     	0.04107     	0.04044     
512         	1           	9.65        	0.04057     	0.04037     	0.04077     
513         	1           	9.6         	0.04011     	0.03992     	0.0403      
514         	1           	9.6         	0.03983     	0.03882     	0.04085     
515         	1           	9.55        	0.04045     	0.03887     	0.04205     
516         	1           	9.5         	0.04132     	0.03954     	0.04311     
517         	1           	9.5         	0.04177     	0.04017     	0.04338     
518         	1           	9.45        	0.04283     	0.04169     	0.04397     
519         	1           	9.45        	0.04328     	0.04255     	0.04402     
520         	1           	9.45        	0.04241     	0.04165     	0.04317     
521         	1           	9.4         	0.04206     	0.04107     	0.04306     
522         	1           	9.4         	0.04168     	0.04052     	0.04284     
523         	1           	9.45        	0.04071     	0.04051     	0.04091     
524         	1           	9.4         	0.04029     	0.03913     	0.04148     
525         	1           	9.35        	0.03975     	0.03938     	0.04013     
526         	1           	9.4         	0.04058     	0.04056     	0.04059     
527         	1           	9.4         	0.04016     	0.04068     	0.03962     
528         	1           	9.35        	0.03942     	0.03971     	0.03913     
529         	1           	9.4         	0.04104     	0.04176     	0.04031     
530         	1           	9.3         	0.04048     	0.04145     	0.03949     
531         	1           	9.3         	0.04035     	0.04112     	0.03956     
532         	1           	9.25        	0.04085     	0.04095     	0.04075     
533         	1           	9.35        	0.04118     	0.0412      	0.04117     
534         	1           	9.4         	0.03948     	0.03851     	0.04047     
535         	1           	9.4         	0.04049     	0.03872     	0.0423      
536         	1           	9.35        	0.04076     	0.03872     	0.04282     
537         	1           	9.45        	0.03933     	0.03754     	0.04115     
538         	1           	9.4         	0.03935     	0.03947     	0.03924     
539         	1           	9.35        	0.0404      	0.03995     	0.04085     
540         	1           	9.4         	0.03962     	0.0402      	0.03903     
541         	1           	9.45        	0.04006     	0.04043     	0.03969     
542         	1           	9.4         	0.04101     	0.04256     	0.03943     
543         	1           	9.4         	0.04137     	0.04213     	0.0406      
544         	1           	9.5         	0.04052     	0.04078     	0.04025     
545         	1           	9.4         	0.03972     	0.03946     	0.03999     
546         	1           	9.4         	0.03953     	0.03914     	0.03993     
547         	1           	9.45        	0.03961     	0.04109     	0.03809     
548         	1           	9.45        	0.04051     	0.04012     	0.0409      
549         	1           	9.35        	0.04123     	0.03923     	0.04327     
550         	1           	9.4         	0.04156     	0.03923     	0.04393     
551         	1           	9.3         	0.04225     	0.03957     	0.04497     
552         	1           	9.3         	0.04279     	0.03883     	0.04681     
553         	1           	9.3         	0.04468     	0.03848     	0.05097     
554         	1           	9.3         	0.0446      	0.03802     	0.05128     
555         	1           	9.35        	0.04323     	0.0373      	0.04926     
556         	1           	9.4         	0.04379     	0.03755     	0.05012     
557         	1           	9.35        	0.04421     	0.03801     	0.05051     
558         	1           	9.35        	0.0437      	0.03777     	0.04974     
559         	1           	9.3         	0.04274     	0.03656     	0.04903     
560         	1           	9.25        	0.04161     	0.03495     	0.04837     
561         	1           	9.25        	0.04121     	0.03503     	0.04749     
562         	1           	9.2         	0.03978     	0.03464     	0.045       
563         	1           	9.2         	0.04035     	0.03559     	0.04518     
564         	1           	9.2         	0.03974     	0.03562     	0.04392     
565         	1           	9.2         	0.03952     	0.03503     	0.04408     
566         	1           	9.2         	0.03855     	0.03447     	0.04268     
567         	1           	9.2         	0.03702     	0.03242     	0.04168     
568         	1           	9.15        	0.03793     	0.0331      	0.04279     
569         	1           	9.15        	0.0384      	0.03349     	0.04333     
570         	1           	9.25        	0.03826     	0.03287     	0.04368     
571         	1           	9.25        	0.03918     	0.03213     	0.04625     
572         	1           	9.25        	0.03958     	0.03196     	0.04723     
573         	1           	9.25        	0.03919     	0.03136     	0.04704     
574         	1           	9.25        	0.04048     	0.0326      	0.04841     
575         	1           	9.2         	0.03924     	0.03098     	0.04756     
576         	1           	9.25        	0.03831     	0.03032     	0.04636     
577         	1           	9.25        	0.03952     	0.0317      	0.04741     
578         	1           	9.25        	0.03937     	0.03392     	0.04486     
579         	1           	9.3         	0.03832     	0.03457     	0.0421      
580         	1           	9.3         	0.03926     	0.03544     	0.04311     
581         	1           	9.25        	0.03986     	0.03633     	0.04341     
582         	1           	9.25        	0.04135     	0.0363      	0.04642     
583         	1           	9.3         	0.04066     	0.03555     	0.0458      
584         	1           	9.25        	0.04206     	0.03664     	0.04753     
585         	1           	9.25        	0.04183     	0.03652     	0.04717     
586         	1           	9.25        	0.04116     	0.03473     	0.04762     
587         	1           	9.25        	0.04202     	0.03601     	0.04805     
588         	1           	9.2         	0.04215     	0.03617     	0.04816     
589         	1           	9.2         	0.04157     	0.03528     	0.04788     
590         	1           	9.3         	0.04149     	0.03513     	0.04786     
591         	1           	9.35        	0.04191     	0.03585     	0.048       
592         	1           	9.3         	0.04149     	0.03541     	0.04759     
593         	1           	9.3         	0.04073     	0.03502     	0.04648     
594         	1           	9.25        	0.03811     	0.03238     	0.04388     
595         	1           	9.2         	0.03763     	0.03277     	0.04252     
596         	1           	9.25        	0.03803     	0.0326      	0.04349     
597         	1           	9.3         	0.03641     	0.03169     	0.04114     
598         	1           	9.2         	0.03717     	0.03304     	0.04133     
599         	1           	9.3         	0.03564     	0.03323     	0.03807     
600         	1           	9.25        	0.03587     	0.03243     	0.03932     
601         	1           	9.2         	0.03607     	0.03272     	0.03945     
602         	1           	9.3         	0.0354      	0.03238     	0.03843     
603         	1           	9.3         	0.03575     	0.03212     	0.03941     
604         	1           	9.3         	0.03588     	0.03232     	0.03947     
605         	1           	9.25        	0.03461     	0.03201     	0.03722     
606         	1           	9.2         	0.0329      	0.03169     	0.03412     
607         	1           	9.15        	0.03415     	0.03399     	0.03431     
608         	1           	9.2         	0.0353      	0.0356      	0.03501     
609         	1           	9.15        	0.03536     	0.03506     	0.03566     
610         	1           	9.25        	0.03681     	0.03743     	0.03619     
611         	1           	9.3         	0.03672     	0.03781     	0.03563     
612         	1           	9.25        	0.0362      	0.03747     	0.03492     
613         	1           	9.3         	0.03567     	0.03708     	0.03425     
614         	1           	9.35        	0.03668     	0.03876     	0.03461     
615         	1           	9.45        	0.03689     	0.03898     	0.03479     
616         	1           	9.5         	0.03699     	0.03991     	0.03406     
617         	1           	9.5         	0.037       	0.04023     	0.03378     
618         	1           	9.5         	0.03747     	0.04069     	0.03423     
619         	1           	9.45        	0.03895     	0.04153     	0.03636     
620         	1           	9.5         	0.03912     	0.04165     	0.03657     
621         	1           	9.45        	0.04093     	0.04403     	0.03781     
622         	1           	9.55        	0.04094     	0.04542     	0.03644     
623         	1           	9.5         	0.04088     	0.0455      	0.03622     
624         	1           	9.45        	0.0396      	0.04517     	0.03398     
625         	1           	9.4         	0.04007     	0.04549     	0.03461     
626         	1           	9.45        	0.04021     	0.04435     	0.03603     
627         	1           	9.45        	0.0396      	0.044       	0.03517     
628         	1           	9.45        	0.03823     	0.04139     	0.03505     
629         	1           	9.45        	0.03728     	0.04081     	0.03373     
630         	1           	9.4         	0.03687     	0.03894     	0.0348      
631         	1           	9.4         	0.03676     	0.03939     	0.03412     
632         	1           	9.45        	0.03663     	0.03946     	0.03377     
633         	1           	9.45        	0.03625     	0.03859     	0.03389     
634         	1           	9.45        	0.03534     	0.03838     	0.03229     
635         	1           	9.45        	0.03552     	0.03856     	0.03246     
636         	1           	9.45        	0.03504     	0.03952     	0.03053     
637         	1           	9.45        	0.03478     	0.03965     	0.02988     
638         	1           	9.4         	0.03487     	0.03952     	0.03018     
639         	1           	9.45        	0.03459     	0.03961     	0.02953     
640         	1           	9.45        	0.03375     	0.03844     	0.02903     
641         	1           	9.45        	0.03327     	0.03679     	0.02972     
642         	1           	9.45        	0.03317     	0.0366      	0.02971     
643         	1           	9.5         	0.03327     	0.03596     	0.03055     
644         	1           	9.5         	0.03396     	0.03674     	0.03115     
645         	1           	9.45        	0.03424     	0.03713     	0.03133     
646         	1           	9.45        	0.03472     	0.03711     	0.03231     
647         	1           	9.4         	0.03495     	0.03646     	0.03342     
648         	1           	9.35        	0.03537     	0.03706     	0.03367     
649         	1           	9.35        	0.03529     	0.03692     	0.03364     
650         	1           	9.45        	0.03447     	0.03657     	0.03236     
651         	1           	9.4         	0.0351      	0.03728     	0.03291     
652         	1           	9.45        	0.03415     	0.03642     	0.03187     
653         	1           	9.4         	0.0332      	0.03459     	0.0318      
654         	1           	9.4         	0.03508     	0.03689     	0.03327     
655         	1           	9.4         	0.03523     	0.03828     	0.03215     
656         	1           	9.4         	0.03579     	0.03908     	0.03246     
657         	1           	9.4         	0.03586     	0.0396      	0.0321      
658         	1           	9.45        	0.03535     	0.03854     	0.03213     
659         	1           	9.4         	0.0362      	0.03899     	0.03339     
660         	1           	9.4         	0.03526     	0.03767     	0.03282     
661         	1           	9.4         	0.03508     	0.03796     	0.03217     
662         	1           	9.3         	0.03606     	0.03818     	0.03392     
663         	1           	9.4         	0.03659     	0.03931     	0.03384     
664         	1           	9.4         	0.03696     	0.0405      	0.03337     
665         	1           	9.4         	0.03753     	0.04091     	0.03409     
666         	1           	9.45        	0.03822     	0.04236     	0.03402     
667         	1           	9.45        	0.03819     	0.04206     	0.03427     
668         	1           	9.45        	0.03791     	0.04179     	0.03397     
669         	1           	9.35        	0.0377      	0.04102     	0.03431     
670         	1           	9.4         	0.03823     	0.04302     	0.03336     
671         	1           	9.5         	0.03713     	0.04147     	0.03271     
672         	1           	9.4         	0.03747     	0.04089     	0.03399     
673         	1           	9.25        	0.0375      	0.04107     	0.03387     
674         	1           	9.3         	0.037       	0.04204     	0.03188     
675         	1           	9.4         	0.03821     	0.0427      	0.03364     
676         	1           	9.45        	0.03831     	0.04307     	0.03348     
677         	1           	9.4         	0.0372      	0.04234     	0.03196     
678         	1           	9.4         	0.03671     	0.042       	0.03132     
679         	1           	9.4         	0.03787     	0.04426     	0.03137     
680         	1           	9.45        	0.0376      	0.04427     	0.0308      
681         	1           	9.3         	0.03939     	0.04628     	0.03236     
682         	1           	9.25        	0.03893     	0.04566     	0.03207     
683         	1           	9.3         	0.03811     	0.0439      	0.03221     
684         	1           	9.35        	0.03806     	0.04435     	0.03164     
685         	1           	9.4         	0.03844     	0.0454      	0.03133     
686         	1           	9.45        	0.03883     	0.04582     	0.03168     
687         	1           	9.55        	0.03843     	0.04521     	0.0315      
688         	1           	9.65        	0.03777     	0.04423     	0.03116     
689         	1           	9.5         	0.03681     	0.04339     	0.03007     
690         	1           	9.5         	0.03712     	0.04379     	0.03031     
691         	1           	9.5         	0.03637     	0.04265     	0.02996     
692         	1           	9.45        	0.03646     	0.04213     	0.03068     
693         	1           	9.45        	0.03719     	0.04261     	0.03165     
694         	1           	9.45        	0.03748     	0.04383     	0.03099     
695         	1           	9.45        	0.03617     	0.04183     	0.0304      
696         	1           	9.45        	0.03723     	0.04359     	0.03073     
697         	1           	9.55        	0.03631     	0.043       	0.02947     
698         	1           	9.5         	0.03644     	0.04266     	0.0301      
699         	1           	9.4         	0.03612     	0.04182     	0.03032     
700         	1           	9.4         	0.0356      	0.04067     	0.03044     
701         	1           	9.4         	0.03485     	0.03977     	0.02984     
702         	1           	9.4         	0.03393     	0.03788     	0.0299      
703         	1           	9.45        	0.03479     	0.03953     	0.02996     
704         	1           	9.4         	0.03456     	0.03791     	0.03115     
705         	1           	9.4         	0.03485     	0.03804     	0.03161     
706         	1           	9.35        	0.03441     	0.03718     	0.0316      
707         	1           	9.4         	0.03465     	0.03772     	0.03152     
708         	1           	9.4         	0.0336      	0.03612     	0.03103     
709         	1           	9.4         	0.03441     	0.03728     	0.0315      
710         	1           	9.4         	0.03478     	0.0387      	0.0308      
711         	1           	9.35        	0.03623     	0.03854     	0.03387     
712         	1           	9.3         	0.0341      	0.03574     	0.03242     
713         	1           	9.3         	0.03345     	0.03512     	0.03175     
714         	1           	9.3         	0.03295     	0.03556     	0.0303      
715         	1           	9.3         	0.03189     	0.03422     	0.02953     
716         	1           	9.3         	0.0314      	0.03319     	0.02958     
717         	1           	9.3         	0.03171     	0.03481     	0.02856     
718         	1           	9.3         	0.03324     	0.03521     	0.03122     
719         	1           	9.3         	0.03371     	0.03669     	0.03067     
720         	1           	9.35        	0.03401     	0.03696     	0.03101     
721         	1           	9.3         	0.03314     	0.03677     	0.02946     
722         	1           	9.4         	0.03346     	0.0366      	0.03028     
723         	1           	9.4         	0.03359     	0.03713     	0.02998     
724         	1           	9.45        	0.03311     	0.0366      	0.02957     
725         	1           	9.45        	0.03372     	0.0373      	0.03007     
726         	1           	9.45        	0.03424     	0.03747     	0.03096     
727         	1           	9.45        	0.03386     	0.03798     	0.02967     
728         	1           	9.45        	0.03452     	0.0377      	0.03129     
729         	1           	9.45        	0.03567     	0.03947     	0.0318      
730         	1           	9.4         	0.03529     	0.03969     	0.03082     
731         	1           	9.4         	0.03501     	0.03922     	0.03072     
732         	1           	9.35        	0.03548     	0.03981     	0.03106     
733         	1           	9.35        	0.03601     	0.04053     	0.0314      
734         	1           	9.25        	0.03743     	0.04256     	0.0322      
735         	1           	9.25        	0.03801     	0.04305     	0.03287     
736         	1           	9.3         	0.03709     	0.04119     	0.0329      
737         	1           	9.3         	0.03715     	0.04188     	0.03231     
738         	1           	9.4         	0.03792     	0.04186     	0.03388     
739         	1           	9.4         	0.03793     	0.04202     	0.03374     
740         	1           	9.35        	0.03855     	0.04283     	0.03416     
741         	1           	9.35        	0.03819     	0.04251     	0.03374     
742         	1           	9.35        	0.0382      	0.04349     	0.03277     
743         	1           	9.35        	0.03842     	0.04414     	0.03253     
744         	1           	9.35        	0.03902     	0.04467     	0.03322     
745         	1           	9.4         	0.03963     	0.04678     	0.03227     
746         	1           	9.45        	0.03862     	0.04605     	0.03099     
747         	1           	9.4         	0.03896     	0.04632     	0.03142     
748         	1           	9.45        	0.03872     	0.04579     	0.03147     
749         	1           	9.55        	0.03874     	0.04436     	0.03297     
750         	1           	9.55        	0.03802     	0.04219     	0.03375     
751         	1           	9.65        	0.0383      	0.04329     	0.03318     
752         	1           	9.65        	0.03931     	0.04352     	0.035       
753         	1           	9.55        	0.03845     	0.04231     	0.03451     
754         	1           	9.5         	0.03859     	0.04277     	0.03434     
755         	1           	9.55        	0.03837     	0.04133     	0.03537     
756         	1           	9.5         	0.03865     	0.04275     	0.03446     
757         	1           	9.55        	0.03982     	0.04425     	0.03531     
758         	1           	9.6         	0.0402      	0.04349     	0.03684     
759         	1           	9.6         	0.03998     	0.04354     	0.03635     
760         	1           	9.6         	0.03907     	0.04267     	0.03541     
761         	1           	9.65        	0.03849     	0.04212     	0.0348      
762         	1           	9.6         	0.03844     	0.04147     	0.03535     
763         	1           	9.55        	0.03868     	0.04268     	0.0346      
764         	1           	9.6         	0.03811     	0.04319     	0.03291     
765         	1           	9.65        	0.03946     	0.04533     	0.03346     
766         	1           	9.6         	0.04096     	0.04682     	0.03498     
767         	1           	9.55        	0.04088     	0.04676     	0.03487     
768         	1           	9.6         	0.04063     	0.04678     	0.03433     
769         	1           	9.65        	0.04104     	0.04757     	0.03435     
770         	1           	9.6         	0.04064     	0.04802     	0.03308     
771         	1           	9.65        	0.04081     	0.04826     	0.03315     
772         	1           	9.5         	0.04177     	0.04888     	0.03446     
773         	1           	9.45        	0.04191     	0.049       	0.03463     
774         	1           	9.35        	0.04135     	0.04768     	0.03484     
775         	1           	9.4         	0.04156     	0.04718     	0.03578     
776         	1           	9.4         	0.04104     	0.04584     	0.03609     
777         	1           	9.4         	0.04169     	0.04553     	0.03773     
778         	1           	9.4         	0.04139     	0.04622     	0.03641     
779         	1           	9.35        	0.04006     	0.0445      	0.03548     
780         	1           	9.35        	0.03999     	0.04522     	0.03461     
781         	1           	9.4         	0.03995     	0.04574     	0.03399     
782         	1           	9.4         	0.0402      	0.0455      	0.03474     
783         	1           	9.45        	0.04198     	0.04666     	0.03717     
784         	1           	9.4         	0.04099     	0.04527     	0.03659     
785         	1           	9.4         	0.04083     	0.04696     	0.03452     
786         	1           	9.4         	0.03935     	0.0465      	0.03197     
787         	1           	9.45        	0.03814     	0.04483     	0.03123     
788         	1           	9.45        	0.03681     	0.04206     	0.03138     
789         	1           	9.55        	0.03749     	0.044       	0.03078     
790         	1           	9.55        	0.03826     	0.04608     	0.03019     
791         	1           	9.55        	0.0384      	0.04474     	0.03187     
792         	1           	9.45        	0.03857     	0.04526     	0.03169     
793         	1           	9.5         	0.0377      	0.04347     	0.03176     
794         	1           	9.45        	0.03859     	0.044       	0.03299     
795         	1           	9.5         	0.03791     	0.04322     	0.03244     
796         	1           	9.6         	0.03722     	0.04216     	0.03213     
797         	1           	9.45        	0.0379      	0.0425      	0.03317     
798         	1           	9.45        	0.03743     	0.04152     	0.03322     
799         	1           	9.5         	0.03802     	0.04329     	0.03259     
800         	1           	9.45        	0.03871     	0.04213     	0.0352      
801         	1           	9.4         	0.03897     	0.04285     	0.03499     
802         	1           	9.5         	0.03921     	0.04288     	0.03544     
803         	1           	9.5         	0.03904     	0.04244     	0.03555     
804         	1           	9.5         	0.03948     	0.04397     	0.0349      
805         	1           	9.55        	0.03846     	0.04364     	0.03317     
806         	1           	9.55        	0.0386      	0.04403     	0.03306     
807         	1           	9.5         	0.03808     	0.04231     	0.03376     
808         	1           	9.5         	0.03781     	0.04182     	0.03372     
809         	1           	9.45        	0.03807     	0.04192     	0.03414     
810         	1           	9.45        	0.03844     	0.04307     	0.03371     
811         	1           	9.4         	0.03875     	0.04514     	0.03224     
812         	1           	9.5         	0.03907     	0.04546     	0.03256     
813         	1           	9.55        	0.03906     	0.04601     	0.03198     
814         	1           	9.65        	0.03921     	0.04585     	0.03244     
815         	1           	9.55        	0.0399      	0.04821     	0.03144     
816         	1           	9.55        	0.03881     	0.04808     	0.02939     
817         	1           	9.5         	0.03927     	0.04859     	0.02981     
818         	1           	9.5         	0.03867     	0.04599     	0.03124     
819         	1           	9.65        	0.03872     	0.04637     	0.03098     
820         	1           	9.65        	0.03888     	0.04632     	0.03135     
821         	1           	9.7         	0.03956     	0.04677     	0.03226     
822         	1           	9.7         	0.03801     	0.0436      	0.03235     
823         	1           	9.6         	0.03759     	0.04338     	0.03173     
824         	1           	9.65        	0.03671     	0.04248     	0.03088     
825         	1           	9.6         	0.03683     	0.04233     	0.03129     
826         	1           	9.65        	0.03781     	0.044       	0.03157     
827         	1           	9.65        	0.03789     	0.04479     	0.03093     
828         	1           	9.6         	0.03896     	0.04637     	0.03149     
829         	1           	9.45        	0.03813     	0.04536     	0.03086     
830         	1           	9.5         	0.03843     	0.04523     	0.0316      
831         	1           	9.5         	0.03748     	0.04377     	0.03114     
832         	1           	9.5         	0.03666     	0.0436      	0.02968     
833         	1           	9.5         	0.03733     	0.04452     	0.0301      
834         	1           	9.45        	0.03629     	0.04355     	0.02901     
835         	1           	9.45        	0.03773     	0.0463      	0.02912     
836         	1           	9.45        	0.03836     	0.0469      	0.02978     
837         	1           	9.45        	0.03729     	0.04539     	0.02914     
838         	1           	9.45        	0.03798     	0.04506     	0.03087     
839         	1           	9.5         	0.03707     	0.04332     	0.03078     
840         	1           	9.5         	0.03771     	0.04492     	0.03044     
841         	1           	9.55        	0.03711     	0.04521     	0.02895     
842         	1           	9.5         	0.03566     	0.04248     	0.0288      
843         	1           	9.6         	0.03541     	0.04204     	0.02874     
844         	1           	9.75        	0.03526     	0.0416      	0.02888     
845         	1           	9.75        	0.03343     	0.03992     	0.0269      
846         	1           	9.7         	0.0329      	0.03827     	0.0275      
847         	1           	9.75        	0.03319     	0.03825     	0.02811     
848         	1           	9.75        	0.03257     	0.03821     	0.02688     
849         	1           	9.85        	0.03381     	0.03962     	0.02795     
850         	1           	9.75        	0.03375     	0.03996     	0.02751     
851         	1           	9.7         	0.03462     	0.04124     	0.02794     
852         	1           	9.75        	0.03414     	0.04104     	0.0272      
853         	1           	9.8         	0.03363     	0.04001     	0.02721     
854         	1           	9.8         	0.03402     	0.04052     	0.02748     
855         	1           	9.75        	0.03342     	0.03951     	0.02731     
856         	1           	9.75        	0.03365     	0.0402      	0.02706     
857         	1           	9.7         	0.03349     	0.0404      	0.02654     
858         	1           	9.7         	0.03191     	0.03823     	0.02558     
859         	1           	9.65        	0.03189     	0.03882     	0.02494     
860         	1           	9.65        	0.03294     	0.03931     	0.02655     
861         	1           	9.7         	0.03212     	0.03848     	0.02572     
862         	1           	9.7         	0.03223     	0.03856     	0.02589     
863         	1           	9.7         	0.03337     	0.04016     	0.02655     
864         	1           	9.75        	0.03368     	0.04147     	0.02588     
865         	1           	9.7         	0.03299     	0.04082     	0.02513     
866         	1           	9.7         	0.03207     	0.03947     	0.02463     
867         	1           	9.75        	0.03179     	0.03945     	0.02409     
868         	1           	9.8         	0.03092     	0.03762     	0.02419     
869         	1           	9.8         	0.03165     	0.03805     	0.02521     
870         	1           	9.6         	0.03201     	0.03701     	0.02699     
871         	1           	9.6         	0.03149     	0.03632     	0.02663     
872         	1           	9.65        	0.03204     	0.03502     	0.02904     
873         	1           	9.6         	0.03174     	0.03453     	0.02895     
874         	1           	9.6         	0.03151     	0.03359     	0.02942     
875         	1           	9.6         	0.03231     	0.03416     	0.03047     
876         	1           	9.6         	0.03243     	0.03465     	0.03022     
877         	1           	9.55        	0.03199     	0.03452     	0.02947     
878         	1           	9.55        	0.03204     	0.0344      	0.02968     
879         	1           	9.55        	0.03167     	0.03328     	0.03006     
880         	1           	9.45        	0.03166     	0.03451     	0.02879     
881         	1           	9.5         	0.0314      	0.03395     	0.02885     
882         	1           	9.55        	0.03213     	0.03433     	0.02992     
883         	1           	9.5         	0.03199     	0.03417     	0.02981     
884         	1           	9.6         	0.03138     	0.03341     	0.02934     
885         	1           	9.55        	0.03197     	0.03237     	0.03156     
886         	1           	9.55        	0.03065     	0.03172     	0.02957     
887         	1           	9.5         	0.03125     	0.03174     	0.03075     
888         	1           	9.65        	0.03305     	0.03258     	0.03352     
889         	1           	9.6         	0.03304     	0.03209     	0.034       
890         	1           	9.6         	0.03216     	0.0309      	0.03343     
891         	1           	9.45        	0.03327     	0.03199     	0.03457     
892         	1           	9.5         	0.03319     	0.03284     	0.03354     
893         	1           	9.5         	0.03276     	0.03182     	0.0337      
894         	1           	9.6         	0.03321     	0.03263     	0.03379     
895         	1           	9.6         	0.03271     	0.03121     	0.03422     
896         	1           	9.6         	0.0317      	0.03012     	0.03328     
897         	1           	9.6         	0.03143     	0.03002     	0.03285     
898         	1           	9.55        	0.03188     	0.02901     	0.03476     
899         	1           	9.5         	0.03195     	0.02959     	0.03433     
900         	1           	9.5         	0.03177     	0.02896     	0.03459     
901         	1           	9.5         	0.03232     	0.02865     	0.03601     
902         	1           	9.5         	0.03217     	0.02683     	0.03754     
903         	1           	9.5         	0.03311     	0.02751     	0.03875     
904         	1           	9.5         	0.03331     	0.02745     	0.03919     
905         	1           	9.45        	0.03424     	0.02773     	0.04073     
906         	1           	9.5         	0.03473     	0.02733     	0.04213     
907         	1           	9.55        	0.03527     	0.02823     	0.0423      
908         	1           	9.55        	0.03697     	0.02822     	0.0457      
909         	1           	9.5         	0.03669     	0.02906     	0.0443      
910         	1           	9.5         	0.03675     	0.03041     	0.04309     
911         	1           	9.55        	0.03609     	0.02974     	0.0424      
912         	1           	9.55        	0.03581     	0.02906     	0.04252     
913         	1           	9.5         	0.03558     	0.02872     	0.04242     
914         	1           	9.6         	0.03535     	0.02885     	0.04181     
915         	1           	9.65        	0.03463     	0.02784     	0.04138     
916         	1           	9.65        	0.03331     	0.02704     	0.03952     
917         	1           	9.7         	0.03417     	0.02703     	0.04121     
918         	1           	9.65        	0.0342      	0.02739     	0.04092     
919         	1           	9.55        	0.03524     	0.02914     	0.04126     
920         	1           	9.55        	0.03525     	0.02882     	0.0416      
921         	1           	9.6         	0.0353      	0.0284      	0.04213     
922         	1           	9.55        	0.03459     	0.02817     	0.04094     
923         	1           	9.55        	0.03481     	0.02882     	0.04073     
924         	1           	9.55        	0.03445     	0.02861     	0.04024     
925         	1           	9.5         	0.03574     	0.02915     	0.04224     
926         	1           	9.6         	0.0337      	0.02872     	0.03861     
927         	1           	9.65        	0.03367     	0.02885     	0.03842     
928         	1           	9.65        	0.03357     	0.02874     	0.03834     
929         	1           	9.6         	0.03302     	0.0282      	0.03779     
930         	1           	9.65        	0.03203     	0.02865     	0.03536     
931         	1           	9.6         	0.03152     	0.02875     	0.03426     
932         	1           	9.55        	0.03169     	0.03074     	0.03262     
933         	1           	9.5         	0.0321      	0.03153     	0.03267     
934         	1           	9.55        	0.03233     	0.03176     	0.03289     
935         	1           	9.6         	0.03337     	0.03304     	0.0337      
936         	1           	9.45        	0.03462     	0.03347     	0.03576     
937         	1           	9.4         	0.03412     	0.03343     	0.03481     
938         	1           	9.4         	0.03436     	0.03481     	0.03392     
939         	1           	9.3         	0.03616     	0.03711     	0.03521     
940         	1           	9.4         	0.03413     	0.03422     	0.03404     
941         	1           	9.45        	0.03459     	0.03448     	0.0347      
942         	1           	9.45        	0.03481     	0.03576     	0.03386     
943         	1           	9.5         	0.03538     	0.0374      	0.03337     
944         	1           	9.6         	0.0351      	0.03739     	0.03281     
945         	1           	9.55        	0.03552     	0.03846     	0.03256     
946         	1           	9.6         	0.03531     	0.03746     	0.03315     
947         	1           	9.6         	0.03588     	0.03832     	0.03341     
948         	1           	9.5         	0.03623     	0.03741     	0.03505     
949         	1           	9.55        	0.0368      	0.03689     	0.03671     
950         	1           	9.55        	0.0357      	0.03576     	0.03564     
951         	1           	9.6         	0.03549     	0.03647     	0.03449     
952         	1           	9.6         	0.03441     	0.03551     	0.03331     
953         	1           	9.7         	0.03481     	0.03539     	0.03423     
954         	1           	9.75        	0.03534     	0.03634     	0.03434     
955         	1           	9.7         	0.0365      	0.03723     	0.03577     
956         	1           	9.7         	0.03583     	0.03611     	0.03555     
957         	1           	9.65        	0.03581     	0.03454     	0.03709     
958         	1           	9.55        	0.03685     	0.03653     	0.03719     
959         	1           	9.65        	0.03544     	0.0352      	0.03568     
960         	1           	9.55        	0.03444     	0.03517     	0.03371     
961         	1           	9.55        	0.03596     	0.03898     	0.0329      
962         	1           	9.6         	0.03572     	0.03945     	0.03194     
963         	1           	9.55        	0.03455     	0.03933     	0.02968     
964         	1           	9.5         	0.03499     	0.0402      	0.0297      
965         	1           	9.55        	0.03552     	0.04069     	0.03026     
966         	1           	9.5         	0.0343      	0.03983     	0.02867     
967         	1           	9.55        	0.03234     	0.03816     	0.0264      
968         	1           	9.55        	0.03243     	0.03852     	0.0262      
969         	1           	9.45        	0.03206     	0.03849     	0.02549     
970         	1           	9.5         	0.03235     	0.03847     	0.02609     
971         	1           	9.55        	0.03227     	0.038       	0.02639     
972         	1           	9.55        	0.03328     	0.03931     	0.02708     
973         	1           	9.55        	0.03369     	0.04011     	0.02711     
974         	1           	9.5         	0.03487     	0.04025     	0.02935     
975         	1           	9.55        	0.03473     	0.04009     	0.02925     
976         	1           	9.55        	0.03624     	0.04059     	0.03179     
977         	1           	9.55        	0.03655     	0.04158     	0.03141     
978         	1           	9.5         	0.03544     	0.0406      	0.03021     
979         	1           	9.5         	0.03575     	0.03991     	0.03151     
980         	1           	9.45        	0.03575     	0.0414      	0.03        
981         	1           	9.5         	0.03574     	0.0408      	0.03059     
982         	1           	9.45        	0.03515     	0.03974     	0.03047     
983         	1           	9.5         	0.03524     	0.03962     	0.03076     
984         	1           	9.5         	0.03498     	0.04092     	0.02893     
985         	1           	9.4         	0.03425     	0.0385      	0.0299      
986         	1           	9.45        	0.0336      	0.03785     	0.02926     
987         	1           	9.5         	0.03303     	0.03674     	0.02926     
988         	1           	9.55        	0.03375     	0.03741     	0.03001     
989         	1           	9.55        	0.03444     	0.03825     	0.03054     
990         	1           	9.45        	0.03497     	0.03797     	0.03191     
991         	1           	9.5         	0.03593     	0.03924     	0.03255     
992         	1           	9.5         	0.03643     	0.04083     	0.03195     
993         	1           	9.5         	0.03598     	0.0417      	0.03017     
994         	1           	9.5         	0.0358      	0.03852     	0.03303     
995         	1           	9.45        	0.03509     	0.03852     	0.03162     
996         	1           	9.4         	0.03501     	0.03865     	0.03132     
997         	1           	9.45        	0.03501     	0.03751     	0.03247     
998         	1           	9.5         	0.03642     	0.03911     	0.03369     
999         	1           	9.5         	0.03587     	0.03842     	0.03328     
1000        	1           	9.5         	0.03496     	0.038       	0.03187     
