generation  	alive.rpl   	n.adlt.nbAll	n.adlt.fst  	n.adlt.fst_l1	n.adlt.fst_l2
1           	1           	5.5         	0.5058      	1           	-2.464e-08  
2           	1           	8.25        	0.4963      	0.9808      	0.0003735   
3           	1           	9.35        	0.4859      	0.9602      	0.0009268   
4           	1           	9.75        	0.4743      	0.9374      	0.001276    
5           	1           	9.8         	0.4636      	0.9157      	0.001383    
6           	1           	9.9         	0.4537      	0.8956      	0.001978    
7           	1           	9.95        	0.4431      	0.8741      	0.002521    
8           	1           	9.95        	0.4324      	0.8522      	0.002823    
9           	1           	9.95        	0.4171      	0.8219      	0.0033      
10          	1           	9.95        	0.4104      	0.8082      	0.00365     
11          	1           	10          	0.4016      	0.7908      	0.004043    
12          	1           	10          	0.3912      	0.7698      	0.004199    
13          	1           	10          	0.3809      	0.7484      	0.005227    
14          	1           	10          	0.3724      	0.7308      	0.005759    
15          	1           	10          	0.362       	0.7105      	0.006112    
16          	1           	10          	0.3564      	0.6985      	0.006849    
17          	1           	10          	0.3499      	0.6843      	0.008192    
18          	1           	10          	0.3388      	0.6621      	0.008271    
19          	1           	10          	0.3325      	0.6501      	0.007948    
20          	1           	10          	0.3302      	0.6458      	0.007896    
21          	1           	10          	0.324       	0.633       	0.008343    
22          	1           	10          	0.3217      	0.6281      	0.008037    
23          	1           	10          	0.3177      	0.6197      	0.008345    
24          	1           	10          	0.3108      	0.6064      	0.008078    
25          	1           	10          	0.3006      	0.5871      	0.007749    
26          	1           	10          	0.2938      	0.5734      	0.007684    
27          	1           	10          	0.2869      	0.5601      	0.00759     
28          	1           	10          	0.2824      	0.5504      	0.0086      
29          	1           	10          	0.2802      	0.5463      	0.008246    
30          	1           	10          	0.2798      	0.5445      	0.009061    
31          	1           	10          	0.2732      	0.532       	0.00866     
32          	1           	10          	0.2683      	0.5219      	0.009018    
33          	1           	10          	0.2645      	0.514       	0.009505    
34          	1           	10          	0.2594      	0.5032      	0.01043     
35          	1           	10          	0.2556      	0.4951      	0.01083     
36          	1           	10          	0.2487      	0.4811      	0.01074     
37          	1           	10          	0.2431      	0.4702      	0.01069     
38          	1           	10          	0.2395      	0.4637      	0.01022     
39          	1           	10          	0.2328      	0.4504      	0.01008     
40          	1           	10          	0.2267      	0.4373      	0.01117     
41          	1           	10          	0.2206      	0.4249      	0.01136     
42          	1           	10          	0.2118      	0.4066      	0.01245     
43          	1           	10          	0.2088      	0.3995      	0.01371     
44          	1           	10          	0.2018      	0.3865      	0.01295     
45          	1           	10          	0.1983      	0.3792      	0.01305     
46          	1           	9.95        	0.195       	0.3727      	0.01316     
47          	1           	9.95        	0.1893      	0.3611      	0.01337     
48          	1           	9.95        	0.1883      	0.359       	0.0135      
49          	1           	10          	0.1814      	0.3466      	0.01238     
50          	1           	10          	0.1799      	0.3441      	0.01201     
51          	1           	10          	0.1756      	0.3353      	0.01214     
52          	1           	10          	0.1716      	0.3274      	0.01213     
53          	1           	10          	0.1689      	0.3203      	0.01388     
54          	1           	10          	0.1629      	0.3088      	0.01367     
55          	1           	9.95        	0.1604      	0.3057      	0.01203     
56          	1           	9.95        	0.155       	0.2949      	0.01234     
57          	1           	10          	0.1498      	0.2845      	0.01252     
58          	1           	10          	0.1463      	0.277       	0.01311     
59          	1           	10          	0.1447      	0.2733      	0.01384     
60          	1           	10          	0.1432      	0.2701      	0.01392     
61          	1           	10          	0.1383      	0.2604      	0.01376     
62          	1           	10          	0.1363      	0.2562      	0.01416     
63          	1           	10          	0.1323      	0.248       	0.01436     
64          	1           	10          	0.131       	0.246       	0.01382     
65          	1           	10          	0.1266      	0.2372      	0.01392     
66          	1           	10          	0.124       	0.2324      	0.01361     
67          	1           	10          	0.1223      	0.2296      	0.01303     
68          	1           	10          	0.1173      	0.2195      	0.01312     
69          	1           	10          	0.1129      	0.2114      	0.01252     
70          	1           	10          	0.1108      	0.2068      	0.01296     
71          	1           	10          	0.1078      	0.2008      	0.01282     
72          	1           	10          	0.1064      	0.1981      	0.01296     
73          	1           	10          	0.106       	0.1971      	0.01309     
74          	1           	10          	0.1042      	0.1938      	0.01272     
75          	1           	10          	0.1027      	0.191       	0.01262     
76          	1           	10          	0.1001      	0.1848      	0.01358     
77          	1           	9.95        	0.09625     	0.1769      	0.01382     
78          	1           	9.95        	0.09342     	0.1706      	0.01452     
79          	1           	10          	0.09466     	0.1728      	0.01479     
80          	1           	9.95        	0.09128     	0.1661      	0.01495     
81          	1           	9.95        	0.0897      	0.1637      	0.01425     
82          	1           	10          	0.08595     	0.1549      	0.01571     
83          	1           	10          	0.08527     	0.1549      	0.01443     
84          	1           	10          	0.08205     	0.1494      	0.01352     
85          	1           	9.95        	0.07844     	0.1425      	0.01319     
86          	1           	10          	0.07698     	0.1401      	0.01271     
87          	1           	10          	0.07543     	0.1359      	0.01386     
88          	1           	10          	0.06972     	0.1235      	0.01495     
89          	1           	10          	0.06949     	0.1231      	0.01497     
90          	1           	10          	0.06697     	0.1183      	0.01479     
91          	1           	10          	0.06683     	0.1178      	0.01499     
92          	1           	10          	0.06648     	0.1182      	0.01385     
93          	1           	10          	0.06654     	0.1192      	0.013       
94          	1           	10          	0.06654     	0.1192      	0.01299     
95          	1           	10          	0.06407     	0.1141      	0.01314     
96          	1           	10          	0.06242     	0.11        	0.014       
97          	1           	10          	0.06212     	0.1094      	0.01402     
98          	1           	10          	0.06132     	0.1077      	0.01419     
99          	1           	10          	0.05962     	0.1049      	0.0135      
100         	1           	10          	0.05679     	0.1005      	0.01235     
101         	1           	10          	0.05588     	0.09891     	0.01203     
102         	1           	10          	0.05537     	0.09828     	0.01166     
103         	1           	10          	0.05534     	0.09834     	0.01157     
104         	1           	10          	0.05557     	0.09878     	0.01163     
105         	1           	10          	0.05539     	0.09771     	0.01232     
106         	1           	10          	0.05578     	0.09866     	0.01213     
107         	1           	10          	0.05423     	0.0945      	0.01318     
108         	1           	10          	0.05413     	0.09304     	0.01447     
109         	1           	10          	0.05247     	0.09004     	0.01419     
110         	1           	10          	0.05093     	0.08768     	0.01352     
111         	1           	10          	0.04984     	0.08458     	0.01446     
112         	1           	10          	0.04903     	0.08185     	0.0156      
113         	1           	10          	0.04944     	0.08311     	0.01516     
114         	1           	10          	0.04781     	0.08024     	0.01479     
115         	1           	10          	0.04816     	0.0814      	0.01436     
116         	1           	10          	0.04845     	0.08169     	0.01462     
117         	1           	10          	0.04804     	0.08184     	0.01362     
118         	1           	10          	0.04848     	0.08244     	0.01389     
119         	1           	10          	0.04916     	0.08358     	0.0141      
120         	1           	10          	0.04778     	0.08126     	0.01367     
121         	1           	10          	0.04842     	0.08218     	0.01401     
122         	1           	10          	0.04653     	0.07824     	0.01423     
123         	1           	10          	0.0468      	0.07837     	0.01463     
124         	1           	10          	0.04567     	0.07564     	0.01513     
125         	1           	10          	0.04558     	0.07562     	0.01502     
126         	1           	10          	0.0449      	0.07371     	0.01558     
127         	1           	10          	0.04345     	0.07184     	0.01456     
128         	1           	10          	0.04215     	0.06988     	0.01392     
129         	1           	10          	0.04138     	0.06904     	0.01327     
130         	1           	10          	0.04114     	0.06771     	0.01415     
131         	1           	10          	0.03929     	0.06438     	0.0138      
132         	1           	10          	0.03804     	0.06233     	0.01337     
133         	1           	10          	0.03801     	0.06294     	0.01271     
134         	1           	10          	0.03658     	0.06025     	0.01254     
135         	1           	10          	0.03694     	0.0606      	0.01292     
136         	1           	10          	0.03686     	0.05989     	0.01348     
137         	1           	10          	0.03782     	0.06136     	0.01393     
138         	1           	10          	0.03682     	0.05989     	0.01341     
139         	1           	10          	0.03641     	0.05998     	0.01248     
140         	1           	10          	0.03751     	0.06151     	0.0132      
141         	1           	10          	0.03858     	0.06288     	0.01395     
142         	1           	10          	0.03806     	0.06239     	0.01338     
143         	1           	10          	0.03631     	0.05874     	0.01355     
144         	1           	10          	0.03534     	0.05738     	0.01299     
145         	1           	10          	0.03396     	0.05472     	0.01293     
146         	1           	10          	0.03461     	0.05548     	0.01348     
147         	1           	10          	0.03469     	0.05563     	0.01349     
148         	1           	10          	0.03391     	0.05405     	0.01351     
149         	1           	10          	0.03263     	0.05241     	0.01257     
150         	1           	10          	0.03241     	0.05217     	0.01239     
151         	1           	10          	0.03137     	0.05028     	0.0122      
152         	1           	10          	0.03161     	0.05014     	0.01281     
153         	1           	10          	0.03074     	0.04792     	0.0133      
154         	1           	10          	0.03088     	0.04818     	0.01333     
155         	1           	10          	0.03073     	0.04728     	0.01392     
156         	1           	10          	0.02999     	0.04416     	0.01561     
157         	1           	10          	0.02973     	0.04429     	0.01495     
158         	1           	10          	0.02825     	0.04199     	0.01431     
159         	1           	10          	0.02726     	0.04096     	0.01335     
160         	1           	10          	0.0268      	0.03931     	0.01411     
161         	1           	10          	0.02498     	0.03621     	0.01356     
162         	1           	10          	0.02503     	0.03695     	0.01288     
163         	1           	10          	0.02523     	0.03714     	0.01308     
164         	1           	10          	0.02632     	0.03855     	0.01387     
165         	1           	10          	0.02679     	0.03958     	0.01378     
166         	1           	10          	0.02699     	0.03872     	0.01506     
167         	1           	10          	0.02719     	0.03864     	0.01553     
168         	1           	10          	0.02769     	0.03862     	0.01656     
169         	1           	10          	0.02858     	0.03886     	0.01811     
170         	1           	10          	0.02762     	0.0373      	0.01775     
171         	1           	10          	0.02689     	0.03664     	0.01695     
172         	1           	10          	0.02668     	0.03594     	0.01726     
173         	1           	10          	0.02692     	0.03553     	0.01815     
174         	1           	10          	0.02662     	0.03607     	0.017       
175         	1           	10          	0.02719     	0.03636     	0.01785     
176         	1           	10          	0.02756     	0.03733     	0.01763     
177         	1           	10          	0.02739     	0.0373      	0.01732     
178         	1           	10          	0.02696     	0.03663     	0.0171      
179         	1           	10          	0.02679     	0.03677     	0.01662     
180         	1           	10          	0.02674     	0.03695     	0.01634     
181         	1           	10          	0.02759     	0.03769     	0.01731     
182         	1           	10          	0.02748     	0.0373      	0.01746     
183         	1           	10          	0.02707     	0.03739     	0.01655     
184         	1           	10          	0.02775     	0.03881     	0.01649     
185         	1           	10          	0.02675     	0.03693     	0.01638     
186         	1           	10          	0.02679     	0.03527     	0.01814     
187         	1           	10          	0.0272      	0.03633     	0.0179      
188         	1           	10          	0.02654     	0.0356      	0.01732     
189         	1           	10          	0.02582     	0.03415     	0.01735     
190         	1           	10          	0.02621     	0.03533     	0.01695     
191         	1           	10          	0.02666     	0.03561     	0.01758     
192         	1           	10          	0.0264      	0.0347      	0.01798     
193         	1           	10          	0.0248      	0.0321      	0.0174      
194         	1           	10          	0.02338     	0.03014     	0.01652     
195         	1           	10          	0.02349     	0.02847     	0.01842     
196         	1           	10          	0.02312     	0.02693     	0.01925     
197         	1           	10          	0.02334     	0.02746     	0.01916     
198         	1           	10          	0.02278     	0.02722     	0.01828     
199         	1           	10          	0.02224     	0.02679     	0.01761     
200         	1           	10          	0.02244     	0.02704     	0.01776     
201         	1           	10          	0.02249     	0.02722     	0.01768     
202         	1           	10          	0.02295     	0.02823     	0.01759     
203         	1           	10          	0.02218     	0.02672     	0.01757     
204         	1           	10          	0.02267     	0.0267      	0.01859     
205         	1           	10          	0.02179     	0.02585     	0.01766     
206         	1           	10          	0.02194     	0.02496     	0.01888     
207         	1           	10          	0.02167     	0.024       	0.0193      
208         	1           	10          	0.02213     	0.02409     	0.02015     
209         	1           	10          	0.0214      	0.02297     	0.01981     
210         	1           	10          	0.02169     	0.02258     	0.02078     
211         	1           	10          	0.0226      	0.02367     	0.02151     
212         	1           	10          	0.02207     	0.0224      	0.02173     
213         	1           	10          	0.022       	0.0214      	0.02261     
214         	1           	10          	0.02165     	0.02083     	0.0225      
215         	1           	9.95        	0.02189     	0.02134     	0.02244     
216         	1           	9.95        	0.02113     	0.01972     	0.02256     
217         	1           	10          	0.02094     	0.01925     	0.02265     
218         	1           	10          	0.02127     	0.02015     	0.02242     
219         	1           	10          	0.02129     	0.02075     	0.02183     
220         	1           	10          	0.02202     	0.02118     	0.02286     
221         	1           	9.95        	0.02224     	0.02238     	0.02209     
222         	1           	10          	0.02137     	0.02148     	0.02125     
223         	1           	10          	0.02084     	0.02002     	0.02168     
224         	1           	10          	0.02058     	0.01955     	0.02163     
225         	1           	10          	0.0206      	0.01948     	0.02174     
226         	1           	9.95        	0.02046     	0.02009     	0.02085     
227         	1           	9.95        	0.02039     	0.02008     	0.02072     
228         	1           	10          	0.02        	0.01895     	0.02107     
229         	1           	9.95        	0.02064     	0.01891     	0.02241     
230         	1           	9.95        	0.02095     	0.01891     	0.02304     
231         	1           	9.95        	0.02036     	0.01915     	0.02159     
232         	1           	9.95        	0.02038     	0.01929     	0.02148     
233         	1           	10          	0.02077     	0.01993     	0.02164     
234         	1           	10          	0.02062     	0.01986     	0.0214      
235         	1           	9.95        	0.02166     	0.02106     	0.02227     
236         	1           	9.95        	0.02238     	0.02152     	0.02326     
237         	1           	9.95        	0.02293     	0.02216     	0.02372     
238         	1           	9.95        	0.02242     	0.02101     	0.02386     
239         	1           	9.95        	0.02224     	0.02086     	0.02365     
240         	1           	9.95        	0.02309     	0.02073     	0.02551     
241         	1           	10          	0.02298     	0.02123     	0.02477     
242         	1           	9.95        	0.02261     	0.02099     	0.02426     
243         	1           	9.95        	0.02395     	0.02264     	0.02529     
244         	1           	9.95        	0.0254      	0.02458     	0.02623     
245         	1           	9.95        	0.02513     	0.02445     	0.02582     
246         	1           	9.95        	0.02475     	0.02435     	0.02515     
247         	1           	9.95        	0.02418     	0.02424     	0.02413     
248         	1           	10          	0.02435     	0.02372     	0.025       
249         	1           	10          	0.02555     	0.02495     	0.02616     
250         	1           	9.95        	0.02566     	0.0248      	0.02655     
251         	1           	10          	0.02609     	0.02502     	0.02717     
252         	1           	10          	0.02612     	0.02487     	0.0274      
253         	1           	9.95        	0.0261      	0.02492     	0.02732     
254         	1           	9.95        	0.02547     	0.02485     	0.0261      
255         	1           	10          	0.02492     	0.02509     	0.02475     
256         	1           	10          	0.02375     	0.02442     	0.02305     
257         	1           	9.95        	0.02364     	0.02521     	0.02203     
258         	1           	9.9         	0.02422     	0.02551     	0.02289     
259         	1           	9.95        	0.02332     	0.0237      	0.02292     
260         	1           	10          	0.02309     	0.02312     	0.02306     
261         	1           	10          	0.02362     	0.02437     	0.02285     
262         	1           	10          	0.02311     	0.02397     	0.02222     
263         	1           	10          	0.02293     	0.02373     	0.02211     
264         	1           	10          	0.02333     	0.02385     	0.02279     
265         	1           	10          	0.02224     	0.02335     	0.0211      
266         	1           	10          	0.02312     	0.02376     	0.02247     
267         	1           	10          	0.02277     	0.02327     	0.02225     
268         	1           	10          	0.02098     	0.02196     	0.01997     
269         	1           	10          	0.02146     	0.02249     	0.02041     
270         	1           	10          	0.02043     	0.02121     	0.01962     
271         	1           	10          	0.0204      	0.022       	0.01875     
272         	1           	10          	0.01949     	0.02136     	0.01757     
273         	1           	10          	0.01914     	0.02081     	0.01744     
274         	1           	10          	0.01965     	0.02088     	0.01839     
275         	1           	10          	0.01963     	0.02096     	0.01827     
276         	1           	10          	0.01923     	0.01983     	0.01861     
277         	1           	9.95        	0.01816     	0.01835     	0.01797     
278         	1           	10          	0.01793     	0.01727     	0.0186      
279         	1           	9.85        	0.01799     	0.01698     	0.01902     
280         	1           	10          	0.01838     	0.01707     	0.01971     
281         	1           	10          	0.01845     	0.01662     	0.02032     
282         	1           	10          	0.01845     	0.01607     	0.02087     
283         	1           	9.9         	0.01832     	0.01621     	0.02047     
284         	1           	10          	0.01794     	0.01564     	0.02028     
285         	1           	10          	0.01825     	0.01673     	0.01981     
286         	1           	10          	0.01815     	0.01681     	0.01951     
287         	1           	10          	0.01751     	0.01555     	0.01952     
288         	1           	10          	0.01723     	0.01548     	0.01901     
289         	1           	10          	0.01718     	0.01443     	0.02        
290         	1           	10          	0.01718     	0.01456     	0.01985     
291         	1           	10          	0.01795     	0.01605     	0.0199      
292         	1           	10          	0.01777     	0.01623     	0.01935     
293         	1           	10          	0.01827     	0.01645     	0.02014     
294         	1           	10          	0.01828     	0.0168      	0.01979     
295         	1           	10          	0.01889     	0.01743     	0.02039     
296         	1           	10          	0.01884     	0.0177      	0.02        
297         	1           	10          	0.01826     	0.01755     	0.01898     
298         	1           	10          	0.01849     	0.01773     	0.01928     
299         	1           	10          	0.01846     	0.01834     	0.01858     
300         	1           	10          	0.01756     	0.01668     	0.01845     
301         	1           	10          	0.01738     	0.01645     	0.01833     
302         	1           	10          	0.01732     	0.0171      	0.01754     
303         	1           	10          	0.01713     	0.01645     	0.01784     
304         	1           	10          	0.01747     	0.01708     	0.01786     
305         	1           	10          	0.01744     	0.01737     	0.0175      
306         	1           	10          	0.01772     	0.01767     	0.01777     
307         	1           	10          	0.01793     	0.01755     	0.01831     
308         	1           	10          	0.01856     	0.01785     	0.0193      
309         	1           	10          	0.01845     	0.01677     	0.02018     
310         	1           	10          	0.01918     	0.01765     	0.02076     
311         	1           	10          	0.01883     	0.018       	0.01969     
312         	1           	10          	0.01884     	0.01801     	0.01969     
313         	1           	10          	0.01823     	0.01792     	0.01853     
314         	1           	10          	0.01779     	0.01805     	0.01752     
315         	1           	10          	0.01767     	0.01823     	0.0171      
316         	1           	10          	0.01714     	0.0175      	0.01676     
317         	1           	10          	0.0172      	0.01779     	0.01658     
318         	1           	10          	0.01772     	0.01766     	0.01778     
319         	1           	10          	0.0179      	0.0179      	0.0179      
320         	1           	9.95        	0.01897     	0.01917     	0.01877     
321         	1           	9.95        	0.0202      	0.02002     	0.02038     
322         	1           	9.95        	0.01985     	0.01996     	0.01975     
323         	1           	10          	0.01944     	0.01918     	0.01971     
324         	1           	9.95        	0.0182      	0.01824     	0.01815     
325         	1           	10          	0.01778     	0.01917     	0.01634     
326         	1           	10          	0.01781     	0.01846     	0.01715     
327         	1           	10          	0.01821     	0.01929     	0.01711     
328         	1           	10          	0.01798     	0.01904     	0.0169      
329         	1           	10          	0.0184      	0.02        	0.01674     
330         	1           	10          	0.01921     	0.02176     	0.01657     
331         	1           	10          	0.0196      	0.02215     	0.01695     
332         	1           	9.95        	0.02014     	0.02254     	0.01765     
333         	1           	9.95        	0.02108     	0.02283     	0.01927     
334         	1           	9.95        	0.0199      	0.02144     	0.01831     
335         	1           	9.95        	0.02045     	0.02117     	0.01969     
336         	1           	9.95        	0.0206      	0.02119     	0.01999     
337         	1           	10          	0.02022     	0.02018     	0.02025     
338         	1           	9.95        	0.02105     	0.02083     	0.02127     
339         	1           	9.95        	0.02034     	0.01953     	0.02118     
340         	1           	9.95        	0.0209      	0.02015     	0.02168     
341         	1           	9.95        	0.02072     	0.02091     	0.02052     
342         	1           	9.95        	0.02076     	0.02131     	0.0202      
343         	1           	9.95        	0.02109     	0.02149     	0.02067     
344         	1           	9.95        	0.02058     	0.01999     	0.02119     
345         	1           	9.9         	0.02044     	0.02026     	0.02063     
346         	1           	9.9         	0.02125     	0.02004     	0.0225      
347         	1           	9.9         	0.0216      	0.02136     	0.02185     
348         	1           	9.95        	0.02104     	0.02059     	0.02151     
349         	1           	9.95        	0.02076     	0.02049     	0.02103     
350         	1           	9.9         	0.01989     	0.01935     	0.02044     
351         	1           	10          	0.02002     	0.0183      	0.0218      
352         	1           	10          	0.01997     	0.01781     	0.0222      
353         	1           	10          	0.02042     	0.01843     	0.02248     
354         	1           	9.95        	0.02037     	0.01829     	0.02252     
355         	1           	9.95        	0.02035     	0.01807     	0.02269     
356         	1           	9.9         	0.02068     	0.01851     	0.02292     
357         	1           	9.9         	0.02122     	0.01842     	0.0241      
358         	1           	9.95        	0.02098     	0.01826     	0.02378     
359         	1           	9.95        	0.02059     	0.01764     	0.02362     
360         	1           	9.95        	0.02064     	0.01827     	0.02309     
361         	1           	9.95        	0.02059     	0.01893     	0.0223      
362         	1           	9.95        	0.02115     	0.01852     	0.02387     
363         	1           	9.95        	0.02071     	0.01778     	0.02372     
364         	1           	9.95        	0.02038     	0.01818     	0.02266     
365         	1           	9.95        	0.02023     	0.01695     	0.02361     
366         	1           	9.95        	0.02077     	0.01712     	0.02452     
367         	1           	9.95        	0.02137     	0.01753     	0.02533     
368         	1           	9.95        	0.0214      	0.01706     	0.02588     
369         	1           	9.95        	0.02079     	0.01648     	0.02523     
370         	1           	10          	0.02163     	0.01738     	0.026       
371         	1           	10          	0.02216     	0.01768     	0.02678     
372         	1           	10          	0.02213     	0.01797     	0.02645     
373         	1           	10          	0.02192     	0.01898     	0.02495     
374         	1           	10          	0.02116     	0.01829     	0.02414     
375         	1           	10          	0.0218      	0.01977     	0.0239      
376         	1           	10          	0.02196     	0.01905     	0.02498     
377         	1           	10          	0.02145     	0.01822     	0.02479     
378         	1           	10          	0.02041     	0.01721     	0.02373     
379         	1           	10          	0.0201      	0.0173      	0.02301     
380         	1           	10          	0.02029     	0.01788     	0.0228      
381         	1           	10          	0.02109     	0.01951     	0.02272     
382         	1           	10          	0.02081     	0.01887     	0.02282     
383         	1           	10          	0.02099     	0.01905     	0.02301     
384         	1           	10          	0.021       	0.01906     	0.02301     
385         	1           	10          	0.02113     	0.0205      	0.02178     
386         	1           	9.95        	0.02171     	0.02123     	0.02221     
387         	1           	10          	0.02259     	0.02248     	0.02271     
388         	1           	9.95        	0.02269     	0.02381     	0.02153     
389         	1           	9.95        	0.02256     	0.02323     	0.02187     
390         	1           	10          	0.02266     	0.02256     	0.02276     
391         	1           	9.95        	0.02292     	0.02273     	0.02313     
392         	1           	9.95        	0.02344     	0.02344     	0.02344     
393         	1           	10          	0.02418     	0.02398     	0.02439     
394         	1           	9.95        	0.02437     	0.02419     	0.02455     
395         	1           	9.95        	0.0238      	0.02384     	0.02377     
396         	1           	9.95        	0.02398     	0.0246      	0.02334     
397         	1           	9.95        	0.02347     	0.02354     	0.02341     
398         	1           	9.9         	0.02263     	0.02316     	0.02208     
399         	1           	9.9         	0.02198     	0.0226      	0.02135     
400         	1           	9.95        	0.02209     	0.02275     	0.02141     
401         	1           	9.95        	0.02261     	0.02197     	0.02327     
402         	1           	9.85        	0.02253     	0.0215      	0.0236      
403         	1           	9.9         	0.02224     	0.02139     	0.02312     
404         	1           	9.9         	0.0224      	0.02156     	0.02327     
405         	1           	9.9         	0.02305     	0.02114     	0.02504     
406         	1           	9.85        	0.0235      	0.02151     	0.02556     
407         	1           	9.9         	0.02404     	0.02222     	0.02592     
408         	1           	10          	0.02435     	0.02217     	0.02661     
409         	1           	9.95        	0.02539     	0.02276     	0.02811     
410         	1           	10          	0.02435     	0.0218      	0.02699     
411         	1           	10          	0.02451     	0.02215     	0.02695     
412         	1           	9.95        	0.0233      	0.02182     	0.02484     
413         	1           	9.9         	0.0228      	0.02045     	0.02524     
414         	1           	9.95        	0.02236     	0.01946     	0.02537     
415         	1           	9.85        	0.02218     	0.02013     	0.02431     
416         	1           	9.9         	0.02325     	0.0214      	0.02516     
417         	1           	9.95        	0.0246      	0.023       	0.02628     
418         	1           	9.95        	0.02446     	0.02165     	0.02738     
419         	1           	10          	0.02477     	0.02236     	0.02728     
420         	1           	10          	0.02573     	0.02364     	0.0279      
421         	1           	10          	0.02456     	0.02149     	0.02775     
422         	1           	10          	0.02301     	0.02031     	0.02584     
423         	1           	10          	0.02183     	0.01964     	0.02412     
424         	1           	10          	0.02141     	0.01894     	0.02398     
425         	1           	10          	0.02146     	0.0185      	0.02454     
426         	1           	10          	0.02093     	0.01846     	0.02351     
427         	1           	10          	0.02089     	0.01898     	0.02288     
428         	1           	9.95        	0.02058     	0.01788     	0.02338     
429         	1           	9.9         	0.02        	0.0176      	0.02251     
430         	1           	10          	0.02009     	0.01706     	0.02324     
431         	1           	9.95        	0.01993     	0.01756     	0.02239     
432         	1           	9.95        	0.02006     	0.01752     	0.0227      
433         	1           	9.95        	0.01975     	0.01724     	0.02236     
434         	1           	9.85        	0.01944     	0.01669     	0.0223      
435         	1           	9.85        	0.01884     	0.01686     	0.02091     
436         	1           	9.85        	0.01866     	0.01732     	0.02005     
437         	1           	9.85        	0.01957     	0.01784     	0.02136     
438         	1           	9.95        	0.02002     	0.01809     	0.02201     
439         	1           	9.9         	0.02014     	0.01808     	0.02227     
440         	1           	9.95        	0.0202      	0.0187      	0.02176     
441         	1           	9.9         	0.01889     	0.01671     	0.02115     
442         	1           	9.95        	0.01821     	0.01618     	0.02033     
443         	1           	9.9         	0.01922     	0.01696     	0.02158     
444         	1           	9.95        	0.01814     	0.01644     	0.01991     
445         	1           	9.95        	0.01835     	0.01617     	0.02061     
446         	1           	10          	0.01768     	0.01634     	0.01907     
447         	1           	9.95        	0.01759     	0.01754     	0.01765     
448         	1           	9.95        	0.01827     	0.01795     	0.0186      
449         	1           	9.95        	0.01801     	0.01756     	0.01847     
450         	1           	9.9         	0.01756     	0.01711     	0.01803     
451         	1           	9.9         	0.01777     	0.01626     	0.01933     
452         	1           	9.9         	0.01799     	0.0159      	0.02015     
453         	1           	9.9         	0.01848     	0.01734     	0.01965     
454         	1           	9.95        	0.01696     	0.01542     	0.01854     
455         	1           	9.9         	0.01732     	0.01581     	0.01887     
456         	1           	9.85        	0.01691     	0.01594     	0.0179      
457         	1           	9.95        	0.01708     	0.01632     	0.01787     
458         	1           	9.9         	0.01758     	0.01627     	0.01893     
459         	1           	9.9         	0.01805     	0.01715     	0.01897     
460         	1           	9.9         	0.01883     	0.01696     	0.02076     
461         	1           	9.85        	0.01922     	0.01664     	0.02188     
462         	1           	9.9         	0.01915     	0.01673     	0.02165     
463         	1           	9.95        	0.02014     	0.01754     	0.02282     
464         	1           	9.9         	0.01992     	0.01837     	0.02153     
465         	1           	9.9         	0.02038     	0.01902     	0.02179     
466         	1           	9.85        	0.02095     	0.01996     	0.02198     
467         	1           	9.9         	0.02192     	0.02015     	0.02375     
468         	1           	9.85        	0.0217      	0.02033     	0.02311     
469         	1           	9.85        	0.02179     	0.02115     	0.02245     
470         	1           	9.75        	0.0212      	0.02083     	0.02159     
471         	1           	9.8         	0.0204      	0.02011     	0.02069     
472         	1           	9.75        	0.02042     	0.02036     	0.02049     
473         	1           	9.75        	0.02099     	0.02197     	0.01997     
474         	1           	9.8         	0.02174     	0.02224     	0.02122     
475         	1           	9.8         	0.02172     	0.02132     	0.02213     
476         	1           	9.75        	0.02101     	0.02057     	0.02146     
477         	1           	9.75        	0.02028     	0.0198      	0.02078     
478         	1           	9.85        	0.01982     	0.01923     	0.02043     
479         	1           	9.85        	0.01974     	0.01903     	0.02048     
480         	1           	9.85        	0.01947     	0.01769     	0.02129     
481         	1           	9.8         	0.01915     	0.01686     	0.0215      
482         	1           	9.9         	0.01788     	0.0159      	0.01991     
483         	1           	9.75        	0.01704     	0.01535     	0.01876     
484         	1           	9.85        	0.01643     	0.01504     	0.01784     
485         	1           	9.85        	0.01625     	0.01484     	0.0177      
486         	1           	9.75        	0.01628     	0.01474     	0.01786     
487         	1           	9.85        	0.01669     	0.01527     	0.01815     
488         	1           	9.8         	0.01701     	0.01531     	0.01876     
489         	1           	9.85        	0.01696     	0.01536     	0.01861     
490         	1           	9.85        	0.01672     	0.01559     	0.01789     
491         	1           	9.9         	0.01642     	0.01568     	0.01719     
492         	1           	9.9         	0.0166      	0.01613     	0.01708     
493         	1           	9.95        	0.01576     	0.0157      	0.01583     
494         	1           	9.95        	0.0165      	0.01591     	0.0171      
495         	1           	9.95        	0.01646     	0.01592     	0.01701     
496         	1           	9.95        	0.01648     	0.01542     	0.01757     
497         	1           	9.9         	0.01643     	0.01589     	0.01699     
498         	1           	9.9         	0.0165      	0.01552     	0.01751     
499         	1           	9.85        	0.01631     	0.01488     	0.01778     
500         	1           	9.85        	0.01595     	0.01475     	0.01718     
501         	1           	9.85        	0.01584     	0.0151      	0.01661     
502         	1           	9.85        	0.01596     	0.01639     	0.01552     
503         	1           	9.9         	0.01545     	0.01601     	0.01487     
504         	1           	9.85        	0.0151      	0.01525     	0.01494     
505         	1           	9.9         	0.01499     	0.01521     	0.01477     
506         	1           	9.8         	0.01424     	0.01412     	0.01436     
507         	1           	9.8         	0.0141      	0.01463     	0.01356     
508         	1           	9.9         	0.0138      	0.01393     	0.01368     
509         	1           	9.95        	0.01444     	0.01384     	0.01506     
510         	1           	9.95        	0.01475     	0.01379     	0.01574     
511         	1           	9.95        	0.01441     	0.01382     	0.01502     
512         	1           	9.8         	0.01434     	0.01375     	0.01495     
513         	1           	9.85        	0.01387     	0.01304     	0.01473     
514         	1           	9.75        	0.01427     	0.01366     	0.01491     
515         	1           	9.8         	0.01382     	0.01374     	0.01391     
516         	1           	9.65        	0.01448     	0.01396     	0.01501     
517         	1           	9.65        	0.01463     	0.01445     	0.01482     
518         	1           	9.65        	0.01427     	0.0145      	0.01402     
519         	1           	9.6         	0.01436     	0.015       	0.0137      
520         	1           	9.65        	0.01463     	0.01538     	0.01387     
521         	1           	9.65        	0.01466     	0.01415     	0.01519     
522         	1           	9.65        	0.01572     	0.01578     	0.01566     
523         	1           	9.7         	0.01485     	0.01503     	0.01467     
524         	1           	9.75        	0.01505     	0.01432     	0.0158      
525         	1           	9.8         	0.01461     	0.01361     	0.01563     
526         	1           	9.8         	0.01504     	0.01395     	0.01617     
527         	1           	9.8         	0.01428     	0.01254     	0.01607     
528         	1           	9.75        	0.01492     	0.01307     	0.01681     
529         	1           	9.8         	0.01465     	0.01392     	0.01539     
530         	1           	9.7         	0.01492     	0.01523     	0.0146      
531         	1           	9.65        	0.01525     	0.01551     	0.01499     
532         	1           	9.75        	0.01453     	0.01484     	0.01422     
533         	1           	9.8         	0.01468     	0.0146      	0.01476     
534         	1           	9.8         	0.01517     	0.01449     	0.01586     
535         	1           	9.85        	0.01522     	0.01401     	0.01646     
536         	1           	9.8         	0.01485     	0.01364     	0.0161      
537         	1           	9.8         	0.01472     	0.01343     	0.01605     
538         	1           	9.9         	0.01578     	0.01514     	0.01644     
539         	1           	9.85        	0.01508     	0.01356     	0.01664     
540         	1           	9.9         	0.01412     	0.0122      	0.0161      
541         	1           	9.9         	0.01407     	0.0117      	0.0165      
542         	1           	9.85        	0.01468     	0.01222     	0.01721     
543         	1           	9.9         	0.0147      	0.01233     	0.01712     
544         	1           	9.85        	0.01479     	0.01269     	0.01695     
545         	1           	9.75        	0.01505     	0.01254     	0.01762     
546         	1           	9.8         	0.01494     	0.01247     	0.01747     
547         	1           	9.8         	0.01437     	0.01166     	0.01716     
548         	1           	9.8         	0.01437     	0.01093     	0.0179      
549         	1           	9.85        	0.01517     	0.01161     	0.01883     
550         	1           	9.8         	0.0148      	0.01133     	0.01837     
551         	1           	9.7         	0.01412     	0.01113     	0.01719     
552         	1           	9.8         	0.01452     	0.01132     	0.0178      
553         	1           	9.75        	0.01453     	0.0112      	0.01795     
554         	1           	9.75        	0.01485     	0.01044     	0.01938     
555         	1           	9.6         	0.01482     	0.01005     	0.01972     
556         	1           	9.6         	0.01472     	0.01003     	0.01955     
557         	1           	9.65        	0.01607     	0.01103     	0.02125     
558         	1           	9.65        	0.01542     	0.01114     	0.01983     
559         	1           	9.65        	0.01512     	0.01088     	0.01949     
560         	1           	9.65        	0.01508     	0.0107      	0.0196      
561         	1           	9.6         	0.01472     	0.01073     	0.01883     
562         	1           	9.65        	0.01476     	0.0106      	0.01904     
563         	1           	9.65        	0.01432     	0.01034     	0.0184      
564         	1           	9.7         	0.01431     	0.01025     	0.01848     
565         	1           	9.65        	0.01444     	0.01064     	0.01835     
566         	1           	9.6         	0.01449     	0.01073     	0.01837     
567         	1           	9.65        	0.01485     	0.01149     	0.01831     
568         	1           	9.6         	0.01483     	0.01232     	0.01741     
569         	1           	9.65        	0.01408     	0.01175     	0.01649     
570         	1           	9.6         	0.01476     	0.01239     	0.0172      
571         	1           	9.55        	0.01414     	0.01273     	0.01559     
572         	1           	9.55        	0.01457     	0.01293     	0.01626     
573         	1           	9.5         	0.01429     	0.01312     	0.0155      
574         	1           	9.4         	0.01355     	0.01294     	0.01418     
575         	1           	9.4         	0.01377     	0.01339     	0.01416     
576         	1           	9.45        	0.01393     	0.01382     	0.01404     
577         	1           	9.45        	0.01422     	0.0137      	0.01474     
578         	1           	9.55        	0.01432     	0.01343     	0.01523     
579         	1           	9.45        	0.01415     	0.01294     	0.01539     
580         	1           	9.5         	0.0142      	0.01372     	0.0147      
581         	1           	9.45        	0.01571     	0.01461     	0.01685     
582         	1           	9.55        	0.01571     	0.01525     	0.01618     
583         	1           	9.5         	0.01551     	0.01493     	0.0161      
584         	1           	9.45        	0.01553     	0.0162      	0.01483     
585         	1           	9.45        	0.01499     	0.01527     	0.0147      
586         	1           	9.55        	0.01534     	0.01577     	0.01489     
587         	1           	9.4         	0.01398     	0.01434     	0.01361     
588         	1           	9.4         	0.01431     	0.0148      	0.0138      
589         	1           	9.4         	0.01428     	0.01459     	0.01397     
590         	1           	9.5         	0.01391     	0.01455     	0.01325     
591         	1           	9.6         	0.0136      	0.01496     	0.0122      
592         	1           	9.45        	0.01431     	0.01539     	0.01319     
593         	1           	9.5         	0.01366     	0.01541     	0.01186     
594         	1           	9.5         	0.01358     	0.0156      	0.01149     
595         	1           	9.5         	0.01416     	0.01602     	0.01225     
596         	1           	9.55        	0.01439     	0.01577     	0.01296     
597         	1           	9.6         	0.01504     	0.01641     	0.01362     
598         	1           	9.65        	0.01511     	0.01604     	0.01415     
599         	1           	9.65        	0.015       	0.0163      	0.01365     
600         	1           	9.65        	0.015       	0.01608     	0.01388     
601         	1           	9.65        	0.01562     	0.01686     	0.01435     
602         	1           	9.7         	0.01543     	0.01635     	0.01447     
603         	1           	9.75        	0.01587     	0.01691     	0.0148      
604         	1           	9.7         	0.01588     	0.01688     	0.01486     
605         	1           	9.75        	0.01607     	0.01695     	0.01516     
606         	1           	9.75        	0.01599     	0.01711     	0.01483     
607         	1           	9.75        	0.01615     	0.01789     	0.01436     
608         	1           	9.75        	0.01547     	0.0169      	0.01401     
609         	1           	9.9         	0.0153      	0.01694     	0.01362     
610         	1           	9.9         	0.01524     	0.01716     	0.01327     
611         	1           	9.9         	0.0162      	0.01775     	0.01461     
612         	1           	9.85        	0.01541     	0.01679     	0.014       
613         	1           	9.75        	0.01469     	0.01628     	0.01305     
614         	1           	9.7         	0.01485     	0.01652     	0.01314     
615         	1           	9.85        	0.0152      	0.01691     	0.01344     
616         	1           	9.6         	0.01525     	0.01671     	0.01373     
617         	1           	9.55        	0.01554     	0.01745     	0.01357     
618         	1           	9.6         	0.01575     	0.01724     	0.01421     
619         	1           	9.65        	0.01532     	0.01673     	0.01387     
620         	1           	9.6         	0.01555     	0.01734     	0.01371     
621         	1           	9.55        	0.01499     	0.01591     	0.01404     
622         	1           	9.65        	0.01559     	0.01638     	0.01477     
623         	1           	9.7         	0.01501     	0.0152      	0.01483     
624         	1           	9.7         	0.01486     	0.01615     	0.01352     
625         	1           	9.6         	0.01495     	0.01652     	0.01334     
626         	1           	9.6         	0.01484     	0.01556     	0.01409     
627         	1           	9.6         	0.01515     	0.01606     	0.01422     
628         	1           	9.6         	0.0153      	0.01567     	0.01492     
629         	1           	9.6         	0.01518     	0.01541     	0.01495     
630         	1           	9.75        	0.01513     	0.01508     	0.01517     
631         	1           	9.7         	0.01576     	0.01526     	0.01628     
632         	1           	9.55        	0.01569     	0.01559     	0.0158      
633         	1           	9.45        	0.01601     	0.01594     	0.01608     
634         	1           	9.5         	0.01593     	0.01548     	0.0164      
635         	1           	9.4         	0.01577     	0.01595     	0.01558     
636         	1           	9.4         	0.01688     	0.01665     	0.01712     
637         	1           	9.4         	0.01508     	0.01595     	0.01419     
638         	1           	9.5         	0.01502     	0.01546     	0.01456     
639         	1           	9.55        	0.01502     	0.01574     	0.01426     
640         	1           	9.6         	0.01505     	0.01547     	0.01462     
641         	1           	9.55        	0.01536     	0.01542     	0.01529     
642         	1           	9.6         	0.01525     	0.01582     	0.01466     
643         	1           	9.55        	0.01575     	0.01682     	0.01465     
644         	1           	9.5         	0.0158      	0.01768     	0.01386     
645         	1           	9.55        	0.01623     	0.0188      	0.01358     
646         	1           	9.65        	0.01593     	0.01785     	0.01396     
647         	1           	9.6         	0.01695     	0.01837     	0.01549     
648         	1           	9.55        	0.01701     	0.018       	0.01599     
649         	1           	9.6         	0.01755     	0.01855     	0.01652     
650         	1           	9.5         	0.01812     	0.01926     	0.01694     
651         	1           	9.5         	0.01766     	0.01888     	0.0164      
652         	1           	9.55        	0.01772     	0.01895     	0.01646     
653         	1           	9.5         	0.01895     	0.01977     	0.01811     
654         	1           	9.4         	0.01905     	0.01954     	0.01854     
655         	1           	9.4         	0.01867     	0.01861     	0.01872     
656         	1           	9.4         	0.01863     	0.01801     	0.01927     
657         	1           	9.45        	0.01887     	0.01806     	0.0197      
658         	1           	9.45        	0.01864     	0.01808     	0.01922     
659         	1           	9.5         	0.01855     	0.01708     	0.02007     
660         	1           	9.45        	0.01963     	0.01727     	0.02207     
661         	1           	9.5         	0.02089     	0.01786     	0.02401     
662         	1           	9.45        	0.02072     	0.01679     	0.02478     
663         	1           	9.55        	0.02089     	0.01617     	0.02578     
664         	1           	9.4         	0.02152     	0.01643     	0.0268      
665         	1           	9.45        	0.02129     	0.01626     	0.02649     
666         	1           	9.4         	0.02145     	0.01616     	0.02691     
667         	1           	9.4         	0.02209     	0.01608     	0.0283      
668         	1           	9.45        	0.02157     	0.01592     	0.02744     
669         	1           	9.4         	0.02149     	0.01587     	0.02733     
670         	1           	9.35        	0.02174     	0.01603     	0.02766     
671         	1           	9.35        	0.02166     	0.01582     	0.02772     
672         	1           	9.4         	0.02116     	0.01581     	0.0267      
673         	1           	9.35        	0.02112     	0.01572     	0.02672     
674         	1           	9.3         	0.02198     	0.01609     	0.02809     
675         	1           	9.35        	0.02201     	0.01601     	0.02825     
676         	1           	9.35        	0.02145     	0.01505     	0.02811     
677         	1           	9.3         	0.02195     	0.01616     	0.02797     
678         	1           	9.4         	0.02182     	0.01609     	0.02777     
679         	1           	9.4         	0.02263     	0.0173      	0.02817     
680         	1           	9.4         	0.02249     	0.01654     	0.02866     
681         	1           	9.45        	0.022       	0.01629     	0.02792     
682         	1           	9.35        	0.02184     	0.01662     	0.02726     
683         	1           	9.3         	0.02312     	0.01738     	0.02905     
684         	1           	9.4         	0.02425     	0.01824     	0.03046     
685         	1           	9.45        	0.02499     	0.02059     	0.02953     
686         	1           	9.45        	0.02526     	0.0218      	0.02885     
687         	1           	9.5         	0.02601     	0.02253     	0.02962     
688         	1           	9.45        	0.02662     	0.023       	0.03036     
689         	1           	9.45        	0.02591     	0.02339     	0.02851     
690         	1           	9.45        	0.02609     	0.02313     	0.02915     
691         	1           	9.35        	0.02567     	0.02291     	0.02852     
692         	1           	9.4         	0.02627     	0.0236      	0.02904     
693         	1           	9.35        	0.02599     	0.02361     	0.02846     
694         	1           	9.3         	0.02726     	0.02499     	0.02961     
695         	1           	9.35        	0.02781     	0.02644     	0.02924     
696         	1           	9.3         	0.02693     	0.02605     	0.02784     
697         	1           	9.2         	0.02714     	0.02675     	0.02755     
698         	1           	9.15        	0.0267      	0.02722     	0.02617     
699         	1           	9.2         	0.02503     	0.02546     	0.02458     
700         	1           	9.2         	0.02439     	0.02456     	0.02422     
701         	1           	9.3         	0.02402     	0.02488     	0.02313     
702         	1           	9.3         	0.02407     	0.02425     	0.02388     
703         	1           	9.35        	0.02357     	0.02405     	0.02307     
704         	1           	9.3         	0.02363     	0.0243      	0.02295     
705         	1           	9.25        	0.02313     	0.02356     	0.02269     
706         	1           	9.2         	0.02355     	0.02419     	0.0229      
707         	1           	9.3         	0.02402     	0.02404     	0.024       
708         	1           	9.25        	0.02341     	0.0246      	0.02218     
709         	1           	9.25        	0.02294     	0.02314     	0.02273     
710         	1           	9.25        	0.02322     	0.02397     	0.02246     
711         	1           	9.25        	0.02306     	0.02293     	0.0232      
712         	1           	9.3         	0.02357     	0.02367     	0.02346     
713         	1           	9.25        	0.02447     	0.0249      	0.02403     
714         	1           	9.25        	0.02433     	0.02475     	0.02391     
715         	1           	9.3         	0.02523     	0.02548     	0.02498     
716         	1           	9.3         	0.02498     	0.02482     	0.02514     
717         	1           	9.25        	0.02542     	0.02706     	0.02374     
718         	1           	9.25        	0.02506     	0.02775     	0.0223      
719         	1           	9.25        	0.02487     	0.02769     	0.02197     
720         	1           	9.3         	0.02484     	0.02785     	0.02176     
721         	1           	9.2         	0.02402     	0.02714     	0.02081     
722         	1           	9.25        	0.02418     	0.02779     	0.0205      
723         	1           	9.2         	0.0245      	0.02795     	0.02097     
724         	1           	9.2         	0.02451     	0.02818     	0.02075     
725         	1           	9.25        	0.02391     	0.02827     	0.01947     
726         	1           	9.2         	0.02251     	0.02836     	0.01653     
727         	1           	9.2         	0.02204     	0.02825     	0.01569     
728         	1           	9.2         	0.02253     	0.02875     	0.01617     
729         	1           	9.2         	0.02164     	0.02783     	0.01533     
730         	1           	9.25        	0.02194     	0.02846     	0.01531     
731         	1           	9.25        	0.02292     	0.03098     	0.01469     
732         	1           	9.1         	0.02215     	0.03042     	0.01371     
733         	1           	9.15        	0.02116     	0.02882     	0.01336     
734         	1           	9.15        	0.02119     	0.02885     	0.01334     
735         	1           	9.2         	0.0216      	0.02843     	0.01462     
736         	1           	9.2         	0.02139     	0.02794     	0.01471     
737         	1           	9.3         	0.02101     	0.02811     	0.01376     
738         	1           	9.3         	0.02127     	0.0271      	0.01531     
739         	1           	9.35        	0.02012     	0.02617     	0.01395     
740         	1           	9.25        	0.01934     	0.0248      	0.01376     
741         	1           	9.2         	0.01933     	0.0244      	0.01415     
742         	1           	9.2         	0.01834     	0.02318     	0.01341     
743         	1           	9.15        	0.01873     	0.02349     	0.01388     
744         	1           	9.2         	0.01863     	0.0235      	0.01365     
745         	1           	9.3         	0.01964     	0.02472     	0.01446     
746         	1           	9.3         	0.01933     	0.02433     	0.01424     
747         	1           	9.35        	0.019       	0.02344     	0.01449     
748         	1           	9.35        	0.0185      	0.02299     	0.01392     
749         	1           	9.3         	0.0184      	0.02205     	0.01468     
750         	1           	9.35        	0.0178      	0.02071     	0.01484     
751         	1           	9.3         	0.01733     	0.02001     	0.01459     
752         	1           	9.35        	0.01799     	0.02145     	0.01446     
753         	1           	9.35        	0.01859     	0.02129     	0.01584     
754         	1           	9.4         	0.01796     	0.02        	0.01589     
755         	1           	9.45        	0.01705     	0.01901     	0.01506     
756         	1           	9.3         	0.0175      	0.01939     	0.01558     
757         	1           	9.35        	0.01788     	0.01957     	0.01616     
758         	1           	9.4         	0.01732     	0.01913     	0.01548     
759         	1           	9.35        	0.01642     	0.01851     	0.01429     
760         	1           	9.35        	0.01771     	0.01983     	0.01554     
761         	1           	9.3         	0.01748     	0.01977     	0.01514     
762         	1           	9.25        	0.0182      	0.01843     	0.01796     
763         	1           	9.25        	0.01841     	0.01874     	0.01807     
764         	1           	9.3         	0.01859     	0.01954     	0.01762     
765         	1           	9.3         	0.01772     	0.01928     	0.01612     
766         	1           	9.3         	0.0177      	0.02024     	0.0151      
767         	1           	9.4         	0.01738     	0.01949     	0.01522     
768         	1           	9.35        	0.01664     	0.01801     	0.01524     
769         	1           	9.35        	0.01647     	0.01811     	0.0148      
770         	1           	9.35        	0.01722     	0.01839     	0.01603     
771         	1           	9.4         	0.01737     	0.01868     	0.01604     
772         	1           	9.35        	0.01804     	0.02031     	0.01572     
773         	1           	9.3         	0.01822     	0.02016     	0.01626     
774         	1           	9.4         	0.0182      	0.0203      	0.01606     
775         	1           	9.3         	0.01908     	0.02175     	0.01637     
776         	1           	9.35        	0.01962     	0.02313     	0.01604     
777         	1           	9.35        	0.01881     	0.02234     	0.01523     
778         	1           	9.4         	0.0187      	0.02175     	0.01559     
779         	1           	9.35        	0.0191      	0.02187     	0.01627     
780         	1           	9.25        	0.01929     	0.02183     	0.01671     
781         	1           	9.35        	0.02007     	0.02257     	0.01753     
782         	1           	9.4         	0.02085     	0.02388     	0.01776     
783         	1           	9.35        	0.02073     	0.02284     	0.01859     
784         	1           	9.35        	0.02054     	0.02311     	0.01794     
785         	1           	9.4         	0.01979     	0.02197     	0.01758     
786         	1           	9.4         	0.01969     	0.02237     	0.01697     
787         	1           	9.45        	0.01955     	0.02224     	0.01683     
788         	1           	9.4         	0.01904     	0.02128     	0.01678     
789         	1           	9.35        	0.01785     	0.01912     	0.01657     
790         	1           	9.35        	0.01818     	0.01955     	0.01679     
791         	1           	9.45        	0.01837     	0.01863     	0.01812     
792         	1           	9.4         	0.01847     	0.01858     	0.01836     
793         	1           	9.35        	0.01816     	0.01919     	0.0171      
794         	1           	9.35        	0.01805     	0.01981     	0.01625     
795         	1           	9.35        	0.018       	0.01969     	0.01628     
796         	1           	9.3         	0.01757     	0.01873     	0.01638     
797         	1           	9.25        	0.01715     	0.01847     	0.0158      
798         	1           	9.25        	0.01829     	0.02061     	0.01593     
799         	1           	9.2         	0.01842     	0.02062     	0.0162      
800         	1           	9.3         	0.01751     	0.01888     	0.01612     
801         	1           	9.35        	0.01847     	0.02028     	0.01664     
802         	1           	9.35        	0.01884     	0.02055     	0.0171      
803         	1           	9.3         	0.01725     	0.01903     	0.01545     
804         	1           	9.3         	0.01687     	0.01841     	0.01531     
805         	1           	9.35        	0.01654     	0.01767     	0.01539     
806         	1           	9.35        	0.016       	0.01756     	0.01441     
807         	1           	9.35        	0.01614     	0.01734     	0.01493     
808         	1           	9.35        	0.01626     	0.01769     	0.01482     
809         	1           	9.3         	0.01594     	0.01672     	0.01515     
810         	1           	9.35        	0.01653     	0.017       	0.01605     
811         	1           	9.4         	0.01714     	0.01792     	0.01635     
812         	1           	9.35        	0.01799     	0.01846     	0.01752     
813         	1           	9.25        	0.01769     	0.01769     	0.01769     
814         	1           	9.2         	0.01783     	0.01745     	0.01821     
815         	1           	9.2         	0.01817     	0.01858     	0.01776     
816         	1           	9.35        	0.0185      	0.01925     	0.01773     
817         	1           	9.2         	0.01902     	0.01954     	0.01849     
818         	1           	9.25        	0.01935     	0.01872     	0.01998     
819         	1           	9.2         	0.02062     	0.0196      	0.02166     
820         	1           	9.25        	0.02128     	0.01967     	0.02291     
821         	1           	9.25        	0.02138     	0.01931     	0.02347     
822         	1           	9.25        	0.02082     	0.01892     	0.02274     
823         	1           	9.3         	0.02119     	0.01872     	0.0237      
824         	1           	9.25        	0.02081     	0.01729     	0.02439     
825         	1           	9.1         	0.02021     	0.01741     	0.02306     
826         	1           	9.2         	0.01966     	0.01742     	0.02193     
827         	1           	9.1         	0.01981     	0.01704     	0.02261     
828         	1           	9           	0.02011     	0.01697     	0.02327     
829         	1           	9           	0.01983     	0.01607     	0.02362     
830         	1           	9.05        	0.01979     	0.01605     	0.02357     
831         	1           	9.05        	0.01975     	0.01616     	0.02336     
832         	1           	8.9         	0.02017     	0.01729     	0.02308     
833         	1           	9.05        	0.02081     	0.01837     	0.02327     
834         	1           	9.1         	0.02149     	0.01979     	0.02321     
835         	1           	9.2         	0.02159     	0.01955     	0.02366     
836         	1           	9.05        	0.02135     	0.01958     	0.02315     
837         	1           	9.05        	0.02169     	0.01976     	0.02365     
838         	1           	9           	0.02238     	0.02146     	0.02332     
839         	1           	8.95        	0.02234     	0.02171     	0.02296     
840         	1           	8.85        	0.02218     	0.02072     	0.02365     
841         	1           	8.9         	0.0221      	0.02041     	0.0238      
842         	1           	8.9         	0.02082     	0.02005     	0.0216      
843         	1           	8.9         	0.02047     	0.01938     	0.02157     
844         	1           	8.95        	0.02073     	0.01986     	0.0216      
845         	1           	8.95        	0.02036     	0.01931     	0.02141     
846         	1           	8.9         	0.02032     	0.01992     	0.02073     
847         	1           	8.95        	0.02178     	0.02118     	0.02238     
848         	1           	9           	0.0229      	0.0223      	0.02351     
849         	1           	9.1         	0.02271     	0.0217      	0.02374     
850         	1           	9.05        	0.02348     	0.02261     	0.02436     
851         	1           	9.1         	0.0238      	0.02297     	0.02463     
852         	1           	9.15        	0.02201     	0.02176     	0.02226     
853         	1           	9.15        	0.0221      	0.02224     	0.02195     
854         	1           	9.1         	0.02288     	0.02271     	0.02306     
855         	1           	9.2         	0.02223     	0.02244     	0.02203     
856         	1           	9.15        	0.02173     	0.02191     	0.02156     
857         	1           	9.2         	0.02292     	0.02286     	0.02298     
858         	1           	9.15        	0.02349     	0.02214     	0.02484     
859         	1           	9.1         	0.02346     	0.02157     	0.02535     
860         	1           	9.1         	0.02401     	0.02217     	0.02585     
861         	1           	9.15        	0.0239      	0.02331     	0.02448     
862         	1           	9.15        	0.02376     	0.02304     	0.02448     
863         	1           	9.1         	0.0238      	0.0236      	0.02401     
864         	1           	9.1         	0.02423     	0.02361     	0.02484     
865         	1           	9           	0.02374     	0.02239     	0.02509     
866         	1           	9           	0.02429     	0.02229     	0.02628     
867         	1           	9           	0.02449     	0.02252     	0.02645     
868         	1           	8.95        	0.02389     	0.0224      	0.02538     
869         	1           	9           	0.02332     	0.02052     	0.02611     
870         	1           	9.05        	0.02311     	0.02031     	0.0259      
871         	1           	8.95        	0.02301     	0.0213      	0.02471     
872         	1           	8.95        	0.02277     	0.02067     	0.02487     
873         	1           	8.85        	0.02377     	0.02308     	0.02446     
874         	1           	8.85        	0.02394     	0.02272     	0.02515     
875         	1           	9           	0.02371     	0.0229      	0.02452     
876         	1           	9           	0.02289     	0.02328     	0.0225      
877         	1           	8.9         	0.02206     	0.02244     	0.02168     
878         	1           	8.9         	0.02285     	0.0218      	0.02389     
879         	1           	8.95        	0.0222      	0.02037     	0.02402     
880         	1           	8.9         	0.02162     	0.02024     	0.02299     
881         	1           	9           	0.02207     	0.01983     	0.02429     
882         	1           	9           	0.02217     	0.02097     	0.02336     
883         	1           	9.05        	0.02302     	0.0216      	0.02444     
884         	1           	9           	0.02161     	0.0208      	0.02241     
885         	1           	9.05        	0.02227     	0.02142     	0.02312     
886         	1           	9.05        	0.02238     	0.02131     	0.02344     
887         	1           	9.05        	0.02277     	0.02123     	0.02431     
888         	1           	9.05        	0.02218     	0.0205      	0.02387     
889         	1           	9.05        	0.02304     	0.02115     	0.02492     
890         	1           	9           	0.02231     	0.02091     	0.0237      
891         	1           	9           	0.02268     	0.02064     	0.02473     
892         	1           	9.05        	0.02218     	0.02065     	0.02371     
893         	1           	9.15        	0.0222      	0.02077     	0.02364     
894         	1           	9.1         	0.02315     	0.0209      	0.02542     
895         	1           	9.1         	0.02399     	0.02154     	0.02645     
896         	1           	9.1         	0.02406     	0.02162     	0.02651     
897         	1           	9.2         	0.02462     	0.0226      	0.02665     
898         	1           	9.25        	0.02501     	0.02253     	0.02749     
899         	1           	9.15        	0.02527     	0.0227      	0.02784     
900         	1           	9.05        	0.02526     	0.0235      	0.02703     
901         	1           	9.1         	0.02502     	0.02328     	0.02677     
902         	1           	9.25        	0.02554     	0.02489     	0.02618     
903         	1           	9.25        	0.0252      	0.025       	0.0254      
904         	1           	9.25        	0.02503     	0.02431     	0.02575     
905         	1           	9.15        	0.02505     	0.0247      	0.0254      
906         	1           	9.05        	0.02536     	0.02438     	0.02634     
907         	1           	9.15        	0.02387     	0.02236     	0.02537     
908         	1           	9.2         	0.025       	0.02394     	0.02604     
909         	1           	9.2         	0.02402     	0.02381     	0.02423     
910         	1           	9.15        	0.02479     	0.02454     	0.02503     
911         	1           	9.1         	0.02459     	0.02442     	0.02476     
912         	1           	9.1         	0.02382     	0.02403     	0.02362     
913         	1           	9.1         	0.02361     	0.02333     	0.02389     
914         	1           	9           	0.02316     	0.02348     	0.02284     
915         	1           	9           	0.02379     	0.02352     	0.02407     
916         	1           	9           	0.02354     	0.02319     	0.02388     
917         	1           	8.95        	0.02318     	0.02233     	0.02402     
918         	1           	9           	0.02233     	0.0217      	0.02296     
919         	1           	9           	0.02209     	0.0233      	0.0209      
920         	1           	9           	0.02281     	0.02272     	0.0229      
921         	1           	8.95        	0.02197     	0.02247     	0.02148     
922         	1           	8.9         	0.02174     	0.02236     	0.02113     
923         	1           	8.8         	0.0223      	0.02389     	0.02073     
924         	1           	8.85        	0.02231     	0.02389     	0.02074     
925         	1           	8.9         	0.02194     	0.02325     	0.02065     
926         	1           	8.9         	0.02119     	0.02254     	0.01986     
927         	1           	8.9         	0.02097     	0.0225      	0.01945     
928         	1           	8.95        	0.02175     	0.02326     	0.02025     
929         	1           	9.1         	0.0208      	0.0219      	0.01971     
930         	1           	9.05        	0.02047     	0.02188     	0.01907     
931         	1           	9.05        	0.02003     	0.02149     	0.01858     
932         	1           	9.1         	0.01966     	0.02166     	0.01768     
933         	1           	9.05        	0.01982     	0.02123     	0.01842     
934         	1           	8.9         	0.01941     	0.02047     	0.01836     
935         	1           	8.95        	0.02011     	0.02179     	0.01844     
936         	1           	8.9         	0.01947     	0.02142     	0.01753     
937         	1           	9           	0.01982     	0.02139     	0.01826     
938         	1           	8.9         	0.0204      	0.02265     	0.01819     
939         	1           	9           	0.01944     	0.02179     	0.01713     
940         	1           	8.9         	0.01923     	0.02221     	0.01629     
941         	1           	8.8         	0.0189      	0.02264     	0.01521     
942         	1           	8.85        	0.0191      	0.0227      	0.01556     
943         	1           	8.9         	0.02008     	0.02305     	0.01715     
944         	1           	8.85        	0.02015     	0.02264     	0.01769     
945         	1           	8.95        	0.02068     	0.02323     	0.01816     
946         	1           	8.95        	0.02147     	0.0235      	0.01948     
947         	1           	8.9         	0.02113     	0.02262     	0.01967     
948         	1           	8.9         	0.02184     	0.02242     	0.02128     
949         	1           	8.8         	0.02183     	0.02162     	0.02203     
950         	1           	8.65        	0.02121     	0.02185     	0.02058     
951         	1           	8.75        	0.02024     	0.02081     	0.01968     
952         	1           	8.8         	0.02002     	0.02011     	0.01992     
953         	1           	8.8         	0.01862     	0.019       	0.01824     
954         	1           	8.9         	0.01893     	0.01934     	0.01852     
955         	1           	8.95        	0.01946     	0.01998     	0.01895     
956         	1           	8.85        	0.01893     	0.01926     	0.0186      
957         	1           	8.95        	0.02019     	0.02052     	0.01987     
958         	1           	8.9         	0.01936     	0.02034     	0.0184      
959         	1           	8.9         	0.01942     	0.02028     	0.01857     
960         	1           	8.95        	0.02041     	0.02018     	0.02063     
961         	1           	8.9         	0.02065     	0.01994     	0.02135     
962         	1           	9           	0.02016     	0.01973     	0.02059     
963         	1           	8.95        	0.02088     	0.02081     	0.02095     
964         	1           	9           	0.02141     	0.0216      	0.02122     
965         	1           	8.9         	0.02169     	0.02159     	0.0218      
966         	1           	8.85        	0.01962     	0.01951     	0.01974     
967         	1           	8.8         	0.02019     	0.01976     	0.0206      
968         	1           	8.9         	0.0207      	0.01982     	0.02156     
969         	1           	8.9         	0.02032     	0.01963     	0.02099     
970         	1           	8.8         	0.0205      	0.02045     	0.02055     
971         	1           	8.85        	0.02054     	0.01977     	0.0213      
972         	1           	8.85        	0.02146     	0.01981     	0.02308     
973         	1           	8.75        	0.02202     	0.02014     	0.02385     
974         	1           	8.85        	0.02281     	0.02203     	0.02358     
975         	1           	8.8         	0.02325     	0.02346     	0.02304     
976         	1           	8.85        	0.02357     	0.02443     	0.02271     
977         	1           	8.85        	0.02418     	0.02536     	0.02303     
978         	1           	8.9         	0.02425     	0.02533     	0.02319     
979         	1           	8.95        	0.02516     	0.0268      	0.02354     
980         	1           	9           	0.02526     	0.02642     	0.02412     
981         	1           	8.85        	0.02507     	0.02543     	0.02472     
982         	1           	8.9         	0.02529     	0.02516     	0.02542     
983         	1           	8.9         	0.02466     	0.024       	0.02531     
984         	1           	8.95        	0.02561     	0.02507     	0.02616     
985         	1           	8.8         	0.02537     	0.02491     	0.02583     
986         	1           	8.85        	0.02547     	0.02429     	0.02663     
987         	1           	8.8         	0.02557     	0.025       	0.02613     
988         	1           	8.95        	0.02466     	0.02328     	0.02604     
989         	1           	8.85        	0.02543     	0.02431     	0.02656     
990         	1           	8.8         	0.02508     	0.02317     	0.02698     
991         	1           	8.8         	0.02403     	0.02223     	0.02582     
992         	1           	8.9         	0.02503     	0.02333     	0.02673     
993         	1           	8.85        	0.02595     	0.02363     	0.02826     
994         	1           	8.8         	0.02623     	0.02394     	0.02852     
995         	1           	8.85        	0.026       	0.02425     	0.02773     
996         	1           	8.75        	0.02662     	0.02506     	0.02817     
997         	1           	8.85        	0.0251      	0.02329     	0.02689     
998         	1           	8.85        	0.02491     	0.02362     	0.02619     
999         	1           	8.85        	0.02496     	0.02387     	0.02603     
1000        	1           	8.85        	0.02467     	0.0232      	0.02612     
