replicate   	generation  	n.adlt.nbAll	n.adlt.fst  	n.adlt.fst_l1	n.adlt.fst_l2
1           	1           	5.5         	0.5058      	1           	-2.464e-08  
1           	2           	8.25        	0.4963      	0.9808      	0.0003735   
1           	3           	9.35        	0.4859      	0.9602      	0.0009268   
1           	4           	9.75        	0.4743      	0.9374      	0.001276    
1           	5           	9.8         	0.4636      	0.9157      	0.001383    
1           	6           	9.9         	0.4537      	0.8956      	0.001978    
1           	7           	9.95        	0.4431      	0.8741      	0.002521    
1           	8           	9.95        	0.4324      	0.8522      	0.002823    
1           	9           	9.95        	0.4171      	0.8219      	0.0033      
1           	10          	9.95        	0.4104      	0.8082      	0.00365     
1           	11          	10          	0.4016      	0.7908      	0.004043    
1           	12          	10          	0.3912      	0.7698      	0.004199    
1           	13          	10          	0.3809      	0.7484      	0.005227    
1           	14          	10          	0.3724      	0.7308      	0.005759    
1           	15          	10          	0.362       	0.7105      	0.006112    
1           	16          	10          	0.3564      	0.6985      	0.006849    
1           	17          	10          	0.3499      	0.6843      	0.008192    
1           	18          	10          	0.3388      	0.6621      	0.008271    
1           	19          	10          	0.3325      	0.6501      	0.007948    
1           	20          	10          	0.3302      	0.6458      	0.007896    
1           	21          	10          	0.324       	0.633       	0.008343    
1           	22          	10          	0.3217      	0.6281      	0.008037    
1           	23          	10          	0.3177      	0.6197      	0.008345    
1           	24          	10          	0.3108      	0.6064      	0.008078    
1           	25          	10          	0.3006      	0.5871      	0.007749    
1           	26          	10          	0.2938      	0.5734      	0.007684    
1           	27          	10          	0.2869      	0.5601      	0.00759     
1           	28          	10          	0.2824      	0.5504      	0.0086      
1           	29          	10          	0.2802      	0.5463      	0.008246    
1           	30          	10          	0.2798      	0.5445      	0.009061    
1           	31          	10          	0.2732      	0.532       	0.00866     
1           	32          	10          	0.2683      	0.5219      	0.009018    
1           	33          	10          	0.2645      	0.514       	0.009505    
1           	34          	10          	0.2594      	0.5032      	0.01043     
1           	35          	10          	0.2556      	0.4951      	0.01083     
1           	36          	10          	0.2487      	0.4811      	0.01074     
1           	37          	10          	0.2431      	0.4702      	0.01069     
1           	38          	10          	0.2395      	0.4637      	0.01022     
1           	39          	10          	0.2328      	0.4504      	0.01008     
1           	40          	10          	0.2267      	0.4373      	0.01117     
1           	41          	10          	0.2206      	0.4249      	0.01136     
1           	42          	10          	0.2118      	0.4066      	0.01245     
1           	43          	10          	0.2088      	0.3995      	0.01371     
1           	44          	10          	0.2018      	0.3865      	0.01295     
1           	45          	10          	0.1983      	0.3792      	0.01305     
1           	46          	9.95        	0.195       	0.3727      	0.01316     
1           	47          	9.95        	0.1893      	0.3611      	0.01337     
1           	48          	9.95        	0.1883      	0.359       	0.0135      
1           	49          	10          	0.1814      	0.3466      	0.01238     
1           	50          	10          	0.1799      	0.3441      	0.01201     
1           	51          	10          	0.1756      	0.3353      	0.01214     
1           	52          	10          	0.1716      	0.3274      	0.01213     
1           	53          	10          	0.1689      	0.3203      	0.01388     
1           	54          	10          	0.1629      	0.3088      	0.01367     
1           	55          	9.95        	0.1604      	0.3057      	0.01203     
1           	56          	9.95        	0.155       	0.2949      	0.01234     
1           	57          	10          	0.1498      	0.2845      	0.01252     
1           	58          	10          	0.1463      	0.277       	0.01311     
1           	59          	10          	0.1447      	0.2733      	0.01384     
1           	60          	10          	0.1432      	0.2701      	0.01392     
1           	61          	10          	0.1383      	0.2604      	0.01376     
1           	62          	10          	0.1363      	0.2562      	0.01416     
1           	63          	10          	0.1323      	0.248       	0.01436     
1           	64          	10          	0.131       	0.246       	0.01382     
1           	65          	10          	0.1266      	0.2372      	0.01392     
1           	66          	10          	0.124       	0.2324      	0.01361     
1           	67          	10          	0.1223      	0.2296      	0.01303     
1           	68          	10          	0.1173      	0.2195      	0.01312     
1           	69          	10          	0.1129      	0.2114      	0.01252     
1           	70          	10          	0.1108      	0.2068      	0.01296     
1           	71          	10          	0.1078      	0.2008      	0.01282     
1           	72          	10          	0.1064      	0.1981      	0.01296     
1           	73          	10          	0.106       	0.1971      	0.01309     
1           	74          	10          	0.1042      	0.1938      	0.01272     
1           	75          	10          	0.1027      	0.191       	0.01262     
1           	76          	10          	0.1001      	0.1848      	0.01358     
1           	77          	9.95        	0.09625     	0.1769      	0.01382     
1           	78          	9.95        	0.09342     	0.1706      	0.01452     
1           	79          	10          	0.09466     	0.1728      	0.01479     
1           	80          	9.95        	0.09128     	0.1661      	0.01495     
1           	81          	9.95        	0.0897      	0.1637      	0.01425     
1           	82          	10          	0.08595     	0.1549      	0.01571     
1           	83          	10          	0.08527     	0.1549      	0.01443     
1           	84          	10          	0.08205     	0.1494      	0.01352     
1           	85          	9.95        	0.07844     	0.1425      	0.01319     
1           	86          	10          	0.07698     	0.1401      	0.01271     
1           	87          	10          	0.07543     	0.1359      	0.01386     
1           	88          	10          	0.06972     	0.1235      	0.01495     
1           	89          	10          	0.06949     	0.1231      	0.01497     
1           	90          	10          	0.06697     	0.1183      	0.01479     
1           	91          	10          	0.06683     	0.1178      	0.01499     
1           	92          	10          	0.06648     	0.1182      	0.01385     
1           	93          	10          	0.06654     	0.1192      	0.013       
1           	94          	10          	0.06654     	0.1192      	0.01299     
1           	95          	10          	0.06407     	0.1141      	0.01314     
1           	96          	10          	0.06242     	0.11        	0.014       
1           	97          	10          	0.06212     	0.1094      	0.01402     
1           	98          	10          	0.06132     	0.1077      	0.01419     
1           	99          	10          	0.05962     	0.1049      	0.0135      
1           	100         	10          	0.05679     	0.1005      	0.01235     
1           	101         	10          	0.05588     	0.09891     	0.01203     
1           	102         	10          	0.05537     	0.09828     	0.01166     
1           	103         	10          	0.05534     	0.09834     	0.01157     
1           	104         	10          	0.05557     	0.09878     	0.01163     
1           	105         	10          	0.05539     	0.09771     	0.01232     
1           	106         	10          	0.05578     	0.09866     	0.01213     
1           	107         	10          	0.05423     	0.0945      	0.01318     
1           	108         	10          	0.05413     	0.09304     	0.01447     
1           	109         	10          	0.05247     	0.09004     	0.01419     
1           	110         	10          	0.05093     	0.08768     	0.01352     
1           	111         	10          	0.04984     	0.08458     	0.01446     
1           	112         	10          	0.04903     	0.08185     	0.0156      
1           	113         	10          	0.04944     	0.08311     	0.01516     
1           	114         	10          	0.04781     	0.08024     	0.01479     
1           	115         	10          	0.04816     	0.0814      	0.01436     
1           	116         	10          	0.04845     	0.08169     	0.01462     
1           	117         	10          	0.04804     	0.08184     	0.01362     
1           	118         	10          	0.04848     	0.08244     	0.01389     
1           	119         	10          	0.04916     	0.08358     	0.0141      
1           	120         	10          	0.04778     	0.08126     	0.01367     
1           	121         	10          	0.04842     	0.08218     	0.01401     
1           	122         	10          	0.04653     	0.07824     	0.01423     
1           	123         	10          	0.0468      	0.07837     	0.01463     
1           	124         	10          	0.04567     	0.07564     	0.01513     
1           	125         	10          	0.04558     	0.07562     	0.01502     
1           	126         	10          	0.0449      	0.07371     	0.01558     
1           	127         	10          	0.04345     	0.07184     	0.01456     
1           	128         	10          	0.04215     	0.06988     	0.01392     
1           	129         	10          	0.04138     	0.06904     	0.01327     
1           	130         	10          	0.04114     	0.06771     	0.01415     
1           	131         	10          	0.03929     	0.06438     	0.0138      
1           	132         	10          	0.03804     	0.06233     	0.01337     
1           	133         	10          	0.03801     	0.06294     	0.01271     
1           	134         	10          	0.03658     	0.06025     	0.01254     
1           	135         	10          	0.03694     	0.0606      	0.01292     
1           	136         	10          	0.03686     	0.05989     	0.01348     
1           	137         	10          	0.03782     	0.06136     	0.01393     
1           	138         	10          	0.03682     	0.05989     	0.01341     
1           	139         	10          	0.03641     	0.05998     	0.01248     
1           	140         	10          	0.03751     	0.06151     	0.0132      
1           	141         	10          	0.03858     	0.06288     	0.01395     
1           	142         	10          	0.03806     	0.06239     	0.01338     
1           	143         	10          	0.03631     	0.05874     	0.01355     
1           	144         	10          	0.03534     	0.05738     	0.01299     
1           	145         	10          	0.03396     	0.05472     	0.01293     
1           	146         	10          	0.03461     	0.05548     	0.01348     
1           	147         	10          	0.03469     	0.05563     	0.01349     
1           	148         	10          	0.03391     	0.05405     	0.01351     
1           	149         	10          	0.03263     	0.05241     	0.01257     
1           	150         	10          	0.03241     	0.05217     	0.01239     
1           	151         	10          	0.03137     	0.05028     	0.0122      
1           	152         	10          	0.03161     	0.05014     	0.01281     
1           	153         	10          	0.03074     	0.04792     	0.0133      
1           	154         	10          	0.03088     	0.04818     	0.01333     
1           	155         	10          	0.03073     	0.04728     	0.01392     
1           	156         	10          	0.02999     	0.04416     	0.01561     
1           	157         	10          	0.02973     	0.04429     	0.01495     
1           	158         	10          	0.02825     	0.04199     	0.01431     
1           	159         	10          	0.02726     	0.04096     	0.01335     
1           	160         	10          	0.0268      	0.03931     	0.01411     
1           	161         	10          	0.02498     	0.03621     	0.01356     
1           	162         	10          	0.02503     	0.03695     	0.01288     
1           	163         	10          	0.02523     	0.03714     	0.01308     
1           	164         	10          	0.02632     	0.03855     	0.01387     
1           	165         	10          	0.02679     	0.03958     	0.01378     
1           	166         	10          	0.02699     	0.03872     	0.01506     
1           	167         	10          	0.02719     	0.03864     	0.01553     
1           	168         	10          	0.02769     	0.03862     	0.01656     
1           	169         	10          	0.02858     	0.03886     	0.01811     
1           	170         	10          	0.02762     	0.0373      	0.01775     
1           	171         	10          	0.02689     	0.03664     	0.01695     
1           	172         	10          	0.02668     	0.03594     	0.01726     
1           	173         	10          	0.02692     	0.03553     	0.01815     
1           	174         	10          	0.02662     	0.03607     	0.017       
1           	175         	10          	0.02719     	0.03636     	0.01785     
1           	176         	10          	0.02756     	0.03733     	0.01763     
1           	177         	10          	0.02739     	0.0373      	0.01732     
1           	178         	10          	0.02696     	0.03663     	0.0171      
1           	179         	10          	0.02679     	0.03677     	0.01662     
1           	180         	10          	0.02674     	0.03695     	0.01634     
1           	181         	10          	0.02759     	0.03769     	0.01731     
1           	182         	10          	0.02748     	0.0373      	0.01746     
1           	183         	10          	0.02707     	0.03739     	0.01655     
1           	184         	10          	0.02775     	0.03881     	0.01649     
1           	185         	10          	0.02675     	0.03693     	0.01638     
1           	186         	10          	0.02679     	0.03527     	0.01814     
1           	187         	10          	0.0272      	0.03633     	0.0179      
1           	188         	10          	0.02654     	0.0356      	0.01732     
1           	189         	10          	0.02582     	0.03415     	0.01735     
1           	190         	10          	0.02621     	0.03533     	0.01695     
1           	191         	10          	0.02666     	0.03561     	0.01758     
1           	192         	10          	0.0264      	0.0347      	0.01798     
1           	193         	10          	0.0248      	0.0321      	0.0174      
1           	194         	10          	0.02338     	0.03014     	0.01652     
1           	195         	10          	0.02349     	0.02847     	0.01842     
1           	196         	10          	0.02312     	0.02693     	0.01925     
1           	197         	10          	0.02334     	0.02746     	0.01916     
1           	198         	10          	0.02278     	0.02722     	0.01828     
1           	199         	10          	0.02224     	0.02679     	0.01761     
1           	200         	10          	0.02244     	0.02704     	0.01776     
1           	201         	10          	0.02249     	0.02722     	0.01768     
1           	202         	10          	0.02295     	0.02823     	0.01759     
1           	203         	10          	0.02218     	0.02672     	0.01757     
1           	204         	10          	0.02267     	0.0267      	0.01859     
1           	205         	10          	0.02179     	0.02585     	0.01766     
1           	206         	10          	0.02194     	0.02496     	0.01888     
1           	207         	10          	0.02167     	0.024       	0.0193      
1           	208         	10          	0.02213     	0.02409     	0.02015     
1           	209         	10          	0.0214      	0.02297     	0.01981     
1           	210         	10          	0.02169     	0.02258     	0.02078     
1           	211         	10          	0.0226      	0.02367     	0.02151     
1           	212         	10          	0.02207     	0.0224      	0.02173     
1           	213         	10          	0.022       	0.0214      	0.02261     
1           	214         	10          	0.02165     	0.02083     	0.0225      
1           	215         	9.95        	0.02189     	0.02134     	0.02244     
1           	216         	9.95        	0.02113     	0.01972     	0.02256     
1           	217         	10          	0.02094     	0.01925     	0.02265     
1           	218         	10          	0.02127     	0.02015     	0.02242     
1           	219         	10          	0.02129     	0.02075     	0.02183     
1           	220         	10          	0.02202     	0.02118     	0.02286     
1           	221         	9.95        	0.02224     	0.02238     	0.02209     
1           	222         	10          	0.02137     	0.02148     	0.02125     
1           	223         	10          	0.02084     	0.02002     	0.02168     
1           	224         	10          	0.02058     	0.01955     	0.02163     
1           	225         	10          	0.0206      	0.01948     	0.02174     
1           	226         	9.95        	0.02046     	0.02009     	0.02085     
1           	227         	9.95        	0.02039     	0.02008     	0.02072     
1           	228         	10          	0.02        	0.01895     	0.02107     
1           	229         	9.95        	0.02064     	0.01891     	0.02241     
1           	230         	9.95        	0.02095     	0.01891     	0.02304     
1           	231         	9.95        	0.02036     	0.01915     	0.02159     
1           	232         	9.95        	0.02038     	0.01929     	0.02148     
1           	233         	10          	0.02077     	0.01993     	0.02164     
1           	234         	10          	0.02062     	0.01986     	0.0214      
1           	235         	9.95        	0.02166     	0.02106     	0.02227     
1           	236         	9.95        	0.02238     	0.02152     	0.02326     
1           	237         	9.95        	0.02293     	0.02216     	0.02372     
1           	238         	9.95        	0.02242     	0.02101     	0.02386     
1           	239         	9.95        	0.02224     	0.02086     	0.02365     
1           	240         	9.95        	0.02309     	0.02073     	0.02551     
1           	241         	10          	0.02298     	0.02123     	0.02477     
1           	242         	9.95        	0.02261     	0.02099     	0.02426     
1           	243         	9.95        	0.02395     	0.02264     	0.02529     
1           	244         	9.95        	0.0254      	0.02458     	0.02623     
1           	245         	9.95        	0.02513     	0.02445     	0.02582     
1           	246         	9.95        	0.02475     	0.02435     	0.02515     
1           	247         	9.95        	0.02418     	0.02424     	0.02413     
1           	248         	10          	0.02435     	0.02372     	0.025       
1           	249         	10          	0.02555     	0.02495     	0.02616     
1           	250         	9.95        	0.02566     	0.0248      	0.02655     
1           	251         	10          	0.02609     	0.02502     	0.02717     
1           	252         	10          	0.02612     	0.02487     	0.0274      
1           	253         	9.95        	0.0261      	0.02492     	0.02732     
1           	254         	9.95        	0.02547     	0.02485     	0.0261      
1           	255         	10          	0.02492     	0.02509     	0.02475     
1           	256         	10          	0.02375     	0.02442     	0.02305     
1           	257         	9.95        	0.02364     	0.02521     	0.02203     
1           	258         	9.9         	0.02422     	0.02551     	0.02289     
1           	259         	9.95        	0.02332     	0.0237      	0.02292     
1           	260         	10          	0.02309     	0.02312     	0.02306     
1           	261         	10          	0.02362     	0.02437     	0.02285     
1           	262         	10          	0.02311     	0.02397     	0.02222     
1           	263         	10          	0.02293     	0.02373     	0.02211     
1           	264         	10          	0.02333     	0.02385     	0.02279     
1           	265         	10          	0.02224     	0.02335     	0.0211      
1           	266         	10          	0.02312     	0.02376     	0.02247     
1           	267         	10          	0.02277     	0.02327     	0.02225     
1           	268         	10          	0.02098     	0.02196     	0.01997     
1           	269         	10          	0.02146     	0.02249     	0.02041     
1           	270         	10          	0.02043     	0.02121     	0.01962     
1           	271         	10          	0.0204      	0.022       	0.01875     
1           	272         	10          	0.01949     	0.02136     	0.01757     
1           	273         	10          	0.01914     	0.02081     	0.01744     
1           	274         	10          	0.01965     	0.02088     	0.01839     
1           	275         	10          	0.01963     	0.02096     	0.01827     
1           	276         	10          	0.01923     	0.01983     	0.01861     
1           	277         	9.95        	0.01816     	0.01835     	0.01797     
1           	278         	10          	0.01793     	0.01727     	0.0186      
1           	279         	9.85        	0.01799     	0.01698     	0.01902     
1           	280         	10          	0.01838     	0.01707     	0.01971     
1           	281         	10          	0.01845     	0.01662     	0.02032     
1           	282         	10          	0.01845     	0.01607     	0.02087     
1           	283         	9.9         	0.01832     	0.01621     	0.02047     
1           	284         	10          	0.01794     	0.01564     	0.02028     
1           	285         	10          	0.01825     	0.01673     	0.01981     
1           	286         	10          	0.01815     	0.01681     	0.01951     
1           	287         	10          	0.01751     	0.01555     	0.01952     
1           	288         	10          	0.01723     	0.01548     	0.01901     
1           	289         	10          	0.01718     	0.01443     	0.02        
1           	290         	10          	0.01718     	0.01456     	0.01985     
1           	291         	10          	0.01795     	0.01605     	0.0199      
1           	292         	10          	0.01777     	0.01623     	0.01935     
1           	293         	10          	0.01827     	0.01645     	0.02014     
1           	294         	10          	0.01828     	0.0168      	0.01979     
1           	295         	10          	0.01889     	0.01743     	0.02039     
1           	296         	10          	0.01884     	0.0177      	0.02        
1           	297         	10          	0.01826     	0.01755     	0.01898     
1           	298         	10          	0.01849     	0.01773     	0.01928     
1           	299         	10          	0.01846     	0.01834     	0.01858     
1           	300         	10          	0.01756     	0.01668     	0.01845     
1           	301         	10          	0.01738     	0.01645     	0.01833     
1           	302         	10          	0.01732     	0.0171      	0.01754     
1           	303         	10          	0.01713     	0.01645     	0.01784     
1           	304         	10          	0.01747     	0.01708     	0.01786     
1           	305         	10          	0.01744     	0.01737     	0.0175      
1           	306         	10          	0.01772     	0.01767     	0.01777     
1           	307         	10          	0.01793     	0.01755     	0.01831     
1           	308         	10          	0.01856     	0.01785     	0.0193      
1           	309         	10          	0.01845     	0.01677     	0.02018     
1           	310         	10          	0.01918     	0.01765     	0.02076     
1           	311         	10          	0.01883     	0.018       	0.01969     
1           	312         	10          	0.01884     	0.01801     	0.01969     
1           	313         	10          	0.01823     	0.01792     	0.01853     
1           	314         	10          	0.01779     	0.01805     	0.01752     
1           	315         	10          	0.01767     	0.01823     	0.0171      
1           	316         	10          	0.01714     	0.0175      	0.01676     
1           	317         	10          	0.0172      	0.01779     	0.01658     
1           	318         	10          	0.01772     	0.01766     	0.01778     
1           	319         	10          	0.0179      	0.0179      	0.0179      
1           	320         	9.95        	0.01897     	0.01917     	0.01877     
1           	321         	9.95        	0.0202      	0.02002     	0.02038     
1           	322         	9.95        	0.01985     	0.01996     	0.01975     
1           	323         	10          	0.01944     	0.01918     	0.01971     
1           	324         	9.95        	0.0182      	0.01824     	0.01815     
1           	325         	10          	0.01778     	0.01917     	0.01634     
1           	326         	10          	0.01781     	0.01846     	0.01715     
1           	327         	10          	0.01821     	0.01929     	0.01711     
1           	328         	10          	0.01798     	0.01904     	0.0169      
1           	329         	10          	0.0184      	0.02        	0.01674     
1           	330         	10          	0.01921     	0.02176     	0.01657     
1           	331         	10          	0.0196      	0.02215     	0.01695     
1           	332         	9.95        	0.02014     	0.02254     	0.01765     
1           	333         	9.95        	0.02108     	0.02283     	0.01927     
1           	334         	9.95        	0.0199      	0.02144     	0.01831     
1           	335         	9.95        	0.02045     	0.02117     	0.01969     
1           	336         	9.95        	0.0206      	0.02119     	0.01999     
1           	337         	10          	0.02022     	0.02018     	0.02025     
1           	338         	9.95        	0.02105     	0.02083     	0.02127     
1           	339         	9.95        	0.02034     	0.01953     	0.02118     
1           	340         	9.95        	0.0209      	0.02015     	0.02168     
1           	341         	9.95        	0.02072     	0.02091     	0.02052     
1           	342         	9.95        	0.02076     	0.02131     	0.0202      
1           	343         	9.95        	0.02109     	0.02149     	0.02067     
1           	344         	9.95        	0.02058     	0.01999     	0.02119     
1           	345         	9.9         	0.02044     	0.02026     	0.02063     
1           	346         	9.9         	0.02125     	0.02004     	0.0225      
1           	347         	9.9         	0.0216      	0.02136     	0.02185     
1           	348         	9.95        	0.02104     	0.02059     	0.02151     
1           	349         	9.95        	0.02076     	0.02049     	0.02103     
1           	350         	9.9         	0.01989     	0.01935     	0.02044     
1           	351         	10          	0.02002     	0.0183      	0.0218      
1           	352         	10          	0.01997     	0.01781     	0.0222      
1           	353         	10          	0.02042     	0.01843     	0.02248     
1           	354         	9.95        	0.02037     	0.01829     	0.02252     
1           	355         	9.95        	0.02035     	0.01807     	0.02269     
1           	356         	9.9         	0.02068     	0.01851     	0.02292     
1           	357         	9.9         	0.02122     	0.01842     	0.0241      
1           	358         	9.95        	0.02098     	0.01826     	0.02378     
1           	359         	9.95        	0.02059     	0.01764     	0.02362     
1           	360         	9.95        	0.02064     	0.01827     	0.02309     
1           	361         	9.95        	0.02059     	0.01893     	0.0223      
1           	362         	9.95        	0.02115     	0.01852     	0.02387     
1           	363         	9.95        	0.02071     	0.01778     	0.02372     
1           	364         	9.95        	0.02038     	0.01818     	0.02266     
1           	365         	9.95        	0.02023     	0.01695     	0.02361     
1           	366         	9.95        	0.02077     	0.01712     	0.02452     
1           	367         	9.95        	0.02137     	0.01753     	0.02533     
1           	368         	9.95        	0.0214      	0.01706     	0.02588     
1           	369         	9.95        	0.02079     	0.01648     	0.02523     
1           	370         	10          	0.02163     	0.01738     	0.026       
1           	371         	10          	0.02216     	0.01768     	0.02678     
1           	372         	10          	0.02213     	0.01797     	0.02645     
1           	373         	10          	0.02192     	0.01898     	0.02495     
1           	374         	10          	0.02116     	0.01829     	0.02414     
1           	375         	10          	0.0218      	0.01977     	0.0239      
1           	376         	10          	0.02196     	0.01905     	0.02498     
1           	377         	10          	0.02145     	0.01822     	0.02479     
1           	378         	10          	0.02041     	0.01721     	0.02373     
1           	379         	10          	0.0201      	0.0173      	0.02301     
1           	380         	10          	0.02029     	0.01788     	0.0228      
1           	381         	10          	0.02109     	0.01951     	0.02272     
1           	382         	10          	0.02081     	0.01887     	0.02282     
1           	383         	10          	0.02099     	0.01905     	0.02301     
1           	384         	10          	0.021       	0.01906     	0.02301     
1           	385         	10          	0.02113     	0.0205      	0.02178     
1           	386         	9.95        	0.02171     	0.02123     	0.02221     
1           	387         	10          	0.02259     	0.02248     	0.02271     
1           	388         	9.95        	0.02269     	0.02381     	0.02153     
1           	389         	9.95        	0.02256     	0.02323     	0.02187     
1           	390         	10          	0.02266     	0.02256     	0.02276     
1           	391         	9.95        	0.02292     	0.02273     	0.02313     
1           	392         	9.95        	0.02344     	0.02344     	0.02344     
1           	393         	10          	0.02418     	0.02398     	0.02439     
1           	394         	9.95        	0.02437     	0.02419     	0.02455     
1           	395         	9.95        	0.0238      	0.02384     	0.02377     
1           	396         	9.95        	0.02398     	0.0246      	0.02334     
1           	397         	9.95        	0.02347     	0.02354     	0.02341     
1           	398         	9.9         	0.02263     	0.02316     	0.02208     
1           	399         	9.9         	0.02198     	0.0226      	0.02135     
1           	400         	9.95        	0.02209     	0.02275     	0.02141     
1           	401         	9.95        	0.02261     	0.02197     	0.02327     
1           	402         	9.85        	0.02253     	0.0215      	0.0236      
1           	403         	9.9         	0.02224     	0.02139     	0.02312     
1           	404         	9.9         	0.0224      	0.02156     	0.02327     
1           	405         	9.9         	0.02305     	0.02114     	0.02504     
1           	406         	9.85        	0.0235      	0.02151     	0.02556     
1           	407         	9.9         	0.02404     	0.02222     	0.02592     
1           	408         	10          	0.02435     	0.02217     	0.02661     
1           	409         	9.95        	0.02539     	0.02276     	0.02811     
1           	410         	10          	0.02435     	0.0218      	0.02699     
1           	411         	10          	0.02451     	0.02215     	0.02695     
1           	412         	9.95        	0.0233      	0.02182     	0.02484     
1           	413         	9.9         	0.0228      	0.02045     	0.02524     
1           	414         	9.95        	0.02236     	0.01946     	0.02537     
1           	415         	9.85        	0.02218     	0.02013     	0.02431     
1           	416         	9.9         	0.02325     	0.0214      	0.02516     
1           	417         	9.95        	0.0246      	0.023       	0.02628     
1           	418         	9.95        	0.02446     	0.02165     	0.02738     
1           	419         	10          	0.02477     	0.02236     	0.02728     
1           	420         	10          	0.02573     	0.02364     	0.0279      
1           	421         	10          	0.02456     	0.02149     	0.02775     
1           	422         	10          	0.02301     	0.02031     	0.02584     
1           	423         	10          	0.02183     	0.01964     	0.02412     
1           	424         	10          	0.02141     	0.01894     	0.02398     
1           	425         	10          	0.02146     	0.0185      	0.02454     
1           	426         	10          	0.02093     	0.01846     	0.02351     
1           	427         	10          	0.02089     	0.01898     	0.02288     
1           	428         	9.95        	0.02058     	0.01788     	0.02338     
1           	429         	9.9         	0.02        	0.0176      	0.02251     
1           	430         	10          	0.02009     	0.01706     	0.02324     
1           	431         	9.95        	0.01993     	0.01756     	0.02239     
1           	432         	9.95        	0.02006     	0.01752     	0.0227      
1           	433         	9.95        	0.01975     	0.01724     	0.02236     
1           	434         	9.85        	0.01944     	0.01669     	0.0223      
1           	435         	9.85        	0.01884     	0.01686     	0.02091     
1           	436         	9.85        	0.01866     	0.01732     	0.02005     
1           	437         	9.85        	0.01957     	0.01784     	0.02136     
1           	438         	9.95        	0.02002     	0.01809     	0.02201     
1           	439         	9.9         	0.02014     	0.01808     	0.02227     
1           	440         	9.95        	0.0202      	0.0187      	0.02176     
1           	441         	9.9         	0.01889     	0.01671     	0.02115     
1           	442         	9.95        	0.01821     	0.01618     	0.02033     
1           	443         	9.9         	0.01922     	0.01696     	0.02158     
1           	444         	9.95        	0.01814     	0.01644     	0.01991     
1           	445         	9.95        	0.01835     	0.01617     	0.02061     
1           	446         	10          	0.01768     	0.01634     	0.01907     
1           	447         	9.95        	0.01759     	0.01754     	0.01765     
1           	448         	9.95        	0.01827     	0.01795     	0.0186      
1           	449         	9.95        	0.01801     	0.01756     	0.01847     
1           	450         	9.9         	0.01756     	0.01711     	0.01803     
1           	451         	9.9         	0.01777     	0.01626     	0.01933     
1           	452         	9.9         	0.01799     	0.0159      	0.02015     
1           	453         	9.9         	0.01848     	0.01734     	0.01965     
1           	454         	9.95        	0.01696     	0.01542     	0.01854     
1           	455         	9.9         	0.01732     	0.01581     	0.01887     
1           	456         	9.85        	0.01691     	0.01594     	0.0179      
1           	457         	9.95        	0.01708     	0.01632     	0.01787     
1           	458         	9.9         	0.01758     	0.01627     	0.01893     
1           	459         	9.9         	0.01805     	0.01715     	0.01897     
1           	460         	9.9         	0.01883     	0.01696     	0.02076     
1           	461         	9.85        	0.01922     	0.01664     	0.02188     
1           	462         	9.9         	0.01915     	0.01673     	0.02165     
1           	463         	9.95        	0.02014     	0.01754     	0.02282     
1           	464         	9.9         	0.01992     	0.01837     	0.02153     
1           	465         	9.9         	0.02038     	0.01902     	0.02179     
1           	466         	9.85        	0.02095     	0.01996     	0.02198     
1           	467         	9.9         	0.02192     	0.02015     	0.02375     
1           	468         	9.85        	0.0217      	0.02033     	0.02311     
1           	469         	9.85        	0.02179     	0.02115     	0.02245     
1           	470         	9.75        	0.0212      	0.02083     	0.02159     
1           	471         	9.8         	0.0204      	0.02011     	0.02069     
1           	472         	9.75        	0.02042     	0.02036     	0.02049     
1           	473         	9.75        	0.02099     	0.02197     	0.01997     
1           	474         	9.8         	0.02174     	0.02224     	0.02122     
1           	475         	9.8         	0.02172     	0.02132     	0.02213     
1           	476         	9.75        	0.02101     	0.02057     	0.02146     
1           	477         	9.75        	0.02028     	0.0198      	0.02078     
1           	478         	9.85        	0.01982     	0.01923     	0.02043     
1           	479         	9.85        	0.01974     	0.01903     	0.02048     
1           	480         	9.85        	0.01947     	0.01769     	0.02129     
1           	481         	9.8         	0.01915     	0.01686     	0.0215      
1           	482         	9.9         	0.01788     	0.0159      	0.01991     
1           	483         	9.75        	0.01704     	0.01535     	0.01876     
1           	484         	9.85        	0.01643     	0.01504     	0.01784     
1           	485         	9.85        	0.01625     	0.01484     	0.0177      
1           	486         	9.75        	0.01628     	0.01474     	0.01786     
1           	487         	9.85        	0.01669     	0.01527     	0.01815     
1           	488         	9.8         	0.01701     	0.01531     	0.01876     
1           	489         	9.85        	0.01696     	0.01536     	0.01861     
1           	490         	9.85        	0.01672     	0.01559     	0.01789     
1           	491         	9.9         	0.01642     	0.01568     	0.01719     
1           	492         	9.9         	0.0166      	0.01613     	0.01708     
1           	493         	9.95        	0.01576     	0.0157      	0.01583     
1           	494         	9.95        	0.0165      	0.01591     	0.0171      
1           	495         	9.95        	0.01646     	0.01592     	0.01701     
1           	496         	9.95        	0.01648     	0.01542     	0.01757     
1           	497         	9.9         	0.01643     	0.01589     	0.01699     
1           	498         	9.9         	0.0165      	0.01552     	0.01751     
1           	499         	9.85        	0.01631     	0.01488     	0.01778     
1           	500         	9.85        	0.01595     	0.01475     	0.01718     
1           	501         	9.85        	0.01584     	0.0151      	0.01661     
1           	502         	9.85        	0.01596     	0.01639     	0.01552     
1           	503         	9.9         	0.01545     	0.01601     	0.01487     
1           	504         	9.85        	0.0151      	0.01525     	0.01494     
1           	505         	9.9         	0.01499     	0.01521     	0.01477     
1           	506         	9.8         	0.01424     	0.01412     	0.01436     
1           	507         	9.8         	0.0141      	0.01463     	0.01356     
1           	508         	9.9         	0.0138      	0.01393     	0.01368     
1           	509         	9.95        	0.01444     	0.01384     	0.01506     
1           	510         	9.95        	0.01475     	0.01379     	0.01574     
1           	511         	9.95        	0.01441     	0.01382     	0.01502     
1           	512         	9.8         	0.01434     	0.01375     	0.01495     
1           	513         	9.85        	0.01387     	0.01304     	0.01473     
1           	514         	9.75        	0.01427     	0.01366     	0.01491     
1           	515         	9.8         	0.01382     	0.01374     	0.01391     
1           	516         	9.65        	0.01448     	0.01396     	0.01501     
1           	517         	9.65        	0.01463     	0.01445     	0.01482     
1           	518         	9.65        	0.01427     	0.0145      	0.01402     
1           	519         	9.6         	0.01436     	0.015       	0.0137      
1           	520         	9.65        	0.01463     	0.01538     	0.01387     
1           	521         	9.65        	0.01466     	0.01415     	0.01519     
1           	522         	9.65        	0.01572     	0.01578     	0.01566     
1           	523         	9.7         	0.01485     	0.01503     	0.01467     
1           	524         	9.75        	0.01505     	0.01432     	0.0158      
1           	525         	9.8         	0.01461     	0.01361     	0.01563     
1           	526         	9.8         	0.01504     	0.01395     	0.01617     
1           	527         	9.8         	0.01428     	0.01254     	0.01607     
1           	528         	9.75        	0.01492     	0.01307     	0.01681     
1           	529         	9.8         	0.01465     	0.01392     	0.01539     
1           	530         	9.7         	0.01492     	0.01523     	0.0146      
1           	531         	9.65        	0.01525     	0.01551     	0.01499     
1           	532         	9.75        	0.01453     	0.01484     	0.01422     
1           	533         	9.8         	0.01468     	0.0146      	0.01476     
1           	534         	9.8         	0.01517     	0.01449     	0.01586     
1           	535         	9.85        	0.01522     	0.01401     	0.01646     
1           	536         	9.8         	0.01485     	0.01364     	0.0161      
1           	537         	9.8         	0.01472     	0.01343     	0.01605     
1           	538         	9.9         	0.01578     	0.01514     	0.01644     
1           	539         	9.85        	0.01508     	0.01356     	0.01664     
1           	540         	9.9         	0.01412     	0.0122      	0.0161      
1           	541         	9.9         	0.01407     	0.0117      	0.0165      
1           	542         	9.85        	0.01468     	0.01222     	0.01721     
1           	543         	9.9         	0.0147      	0.01233     	0.01712     
1           	544         	9.85        	0.01479     	0.01269     	0.01695     
1           	545         	9.75        	0.01505     	0.01254     	0.01762     
1           	546         	9.8         	0.01494     	0.01247     	0.01747     
1           	547         	9.8         	0.01437     	0.01166     	0.01716     
1           	548         	9.8         	0.01437     	0.01093     	0.0179      
1           	549         	9.85        	0.01517     	0.01161     	0.01883     
1           	550         	9.8         	0.0148      	0.01133     	0.01837     
1           	551         	9.7         	0.01412     	0.01113     	0.01719     
1           	552         	9.8         	0.01452     	0.01132     	0.0178      
1           	553         	9.75        	0.01453     	0.0112      	0.01795     
1           	554         	9.75        	0.01485     	0.01044     	0.01938     
1           	555         	9.6         	0.01482     	0.01005     	0.01972     
1           	556         	9.6         	0.01472     	0.01003     	0.01955     
1           	557         	9.65        	0.01607     	0.01103     	0.02125     
1           	558         	9.65        	0.01542     	0.01114     	0.01983     
1           	559         	9.65        	0.01512     	0.01088     	0.01949     
1           	560         	9.65        	0.01508     	0.0107      	0.0196      
1           	561         	9.6         	0.01472     	0.01073     	0.01883     
1           	562         	9.65        	0.01476     	0.0106      	0.01904     
1           	563         	9.65        	0.01432     	0.01034     	0.0184      
1           	564         	9.7         	0.01431     	0.01025     	0.01848     
1           	565         	9.65        	0.01444     	0.01064     	0.01835     
1           	566         	9.6         	0.01449     	0.01073     	0.01837     
1           	567         	9.65        	0.01485     	0.01149     	0.01831     
1           	568         	9.6         	0.01483     	0.01232     	0.01741     
1           	569         	9.65        	0.01408     	0.01175     	0.01649     
1           	570         	9.6         	0.01476     	0.01239     	0.0172      
1           	571         	9.55        	0.01414     	0.01273     	0.01559     
1           	572         	9.55        	0.01457     	0.01293     	0.01626     
1           	573         	9.5         	0.01429     	0.01312     	0.0155      
1           	574         	9.4         	0.01355     	0.01294     	0.01418     
1           	575         	9.4         	0.01377     	0.01339     	0.01416     
1           	576         	9.45        	0.01393     	0.01382     	0.01404     
1           	577         	9.45        	0.01422     	0.0137      	0.01474     
1           	578         	9.55        	0.01432     	0.01343     	0.01523     
1           	579         	9.45        	0.01415     	0.01294     	0.01539     
1           	580         	9.5         	0.0142      	0.01372     	0.0147      
1           	581         	9.45        	0.01571     	0.01461     	0.01685     
1           	582         	9.55        	0.01571     	0.01525     	0.01618     
1           	583         	9.5         	0.01551     	0.01493     	0.0161      
1           	584         	9.45        	0.01553     	0.0162      	0.01483     
1           	585         	9.45        	0.01499     	0.01527     	0.0147      
1           	586         	9.55        	0.01534     	0.01577     	0.01489     
1           	587         	9.4         	0.01398     	0.01434     	0.01361     
1           	588         	9.4         	0.01431     	0.0148      	0.0138      
1           	589         	9.4         	0.01428     	0.01459     	0.01397     
1           	590         	9.5         	0.01391     	0.01455     	0.01325     
1           	591         	9.6         	0.0136      	0.01496     	0.0122      
1           	592         	9.45        	0.01431     	0.01539     	0.01319     
1           	593         	9.5         	0.01366     	0.01541     	0.01186     
1           	594         	9.5         	0.01358     	0.0156      	0.01149     
1           	595         	9.5         	0.01416     	0.01602     	0.01225     
1           	596         	9.55        	0.01439     	0.01577     	0.01296     
1           	597         	9.6         	0.01504     	0.01641     	0.01362     
1           	598         	9.65        	0.01511     	0.01604     	0.01415     
1           	599         	9.65        	0.015       	0.0163      	0.01365     
1           	600         	9.65        	0.015       	0.01608     	0.01388     
1           	601         	9.65        	0.01562     	0.01686     	0.01435     
1           	602         	9.7         	0.01543     	0.01635     	0.01447     
1           	603         	9.75        	0.01587     	0.01691     	0.0148      
1           	604         	9.7         	0.01588     	0.01688     	0.01486     
1           	605         	9.75        	0.01607     	0.01695     	0.01516     
1           	606         	9.75        	0.01599     	0.01711     	0.01483     
1           	607         	9.75        	0.01615     	0.01789     	0.01436     
1           	608         	9.75        	0.01547     	0.0169      	0.01401     
1           	609         	9.9         	0.0153      	0.01694     	0.01362     
1           	610         	9.9         	0.01524     	0.01716     	0.01327     
1           	611         	9.9         	0.0162      	0.01775     	0.01461     
1           	612         	9.85        	0.01541     	0.01679     	0.014       
1           	613         	9.75        	0.01469     	0.01628     	0.01305     
1           	614         	9.7         	0.01485     	0.01652     	0.01314     
1           	615         	9.85        	0.0152      	0.01691     	0.01344     
1           	616         	9.6         	0.01525     	0.01671     	0.01373     
1           	617         	9.55        	0.01554     	0.01745     	0.01357     
1           	618         	9.6         	0.01575     	0.01724     	0.01421     
1           	619         	9.65        	0.01532     	0.01673     	0.01387     
1           	620         	9.6         	0.01555     	0.01734     	0.01371     
1           	621         	9.55        	0.01499     	0.01591     	0.01404     
1           	622         	9.65        	0.01559     	0.01638     	0.01477     
1           	623         	9.7         	0.01501     	0.0152      	0.01483     
1           	624         	9.7         	0.01486     	0.01615     	0.01352     
1           	625         	9.6         	0.01495     	0.01652     	0.01334     
1           	626         	9.6         	0.01484     	0.01556     	0.01409     
1           	627         	9.6         	0.01515     	0.01606     	0.01422     
1           	628         	9.6         	0.0153      	0.01567     	0.01492     
1           	629         	9.6         	0.01518     	0.01541     	0.01495     
1           	630         	9.75        	0.01513     	0.01508     	0.01517     
1           	631         	9.7         	0.01576     	0.01526     	0.01628     
1           	632         	9.55        	0.01569     	0.01559     	0.0158      
1           	633         	9.45        	0.01601     	0.01594     	0.01608     
1           	634         	9.5         	0.01593     	0.01548     	0.0164      
1           	635         	9.4         	0.01577     	0.01595     	0.01558     
1           	636         	9.4         	0.01688     	0.01665     	0.01712     
1           	637         	9.4         	0.01508     	0.01595     	0.01419     
1           	638         	9.5         	0.01502     	0.01546     	0.01456     
1           	639         	9.55        	0.01502     	0.01574     	0.01426     
1           	640         	9.6         	0.01505     	0.01547     	0.01462     
1           	641         	9.55        	0.01536     	0.01542     	0.01529     
1           	642         	9.6         	0.01525     	0.01582     	0.01466     
1           	643         	9.55        	0.01575     	0.01682     	0.01465     
1           	644         	9.5         	0.0158      	0.01768     	0.01386     
1           	645         	9.55        	0.01623     	0.0188      	0.01358     
1           	646         	9.65        	0.01593     	0.01785     	0.01396     
1           	647         	9.6         	0.01695     	0.01837     	0.01549     
1           	648         	9.55        	0.01701     	0.018       	0.01599     
1           	649         	9.6         	0.01755     	0.01855     	0.01652     
1           	650         	9.5         	0.01812     	0.01926     	0.01694     
1           	651         	9.5         	0.01766     	0.01888     	0.0164      
1           	652         	9.55        	0.01772     	0.01895     	0.01646     
1           	653         	9.5         	0.01895     	0.01977     	0.01811     
1           	654         	9.4         	0.01905     	0.01954     	0.01854     
1           	655         	9.4         	0.01867     	0.01861     	0.01872     
1           	656         	9.4         	0.01863     	0.01801     	0.01927     
1           	657         	9.45        	0.01887     	0.01806     	0.0197      
1           	658         	9.45        	0.01864     	0.01808     	0.01922     
1           	659         	9.5         	0.01855     	0.01708     	0.02007     
1           	660         	9.45        	0.01963     	0.01727     	0.02207     
1           	661         	9.5         	0.02089     	0.01786     	0.02401     
1           	662         	9.45        	0.02072     	0.01679     	0.02478     
1           	663         	9.55        	0.02089     	0.01617     	0.02578     
1           	664         	9.4         	0.02152     	0.01643     	0.0268      
1           	665         	9.45        	0.02129     	0.01626     	0.02649     
1           	666         	9.4         	0.02145     	0.01616     	0.02691     
1           	667         	9.4         	0.02209     	0.01608     	0.0283      
1           	668         	9.45        	0.02157     	0.01592     	0.02744     
1           	669         	9.4         	0.02149     	0.01587     	0.02733     
1           	670         	9.35        	0.02174     	0.01603     	0.02766     
1           	671         	9.35        	0.02166     	0.01582     	0.02772     
1           	672         	9.4         	0.02116     	0.01581     	0.0267      
1           	673         	9.35        	0.02112     	0.01572     	0.02672     
1           	674         	9.3         	0.02198     	0.01609     	0.02809     
1           	675         	9.35        	0.02201     	0.01601     	0.02825     
1           	676         	9.35        	0.02145     	0.01505     	0.02811     
1           	677         	9.3         	0.02195     	0.01616     	0.02797     
1           	678         	9.4         	0.02182     	0.01609     	0.02777     
1           	679         	9.4         	0.02263     	0.0173      	0.02817     
1           	680         	9.4         	0.02249     	0.01654     	0.02866     
1           	681         	9.45        	0.022       	0.01629     	0.02792     
1           	682         	9.35        	0.02184     	0.01662     	0.02726     
1           	683         	9.3         	0.02312     	0.01738     	0.02905     
1           	684         	9.4         	0.02425     	0.01824     	0.03046     
1           	685         	9.45        	0.02499     	0.02059     	0.02953     
1           	686         	9.45        	0.02526     	0.0218      	0.02885     
1           	687         	9.5         	0.02601     	0.02253     	0.02962     
1           	688         	9.45        	0.02662     	0.023       	0.03036     
1           	689         	9.45        	0.02591     	0.02339     	0.02851     
1           	690         	9.45        	0.02609     	0.02313     	0.02915     
1           	691         	9.35        	0.02567     	0.02291     	0.02852     
1           	692         	9.4         	0.02627     	0.0236      	0.02904     
1           	693         	9.35        	0.02599     	0.02361     	0.02846     
1           	694         	9.3         	0.02726     	0.02499     	0.02961     
1           	695         	9.35        	0.02781     	0.02644     	0.02924     
1           	696         	9.3         	0.02693     	0.02605     	0.02784     
1           	697         	9.2         	0.02714     	0.02675     	0.02755     
1           	698         	9.15        	0.0267      	0.02722     	0.02617     
1           	699         	9.2         	0.02503     	0.02546     	0.02458     
1           	700         	9.2         	0.02439     	0.02456     	0.02422     
1           	701         	9.3         	0.02402     	0.02488     	0.02313     
1           	702         	9.3         	0.02407     	0.02425     	0.02388     
1           	703         	9.35        	0.02357     	0.02405     	0.02307     
1           	704         	9.3         	0.02363     	0.0243      	0.02295     
1           	705         	9.25        	0.02313     	0.02356     	0.02269     
1           	706         	9.2         	0.02355     	0.02419     	0.0229      
1           	707         	9.3         	0.02402     	0.02404     	0.024       
1           	708         	9.25        	0.02341     	0.0246      	0.02218     
1           	709         	9.25        	0.02294     	0.02314     	0.02273     
1           	710         	9.25        	0.02322     	0.02397     	0.02246     
1           	711         	9.25        	0.02306     	0.02293     	0.0232      
1           	712         	9.3         	0.02357     	0.02367     	0.02346     
1           	713         	9.25        	0.02447     	0.0249      	0.02403     
1           	714         	9.25        	0.02433     	0.02475     	0.02391     
1           	715         	9.3         	0.02523     	0.02548     	0.02498     
1           	716         	9.3         	0.02498     	0.02482     	0.02514     
1           	717         	9.25        	0.02542     	0.02706     	0.02374     
1           	718         	9.25        	0.02506     	0.02775     	0.0223      
1           	719         	9.25        	0.02487     	0.02769     	0.02197     
1           	720         	9.3         	0.02484     	0.02785     	0.02176     
1           	721         	9.2         	0.02402     	0.02714     	0.02081     
1           	722         	9.25        	0.02418     	0.02779     	0.0205      
1           	723         	9.2         	0.0245      	0.02795     	0.02097     
1           	724         	9.2         	0.02451     	0.02818     	0.02075     
1           	725         	9.25        	0.02391     	0.02827     	0.01947     
1           	726         	9.2         	0.02251     	0.02836     	0.01653     
1           	727         	9.2         	0.02204     	0.02825     	0.01569     
1           	728         	9.2         	0.02253     	0.02875     	0.01617     
1           	729         	9.2         	0.02164     	0.02783     	0.01533     
1           	730         	9.25        	0.02194     	0.02846     	0.01531     
1           	731         	9.25        	0.02292     	0.03098     	0.01469     
1           	732         	9.1         	0.02215     	0.03042     	0.01371     
1           	733         	9.15        	0.02116     	0.02882     	0.01336     
1           	734         	9.15        	0.02119     	0.02885     	0.01334     
1           	735         	9.2         	0.0216      	0.02843     	0.01462     
1           	736         	9.2         	0.02139     	0.02794     	0.01471     
1           	737         	9.3         	0.02101     	0.02811     	0.01376     
1           	738         	9.3         	0.02127     	0.0271      	0.01531     
1           	739         	9.35        	0.02012     	0.02617     	0.01395     
1           	740         	9.25        	0.01934     	0.0248      	0.01376     
1           	741         	9.2         	0.01933     	0.0244      	0.01415     
1           	742         	9.2         	0.01834     	0.02318     	0.01341     
1           	743         	9.15        	0.01873     	0.02349     	0.01388     
1           	744         	9.2         	0.01863     	0.0235      	0.01365     
1           	745         	9.3         	0.01964     	0.02472     	0.01446     
1           	746         	9.3         	0.01933     	0.02433     	0.01424     
1           	747         	9.35        	0.019       	0.02344     	0.01449     
1           	748         	9.35        	0.0185      	0.02299     	0.01392     
1           	749         	9.3         	0.0184      	0.02205     	0.01468     
1           	750         	9.35        	0.0178      	0.02071     	0.01484     
1           	751         	9.3         	0.01733     	0.02001     	0.01459     
1           	752         	9.35        	0.01799     	0.02145     	0.01446     
1           	753         	9.35        	0.01859     	0.02129     	0.01584     
1           	754         	9.4         	0.01796     	0.02        	0.01589     
1           	755         	9.45        	0.01705     	0.01901     	0.01506     
1           	756         	9.3         	0.0175      	0.01939     	0.01558     
1           	757         	9.35        	0.01788     	0.01957     	0.01616     
1           	758         	9.4         	0.01732     	0.01913     	0.01548     
1           	759         	9.35        	0.01642     	0.01851     	0.01429     
1           	760         	9.35        	0.01771     	0.01983     	0.01554     
1           	761         	9.3         	0.01748     	0.01977     	0.01514     
1           	762         	9.25        	0.0182      	0.01843     	0.01796     
1           	763         	9.25        	0.01841     	0.01874     	0.01807     
1           	764         	9.3         	0.01859     	0.01954     	0.01762     
1           	765         	9.3         	0.01772     	0.01928     	0.01612     
1           	766         	9.3         	0.0177      	0.02024     	0.0151      
1           	767         	9.4         	0.01738     	0.01949     	0.01522     
1           	768         	9.35        	0.01664     	0.01801     	0.01524     
1           	769         	9.35        	0.01647     	0.01811     	0.0148      
1           	770         	9.35        	0.01722     	0.01839     	0.01603     
1           	771         	9.4         	0.01737     	0.01868     	0.01604     
1           	772         	9.35        	0.01804     	0.02031     	0.01572     
1           	773         	9.3         	0.01822     	0.02016     	0.01626     
1           	774         	9.4         	0.0182      	0.0203      	0.01606     
1           	775         	9.3         	0.01908     	0.02175     	0.01637     
1           	776         	9.35        	0.01962     	0.02313     	0.01604     
1           	777         	9.35        	0.01881     	0.02234     	0.01523     
1           	778         	9.4         	0.0187      	0.02175     	0.01559     
1           	779         	9.35        	0.0191      	0.02187     	0.01627     
1           	780         	9.25        	0.01929     	0.02183     	0.01671     
1           	781         	9.35        	0.02007     	0.02257     	0.01753     
1           	782         	9.4         	0.02085     	0.02388     	0.01776     
1           	783         	9.35        	0.02073     	0.02284     	0.01859     
1           	784         	9.35        	0.02054     	0.02311     	0.01794     
1           	785         	9.4         	0.01979     	0.02197     	0.01758     
1           	786         	9.4         	0.01969     	0.02237     	0.01697     
1           	787         	9.45        	0.01955     	0.02224     	0.01683     
1           	788         	9.4         	0.01904     	0.02128     	0.01678     
1           	789         	9.35        	0.01785     	0.01912     	0.01657     
1           	790         	9.35        	0.01818     	0.01955     	0.01679     
1           	791         	9.45        	0.01837     	0.01863     	0.01812     
1           	792         	9.4         	0.01847     	0.01858     	0.01836     
1           	793         	9.35        	0.01816     	0.01919     	0.0171      
1           	794         	9.35        	0.01805     	0.01981     	0.01625     
1           	795         	9.35        	0.018       	0.01969     	0.01628     
1           	796         	9.3         	0.01757     	0.01873     	0.01638     
1           	797         	9.25        	0.01715     	0.01847     	0.0158      
1           	798         	9.25        	0.01829     	0.02061     	0.01593     
1           	799         	9.2         	0.01842     	0.02062     	0.0162      
1           	800         	9.3         	0.01751     	0.01888     	0.01612     
1           	801         	9.35        	0.01847     	0.02028     	0.01664     
1           	802         	9.35        	0.01884     	0.02055     	0.0171      
1           	803         	9.3         	0.01725     	0.01903     	0.01545     
1           	804         	9.3         	0.01687     	0.01841     	0.01531     
1           	805         	9.35        	0.01654     	0.01767     	0.01539     
1           	806         	9.35        	0.016       	0.01756     	0.01441     
1           	807         	9.35        	0.01614     	0.01734     	0.01493     
1           	808         	9.35        	0.01626     	0.01769     	0.01482     
1           	809         	9.3         	0.01594     	0.01672     	0.01515     
1           	810         	9.35        	0.01653     	0.017       	0.01605     
1           	811         	9.4         	0.01714     	0.01792     	0.01635     
1           	812         	9.35        	0.01799     	0.01846     	0.01752     
1           	813         	9.25        	0.01769     	0.01769     	0.01769     
1           	814         	9.2         	0.01783     	0.01745     	0.01821     
1           	815         	9.2         	0.01817     	0.01858     	0.01776     
1           	816         	9.35        	0.0185      	0.01925     	0.01773     
1           	817         	9.2         	0.01902     	0.01954     	0.01849     
1           	818         	9.25        	0.01935     	0.01872     	0.01998     
1           	819         	9.2         	0.02062     	0.0196      	0.02166     
1           	820         	9.25        	0.02128     	0.01967     	0.02291     
1           	821         	9.25        	0.02138     	0.01931     	0.02347     
1           	822         	9.25        	0.02082     	0.01892     	0.02274     
1           	823         	9.3         	0.02119     	0.01872     	0.0237      
1           	824         	9.25        	0.02081     	0.01729     	0.02439     
1           	825         	9.1         	0.02021     	0.01741     	0.02306     
1           	826         	9.2         	0.01966     	0.01742     	0.02193     
1           	827         	9.1         	0.01981     	0.01704     	0.02261     
1           	828         	9           	0.02011     	0.01697     	0.02327     
1           	829         	9           	0.01983     	0.01607     	0.02362     
1           	830         	9.05        	0.01979     	0.01605     	0.02357     
1           	831         	9.05        	0.01975     	0.01616     	0.02336     
1           	832         	8.9         	0.02017     	0.01729     	0.02308     
1           	833         	9.05        	0.02081     	0.01837     	0.02327     
1           	834         	9.1         	0.02149     	0.01979     	0.02321     
1           	835         	9.2         	0.02159     	0.01955     	0.02366     
1           	836         	9.05        	0.02135     	0.01958     	0.02315     
1           	837         	9.05        	0.02169     	0.01976     	0.02365     
1           	838         	9           	0.02238     	0.02146     	0.02332     
1           	839         	8.95        	0.02234     	0.02171     	0.02296     
1           	840         	8.85        	0.02218     	0.02072     	0.02365     
1           	841         	8.9         	0.0221      	0.02041     	0.0238      
1           	842         	8.9         	0.02082     	0.02005     	0.0216      
1           	843         	8.9         	0.02047     	0.01938     	0.02157     
1           	844         	8.95        	0.02073     	0.01986     	0.0216      
1           	845         	8.95        	0.02036     	0.01931     	0.02141     
1           	846         	8.9         	0.02032     	0.01992     	0.02073     
1           	847         	8.95        	0.02178     	0.02118     	0.02238     
1           	848         	9           	0.0229      	0.0223      	0.02351     
1           	849         	9.1         	0.02271     	0.0217      	0.02374     
1           	850         	9.05        	0.02348     	0.02261     	0.02436     
1           	851         	9.1         	0.0238      	0.02297     	0.02463     
1           	852         	9.15        	0.02201     	0.02176     	0.02226     
1           	853         	9.15        	0.0221      	0.02224     	0.02195     
1           	854         	9.1         	0.02288     	0.02271     	0.02306     
1           	855         	9.2         	0.02223     	0.02244     	0.02203     
1           	856         	9.15        	0.02173     	0.02191     	0.02156     
1           	857         	9.2         	0.02292     	0.02286     	0.02298     
1           	858         	9.15        	0.02349     	0.02214     	0.02484     
1           	859         	9.1         	0.02346     	0.02157     	0.02535     
1           	860         	9.1         	0.02401     	0.02217     	0.02585     
1           	861         	9.15        	0.0239      	0.02331     	0.02448     
1           	862         	9.15        	0.02376     	0.02304     	0.02448     
1           	863         	9.1         	0.0238      	0.0236      	0.02401     
1           	864         	9.1         	0.02423     	0.02361     	0.02484     
1           	865         	9           	0.02374     	0.02239     	0.02509     
1           	866         	9           	0.02429     	0.02229     	0.02628     
1           	867         	9           	0.02449     	0.02252     	0.02645     
1           	868         	8.95        	0.02389     	0.0224      	0.02538     
1           	869         	9           	0.02332     	0.02052     	0.02611     
1           	870         	9.05        	0.02311     	0.02031     	0.0259      
1           	871         	8.95        	0.02301     	0.0213      	0.02471     
1           	872         	8.95        	0.02277     	0.02067     	0.02487     
1           	873         	8.85        	0.02377     	0.02308     	0.02446     
1           	874         	8.85        	0.02394     	0.02272     	0.02515     
1           	875         	9           	0.02371     	0.0229      	0.02452     
1           	876         	9           	0.02289     	0.02328     	0.0225      
1           	877         	8.9         	0.02206     	0.02244     	0.02168     
1           	878         	8.9         	0.02285     	0.0218      	0.02389     
1           	879         	8.95        	0.0222      	0.02037     	0.02402     
1           	880         	8.9         	0.02162     	0.02024     	0.02299     
1           	881         	9           	0.02207     	0.01983     	0.02429     
1           	882         	9           	0.02217     	0.02097     	0.02336     
1           	883         	9.05        	0.02302     	0.0216      	0.02444     
1           	884         	9           	0.02161     	0.0208      	0.02241     
1           	885         	9.05        	0.02227     	0.02142     	0.02312     
1           	886         	9.05        	0.02238     	0.02131     	0.02344     
1           	887         	9.05        	0.02277     	0.02123     	0.02431     
1           	888         	9.05        	0.02218     	0.0205      	0.02387     
1           	889         	9.05        	0.02304     	0.02115     	0.02492     
1           	890         	9           	0.02231     	0.02091     	0.0237      
1           	891         	9           	0.02268     	0.02064     	0.02473     
1           	892         	9.05        	0.02218     	0.02065     	0.02371     
1           	893         	9.15        	0.0222      	0.02077     	0.02364     
1           	894         	9.1         	0.02315     	0.0209      	0.02542     
1           	895         	9.1         	0.02399     	0.02154     	0.02645     
1           	896         	9.1         	0.02406     	0.02162     	0.02651     
1           	897         	9.2         	0.02462     	0.0226      	0.02665     
1           	898         	9.25        	0.02501     	0.02253     	0.02749     
1           	899         	9.15        	0.02527     	0.0227      	0.02784     
1           	900         	9.05        	0.02526     	0.0235      	0.02703     
1           	901         	9.1         	0.02502     	0.02328     	0.02677     
1           	902         	9.25        	0.02554     	0.02489     	0.02618     
1           	903         	9.25        	0.0252      	0.025       	0.0254      
1           	904         	9.25        	0.02503     	0.02431     	0.02575     
1           	905         	9.15        	0.02505     	0.0247      	0.0254      
1           	906         	9.05        	0.02536     	0.02438     	0.02634     
1           	907         	9.15        	0.02387     	0.02236     	0.02537     
1           	908         	9.2         	0.025       	0.02394     	0.02604     
1           	909         	9.2         	0.02402     	0.02381     	0.02423     
1           	910         	9.15        	0.02479     	0.02454     	0.02503     
1           	911         	9.1         	0.02459     	0.02442     	0.02476     
1           	912         	9.1         	0.02382     	0.02403     	0.02362     
1           	913         	9.1         	0.02361     	0.02333     	0.02389     
1           	914         	9           	0.02316     	0.02348     	0.02284     
1           	915         	9           	0.02379     	0.02352     	0.02407     
1           	916         	9           	0.02354     	0.02319     	0.02388     
1           	917         	8.95        	0.02318     	0.02233     	0.02402     
1           	918         	9           	0.02233     	0.0217      	0.02296     
1           	919         	9           	0.02209     	0.0233      	0.0209      
1           	920         	9           	0.02281     	0.02272     	0.0229      
1           	921         	8.95        	0.02197     	0.02247     	0.02148     
1           	922         	8.9         	0.02174     	0.02236     	0.02113     
1           	923         	8.8         	0.0223      	0.02389     	0.02073     
1           	924         	8.85        	0.02231     	0.02389     	0.02074     
1           	925         	8.9         	0.02194     	0.02325     	0.02065     
1           	926         	8.9         	0.02119     	0.02254     	0.01986     
1           	927         	8.9         	0.02097     	0.0225      	0.01945     
1           	928         	8.95        	0.02175     	0.02326     	0.02025     
1           	929         	9.1         	0.0208      	0.0219      	0.01971     
1           	930         	9.05        	0.02047     	0.02188     	0.01907     
1           	931         	9.05        	0.02003     	0.02149     	0.01858     
1           	932         	9.1         	0.01966     	0.02166     	0.01768     
1           	933         	9.05        	0.01982     	0.02123     	0.01842     
1           	934         	8.9         	0.01941     	0.02047     	0.01836     
1           	935         	8.95        	0.02011     	0.02179     	0.01844     
1           	936         	8.9         	0.01947     	0.02142     	0.01753     
1           	937         	9           	0.01982     	0.02139     	0.01826     
1           	938         	8.9         	0.0204      	0.02265     	0.01819     
1           	939         	9           	0.01944     	0.02179     	0.01713     
1           	940         	8.9         	0.01923     	0.02221     	0.01629     
1           	941         	8.8         	0.0189      	0.02264     	0.01521     
1           	942         	8.85        	0.0191      	0.0227      	0.01556     
1           	943         	8.9         	0.02008     	0.02305     	0.01715     
1           	944         	8.85        	0.02015     	0.02264     	0.01769     
1           	945         	8.95        	0.02068     	0.02323     	0.01816     
1           	946         	8.95        	0.02147     	0.0235      	0.01948     
1           	947         	8.9         	0.02113     	0.02262     	0.01967     
1           	948         	8.9         	0.02184     	0.02242     	0.02128     
1           	949         	8.8         	0.02183     	0.02162     	0.02203     
1           	950         	8.65        	0.02121     	0.02185     	0.02058     
1           	951         	8.75        	0.02024     	0.02081     	0.01968     
1           	952         	8.8         	0.02002     	0.02011     	0.01992     
1           	953         	8.8         	0.01862     	0.019       	0.01824     
1           	954         	8.9         	0.01893     	0.01934     	0.01852     
1           	955         	8.95        	0.01946     	0.01998     	0.01895     
1           	956         	8.85        	0.01893     	0.01926     	0.0186      
1           	957         	8.95        	0.02019     	0.02052     	0.01987     
1           	958         	8.9         	0.01936     	0.02034     	0.0184      
1           	959         	8.9         	0.01942     	0.02028     	0.01857     
1           	960         	8.95        	0.02041     	0.02018     	0.02063     
1           	961         	8.9         	0.02065     	0.01994     	0.02135     
1           	962         	9           	0.02016     	0.01973     	0.02059     
1           	963         	8.95        	0.02088     	0.02081     	0.02095     
1           	964         	9           	0.02141     	0.0216      	0.02122     
1           	965         	8.9         	0.02169     	0.02159     	0.0218      
1           	966         	8.85        	0.01962     	0.01951     	0.01974     
1           	967         	8.8         	0.02019     	0.01976     	0.0206      
1           	968         	8.9         	0.0207      	0.01982     	0.02156     
1           	969         	8.9         	0.02032     	0.01963     	0.02099     
1           	970         	8.8         	0.0205      	0.02045     	0.02055     
1           	971         	8.85        	0.02054     	0.01977     	0.0213      
1           	972         	8.85        	0.02146     	0.01981     	0.02308     
1           	973         	8.75        	0.02202     	0.02014     	0.02385     
1           	974         	8.85        	0.02281     	0.02203     	0.02358     
1           	975         	8.8         	0.02325     	0.02346     	0.02304     
1           	976         	8.85        	0.02357     	0.02443     	0.02271     
1           	977         	8.85        	0.02418     	0.02536     	0.02303     
1           	978         	8.9         	0.02425     	0.02533     	0.02319     
1           	979         	8.95        	0.02516     	0.0268      	0.02354     
1           	980         	9           	0.02526     	0.02642     	0.02412     
1           	981         	8.85        	0.02507     	0.02543     	0.02472     
1           	982         	8.9         	0.02529     	0.02516     	0.02542     
1           	983         	8.9         	0.02466     	0.024       	0.02531     
1           	984         	8.95        	0.02561     	0.02507     	0.02616     
1           	985         	8.8         	0.02537     	0.02491     	0.02583     
1           	986         	8.85        	0.02547     	0.02429     	0.02663     
1           	987         	8.8         	0.02557     	0.025       	0.02613     
1           	988         	8.95        	0.02466     	0.02328     	0.02604     
1           	989         	8.85        	0.02543     	0.02431     	0.02656     
1           	990         	8.8         	0.02508     	0.02317     	0.02698     
1           	991         	8.8         	0.02403     	0.02223     	0.02582     
1           	992         	8.9         	0.02503     	0.02333     	0.02673     
1           	993         	8.85        	0.02595     	0.02363     	0.02826     
1           	994         	8.8         	0.02623     	0.02394     	0.02852     
1           	995         	8.85        	0.026       	0.02425     	0.02773     
1           	996         	8.75        	0.02662     	0.02506     	0.02817     
1           	997         	8.85        	0.0251      	0.02329     	0.02689     
1           	998         	8.85        	0.02491     	0.02362     	0.02619     
1           	999         	8.85        	0.02496     	0.02387     	0.02603     
1           	1000        	8.85        	0.02467     	0.0232      	0.02612     
