generation  	alive.rpl   	n.adlt.nbAll	n.adlt.fst  	n.adlt.fst_l1	n.adlt.fst_l2
1           	1           	5.5         	0.5055      	1           	-9.19e-05   
2           	1           	5.9         	0.5047      	0.998       	0.0003015   
3           	1           	6.3         	0.5035      	0.9951      	0.000678    
4           	1           	6.65        	0.5033      	0.9938      	0.001386    
5           	1           	6.85        	0.5021      	0.9911      	0.0019      
6           	1           	7.05        	0.5009      	0.9884      	0.002644    
7           	1           	7.15        	0.5007      	0.9871      	0.00327     
8           	1           	6.95        	0.5006      	0.9877      	0.003404    
9           	1           	7.3         	0.499       	0.9845      	0.003722    
10          	1           	7.35        	0.4987      	0.9831      	0.004309    
11          	1           	7.25        	0.4978      	0.9806      	0.004588    
12          	1           	7.35        	0.4978      	0.9799      	0.004903    
13          	1           	7.7         	0.4946      	0.974       	0.004607    
14          	1           	7.65        	0.494       	0.9724      	0.005239    
15          	1           	7.6         	0.4957      	0.9751      	0.005761    
16          	1           	7.45        	0.496       	0.9751      	0.005858    
17          	1           	7.6         	0.4953      	0.9741      	0.005721    
18          	1           	7.65        	0.4951      	0.9729      	0.005851    
19          	1           	7.75        	0.4953      	0.9725      	0.00646     
20          	1           	7.9         	0.4947      	0.9707      	0.007599    
21          	1           	7.85        	0.4951      	0.9699      	0.008503    
22          	1           	7.95        	0.4932      	0.9655      	0.008925    
23          	1           	7.85        	0.4933      	0.9643      	0.01073     
24          	1           	7.8         	0.4938      	0.9643      	0.01116     
25          	1           	7.8         	0.4936      	0.9629      	0.01182     
26          	1           	7.75        	0.4953      	0.9645      	0.01289     
27          	1           	7.85        	0.4946      	0.9623      	0.01345     
28          	1           	7.9         	0.4942      	0.9597      	0.01436     
29          	1           	8.2         	0.4931      	0.9569      	0.01545     
30          	1           	8.2         	0.4936      	0.957       	0.0161      
31          	1           	8.3         	0.4925      	0.9547      	0.01636     
32          	1           	8.1         	0.4912      	0.953       	0.01581     
33          	1           	8.45        	0.4901      	0.9495      	0.01751     
34          	1           	8.6         	0.4899      	0.9479      	0.01864     
35          	1           	8.7         	0.4856      	0.9399      	0.01846     
36          	1           	8.7         	0.4863      	0.9405      	0.01919     
37          	1           	8.55        	0.4878      	0.9426      	0.02006     
38          	1           	8.55        	0.4859      	0.9381      	0.0215      
39          	1           	8.5         	0.4848      	0.9365      	0.02105     
40          	1           	8.55        	0.4832      	0.9344      	0.02028     
41          	1           	8.45        	0.4837      	0.9346      	0.02157     
42          	1           	8.65        	0.4837      	0.9341      	0.02221     
43          	1           	8.6         	0.4805      	0.9281      	0.02158     
44          	1           	8.45        	0.4789      	0.9249      	0.02267     
45          	1           	8.5         	0.4795      	0.9257      	0.02321     
46          	1           	8.55        	0.4783      	0.9234      	0.02321     
47          	1           	8.5         	0.4753      	0.9171      	0.02325     
48          	1           	8.55        	0.473       	0.9124      	0.02378     
49          	1           	8.5         	0.4715      	0.9091      	0.02373     
50          	1           	8.25        	0.4731      	0.9119      	0.02382     
51          	1           	8.25        	0.4724      	0.9093      	0.02475     
52          	1           	8.4         	0.4724      	0.9085      	0.02519     
53          	1           	8.35        	0.4726      	0.9072      	0.02699     
54          	1           	8.2         	0.474       	0.91        	0.02675     
55          	1           	8.2         	0.4714      	0.9068      	0.02448     
56          	1           	8.25        	0.4676      	0.8995      	0.02462     
57          	1           	8.4         	0.4689      	0.9003      	0.02624     
58          	1           	8.55        	0.4691      	0.9008      	0.02626     
59          	1           	8.4         	0.467       	0.897       	0.02634     
60          	1           	8.45        	0.4667      	0.8964      	0.02648     
61          	1           	8.5         	0.4635      	0.8895      	0.02741     
62          	1           	8.55        	0.4618      	0.886       	0.02741     
63          	1           	8.65        	0.4617      	0.8866      	0.02697     
64          	1           	8.65        	0.4589      	0.8813      	0.02694     
65          	1           	8.75        	0.4596      	0.8819      	0.02765     
66          	1           	9           	0.4571      	0.8766      	0.02813     
67          	1           	8.9         	0.4582      	0.8788      	0.0278      
68          	1           	8.95        	0.4547      	0.8717      	0.02826     
69          	1           	9.1         	0.4512      	0.8647      	0.02829     
70          	1           	8.95        	0.4492      	0.8613      	0.02719     
71          	1           	9           	0.4485      	0.86        	0.02697     
72          	1           	8.95        	0.4474      	0.8585      	0.02637     
73          	1           	8.9         	0.447       	0.8576      	0.02691     
74          	1           	9.05        	0.4444      	0.8523      	0.0272      
75          	1           	9.15        	0.4458      	0.8549      	0.02739     
76          	1           	9.2         	0.4457      	0.8553      	0.02684     
77          	1           	8.9         	0.4452      	0.8537      	0.02788     
78          	1           	8.85        	0.4453      	0.8532      	0.0287      
79          	1           	9.1         	0.4461      	0.8538      	0.02935     
80          	1           	9.1         	0.4434      	0.8473      	0.02985     
81          	1           	8.9         	0.4439      	0.8482      	0.03055     
82          	1           	8.9         	0.4438      	0.8469      	0.03182     
83          	1           	8.7         	0.443       	0.8428      	0.03434     
84          	1           	8.65        	0.4409      	0.8396      	0.03356     
85          	1           	8.6         	0.4431      	0.8439      	0.03352     
86          	1           	8.65        	0.4435      	0.8437      	0.0345      
87          	1           	8.75        	0.4436      	0.8413      	0.03716     
88          	1           	8.75        	0.4431      	0.8411      	0.03588     
89          	1           	8.7         	0.4447      	0.8431      	0.03754     
90          	1           	8.85        	0.4411      	0.835       	0.03857     
91          	1           	8.95        	0.4364      	0.8261      	0.03804     
92          	1           	9           	0.4366      	0.8268      	0.03737     
93          	1           	9.1         	0.4389      	0.8313      	0.03751     
94          	1           	8.95        	0.4415      	0.8338      	0.03964     
95          	1           	8.9         	0.4446      	0.8373      	0.04233     
96          	1           	8.95        	0.4442      	0.8364      	0.042       
97          	1           	9.05        	0.4458      	0.8401      	0.04148     
98          	1           	8.95        	0.4425      	0.8356      	0.03983     
99          	1           	9           	0.4405      	0.8316      	0.0396      
100         	1           	9.15        	0.4431      	0.8368      	0.0388      
101         	1           	9           	0.4405      	0.8297      	0.04041     
102         	1           	8.95        	0.4359      	0.8213      	0.03946     
103         	1           	9.15        	0.4356      	0.8209      	0.03972     
104         	1           	9.2         	0.4347      	0.8197      	0.03892     
105         	1           	9.25        	0.4332      	0.8162      	0.03886     
106         	1           	9.45        	0.4314      	0.8128      	0.03882     
107         	1           	9.35        	0.4297      	0.8101      	0.03875     
108         	1           	9.15        	0.4282      	0.8079      	0.03786     
109         	1           	9.2         	0.4263      	0.8045      	0.03742     
110         	1           	9.1         	0.4227      	0.7978      	0.03752     
111         	1           	8.95        	0.4255      	0.8019      	0.03898     
112         	1           	9.05        	0.4261      	0.8023      	0.03948     
113         	1           	9           	0.4268      	0.8024      	0.04078     
114         	1           	9.05        	0.4314      	0.8098      	0.04312     
115         	1           	9.05        	0.433       	0.8117      	0.04452     
116         	1           	9.05        	0.429       	0.8057      	0.04281     
117         	1           	9           	0.428       	0.8042      	0.04246     
118         	1           	8.95        	0.4278      	0.8027      	0.04396     
119         	1           	9.2         	0.4296      	0.8045      	0.04582     
120         	1           	9           	0.4305      	0.8052      	0.04731     
121         	1           	9           	0.4301      	0.803       	0.04863     
122         	1           	9.1         	0.4261      	0.7941      	0.04971     
123         	1           	9           	0.425       	0.7931      	0.04866     
124         	1           	9.1         	0.4288      	0.7994      	0.05011     
125         	1           	9.15        	0.4294      	0.8004      	0.05009     
126         	1           	9.25        	0.4302      	0.8021      	0.04996     
127         	1           	9.3         	0.4282      	0.7972      	0.05038     
128         	1           	9.2         	0.4282      	0.7974      	0.0497      
129         	1           	9.1         	0.4299      	0.8006      	0.04986     
130         	1           	9.05        	0.4309      	0.803       	0.04971     
131         	1           	9.1         	0.4289      	0.7984      	0.05064     
132         	1           	9.15        	0.4289      	0.7973      	0.05153     
133         	1           	9.2         	0.4306      	0.7995      	0.05267     
134         	1           	8.9         	0.4316      	0.8007      	0.05333     
135         	1           	8.95        	0.4293      	0.7957      	0.05379     
136         	1           	9           	0.4301      	0.796       	0.05496     
137         	1           	9           	0.4323      	0.8014      	0.05385     
138         	1           	8.85        	0.4275      	0.7928      	0.0531      
139         	1           	8.85        	0.428       	0.7919      	0.05514     
140         	1           	9.05        	0.4247      	0.7863      	0.05418     
141         	1           	9.1         	0.4234      	0.7844      	0.05345     
142         	1           	9.1         	0.4194      	0.7757      	0.05441     
143         	1           	8.95        	0.4165      	0.7712      	0.05285     
144         	1           	8.7         	0.4191      	0.7743      	0.05502     
145         	1           	8.65        	0.4204      	0.7768      	0.05532     
146         	1           	8.8         	0.4168      	0.7702      	0.05494     
147         	1           	8.9         	0.415       	0.7683      	0.0535      
148         	1           	8.9         	0.4144      	0.7662      	0.05449     
149         	1           	8.9         	0.4163      	0.7695      	0.0549      
150         	1           	8.95        	0.4164      	0.7704      	0.05412     
151         	1           	8.9         	0.4156      	0.7677      	0.05555     
152         	1           	8.9         	0.4119      	0.7586      	0.05733     
153         	1           	8.75        	0.4127      	0.759       	0.05873     
154         	1           	8.75        	0.4108      	0.7572      	0.05662     
155         	1           	8.85        	0.4122      	0.7593      	0.05761     
156         	1           	8.8         	0.4111      	0.7574      	0.05693     
157         	1           	8.85        	0.4092      	0.7518      	0.05866     
158         	1           	9.05        	0.4071      	0.748       	0.05825     
159         	1           	9.2         	0.4059      	0.7449      	0.0587      
160         	1           	9.05        	0.4078      	0.7482      	0.05948     
161         	1           	9.05        	0.4116      	0.7553      	0.06005     
162         	1           	9           	0.4103      	0.75        	0.06248     
163         	1           	8.95        	0.412       	0.7525      	0.06339     
164         	1           	9.05        	0.412       	0.7511      	0.06455     
165         	1           	9           	0.4119      	0.75        	0.06524     
166         	1           	8.9         	0.4129      	0.7522      	0.06485     
167         	1           	9.05        	0.4103      	0.7486      	0.06357     
168         	1           	9           	0.4061      	0.7408      	0.06338     
169         	1           	8.95        	0.4042      	0.7369      	0.06309     
170         	1           	9           	0.4049      	0.7371      	0.06486     
171         	1           	9           	0.4083      	0.7431      	0.06575     
172         	1           	9           	0.4065      	0.7388      	0.06633     
173         	1           	8.95        	0.405       	0.7374      	0.06472     
174         	1           	8.75        	0.406       	0.7392      	0.06469     
175         	1           	8.9         	0.4028      	0.7348      	0.06311     
176         	1           	8.85        	0.402       	0.734       	0.06231     
177         	1           	8.9         	0.4014      	0.7321      	0.06275     
178         	1           	8.8         	0.4039      	0.7368      	0.0628      
179         	1           	8.95        	0.406       	0.74        	0.06401     
180         	1           	8.8         	0.4065      	0.7424      	0.06286     
181         	1           	8.9         	0.4093      	0.7455      	0.06521     
182         	1           	8.95        	0.4087      	0.7456      	0.0642      
183         	1           	9.05        	0.4071      	0.7431      	0.06331     
184         	1           	8.95        	0.4087      	0.7464      	0.0628      
185         	1           	9           	0.4059      	0.7394      	0.06441     
186         	1           	8.95        	0.4043      	0.7355      	0.06544     
187         	1           	8.9         	0.4038      	0.7355      	0.06468     
188         	1           	8.85        	0.4013      	0.728       	0.06757     
189         	1           	8.8         	0.404       	0.7317      	0.0692      
190         	1           	8.85        	0.4038      	0.7313      	0.0692      
191         	1           	8.9         	0.3998      	0.7248      	0.06757     
192         	1           	8.9         	0.3964      	0.7175      	0.06844     
193         	1           	9           	0.3921      	0.7111      	0.06633     
194         	1           	8.95        	0.392       	0.7115      	0.06603     
195         	1           	8.95        	0.3892      	0.7075      	0.06409     
196         	1           	9           	0.3887      	0.7068      	0.06402     
197         	1           	9.05        	0.3874      	0.7051      	0.06323     
198         	1           	9.05        	0.389       	0.7067      	0.06451     
199         	1           	9           	0.3903      	0.7088      	0.06494     
200         	1           	8.7         	0.3891      	0.7052      	0.06656     
201         	1           	8.85        	0.391       	0.7104      	0.06451     
202         	1           	8.75        	0.3863      	0.7016      	0.06396     
203         	1           	8.85        	0.3847      	0.6991      	0.06326     
204         	1           	9.05        	0.3826      	0.6944      	0.06374     
205         	1           	8.85        	0.382       	0.6922      	0.06478     
206         	1           	8.8         	0.3817      	0.6893      	0.06726     
207         	1           	8.85        	0.3802      	0.6844      	0.06919     
208         	1           	8.85        	0.3818      	0.6848      	0.07231     
209         	1           	8.95        	0.3801      	0.6835      	0.06986     
210         	1           	9.1         	0.3765      	0.6764      	0.06973     
211         	1           	8.8         	0.3737      	0.672       	0.06897     
212         	1           	8.9         	0.3746      	0.6728      	0.06946     
213         	1           	8.95        	0.3711      	0.6662      	0.0693      
214         	1           	9           	0.3723      	0.669       	0.0685      
215         	1           	9.05        	0.3683      	0.6617      	0.06785     
216         	1           	9.15        	0.3685      	0.6633      	0.06652     
217         	1           	9.1         	0.3659      	0.6577      	0.06707     
218         	1           	9.15        	0.3696      	0.6647      	0.06764     
219         	1           	9           	0.3708      	0.667       	0.06776     
220         	1           	9           	0.3713      	0.6666      	0.06907     
221         	1           	8.8         	0.3729      	0.6693      	0.06947     
222         	1           	8.65        	0.3711      	0.6641      	0.07102     
223         	1           	8.7         	0.3698      	0.6611      	0.07118     
224         	1           	8.7         	0.3705      	0.6602      	0.07347     
225         	1           	8.7         	0.3666      	0.6515      	0.07486     
226         	1           	8.8         	0.3628      	0.6438      	0.07501     
227         	1           	8.75        	0.3635      	0.6474      	0.07282     
228         	1           	8.85        	0.365       	0.6499      	0.07328     
229         	1           	8.8         	0.3619      	0.644       	0.0733      
230         	1           	8.9         	0.3644      	0.6482      	0.07434     
231         	1           	8.85        	0.3612      	0.638       	0.07857     
232         	1           	9           	0.364       	0.6438      	0.07804     
233         	1           	9.05        	0.3648      	0.6474      	0.07623     
234         	1           	9           	0.3636      	0.6443      	0.07675     
235         	1           	9           	0.3553      	0.6297      	0.07472     
236         	1           	9.15        	0.3544      	0.6282      	0.07466     
237         	1           	9.3         	0.3512      	0.6201      	0.07616     
238         	1           	9.25        	0.3498      	0.6162      	0.07722     
239         	1           	9.2         	0.344       	0.6071      	0.07503     
240         	1           	9.05        	0.3385      	0.5998      	0.07107     
241         	1           	8.95        	0.3364      	0.5932      	0.07356     
242         	1           	8.8         	0.3347      	0.5889      	0.07479     
243         	1           	8.85        	0.3294      	0.5791      	0.07407     
244         	1           	8.85        	0.331       	0.5816      	0.07463     
245         	1           	8.95        	0.3305      	0.5796      	0.07538     
246         	1           	8.95        	0.3281      	0.5763      	0.07404     
247         	1           	8.85        	0.3286      	0.5788      	0.07257     
248         	1           	9           	0.3258      	0.5742      	0.07152     
249         	1           	9           	0.3252      	0.5706      	0.07405     
250         	1           	8.9         	0.326       	0.5709      	0.07538     
251         	1           	9.05        	0.3233      	0.5662      	0.0747      
252         	1           	9           	0.3252      	0.5692      	0.07559     
253         	1           	9.05        	0.3249      	0.5683      	0.07553     
254         	1           	9.05        	0.323       	0.5672      	0.07301     
255         	1           	9.05        	0.3215      	0.5643      	0.07298     
256         	1           	8.95        	0.3244      	0.5707      	0.07246     
257         	1           	8.85        	0.3218      	0.5655      	0.07236     
258         	1           	8.85        	0.3249      	0.5686      	0.0755      
259         	1           	8.95        	0.3231      	0.5629      	0.0778      
260         	1           	9           	0.3242      	0.5639      	0.07915     
261         	1           	8.9         	0.3256      	0.5638      	0.08184     
262         	1           	8.85        	0.3223      	0.5565      	0.08248     
263         	1           	8.85        	0.3245      	0.5595      	0.08394     
264         	1           	8.95        	0.3255      	0.5595      	0.08589     
265         	1           	9           	0.3221      	0.5522      	0.08703     
266         	1           	8.9         	0.3223      	0.5511      	0.08825     
267         	1           	8.95        	0.3179      	0.5411      	0.08977     
268         	1           	9.05        	0.3212      	0.5467      	0.0908      
269         	1           	9.15        	0.318       	0.5403      	0.09095     
270         	1           	9.05        	0.3161      	0.5375      	0.09032     
271         	1           	9.2         	0.3144      	0.5354      	0.08887     
272         	1           	9.2         	0.311       	0.5281      	0.08935     
273         	1           	9.1         	0.3075      	0.5218      	0.08851     
274         	1           	9.2         	0.306       	0.5186      	0.08895     
275         	1           	9.1         	0.3086      	0.5233      	0.0895      
276         	1           	9.3         	0.3107      	0.5259      	0.09093     
277         	1           	9.3         	0.311       	0.5251      	0.09253     
278         	1           	9.25        	0.3128      	0.5252      	0.096       
279         	1           	9.2         	0.3103      	0.5222      	0.09408     
280         	1           	9.2         	0.3128      	0.5269      	0.09431     
281         	1           	9.15        	0.3111      	0.5215      	0.09662     
282         	1           	9.2         	0.3104      	0.5189      	0.09785     
283         	1           	9.15        	0.3067      	0.5113      	0.09791     
284         	1           	9.1         	0.3046      	0.505       	0.1001      
285         	1           	9.05        	0.3027      	0.4993      	0.1019      
286         	1           	9.05        	0.3026      	0.4989      	0.1024      
287         	1           	9.05        	0.3013      	0.4942      	0.1044      
288         	1           	9.15        	0.3012      	0.4921      	0.1065      
289         	1           	9.1         	0.3026      	0.4929      	0.1084      
290         	1           	9           	0.3016      	0.4881      	0.1112      
291         	1           	9           	0.2992      	0.4843      	0.1099      
292         	1           	9.05        	0.299       	0.4858      	0.1078      
293         	1           	9.2         	0.2964      	0.479       	0.1095      
294         	1           	8.95        	0.3008      	0.4895      	0.1072      
295         	1           	9.05        	0.298       	0.4848      	0.1061      
296         	1           	9.1         	0.3004      	0.4888      	0.1071      
297         	1           	8.95        	0.3007      	0.489       	0.1079      
298         	1           	8.95        	0.3045      	0.4958      	0.1085      
299         	1           	9           	0.3074      	0.502       	0.1079      
300         	1           	9           	0.308       	0.5036      	0.1075      
301         	1           	8.75        	0.3138      	0.5171      	0.1056      
302         	1           	9           	0.3152      	0.5184      	0.1069      
303         	1           	9           	0.3156      	0.5197      	0.1063      
304         	1           	9.1         	0.3168      	0.5192      	0.1091      
305         	1           	8.9         	0.3148      	0.5174      	0.1071      
306         	1           	8.75        	0.3183      	0.5246      	0.1068      
307         	1           	8.9         	0.3202      	0.5304      	0.1046      
308         	1           	9           	0.3226      	0.5364      	0.103       
309         	1           	8.95        	0.3235      	0.5368      	0.1043      
310         	1           	9           	0.3193      	0.5316      	0.1014      
311         	1           	8.95        	0.3194      	0.5304      	0.1031      
312         	1           	8.85        	0.3252      	0.5382      	0.1068      
313         	1           	8.85        	0.3215      	0.529       	0.1083      
314         	1           	9           	0.3225      	0.532       	0.1076      
315         	1           	9.2         	0.3239      	0.5341      	0.1084      
316         	1           	9.15        	0.3262      	0.5341      	0.1128      
317         	1           	9           	0.3284      	0.5376      	0.1136      
318         	1           	9.25        	0.3264      	0.5355      	0.112       
319         	1           	9.2         	0.3258      	0.5351      	0.1111      
320         	1           	9.05        	0.3246      	0.5322      	0.1118      
321         	1           	9.1         	0.3253      	0.534       	0.1109      
322         	1           	9.05        	0.3277      	0.5361      	0.1139      
323         	1           	8.95        	0.3254      	0.5324      	0.1131      
324         	1           	8.85        	0.3247      	0.527       	0.1174      
325         	1           	8.8         	0.3254      	0.5288      	0.1168      
326         	1           	8.95        	0.3248      	0.5301      	0.1145      
327         	1           	8.8         	0.3264      	0.5328      	0.1154      
328         	1           	8.85        	0.3301      	0.5381      	0.1175      
329         	1           	8.95        	0.3285      	0.5374      	0.115       
330         	1           	9           	0.3269      	0.5328      	0.1166      
331         	1           	8.95        	0.3279      	0.5341      	0.1174      
332         	1           	9           	0.3303      	0.5373      	0.1188      
333         	1           	9.1         	0.3262      	0.5325      	0.1152      
334         	1           	9.05        	0.3285      	0.5362      	0.1161      
335         	1           	9.15        	0.3265      	0.535       	0.1133      
336         	1           	9           	0.3246      	0.5287      	0.1159      
337         	1           	9.15        	0.3228      	0.5254      	0.1156      
338         	1           	9.1         	0.3246      	0.5278      	0.1165      
339         	1           	9.1         	0.3277      	0.5348      	0.1157      
340         	1           	9.1         	0.3288      	0.5371      	0.1154      
341         	1           	9.15        	0.3256      	0.5302      	0.1159      
342         	1           	9.05        	0.3226      	0.5235      	0.1167      
343         	1           	8.95        	0.326       	0.5288      	0.1182      
344         	1           	9.05        	0.324       	0.5239      	0.119       
345         	1           	9           	0.3211      	0.5193      	0.1183      
346         	1           	9.05        	0.3228      	0.5181      	0.1226      
347         	1           	9.2         	0.3211      	0.5153      	0.1221      
348         	1           	9.1         	0.3219      	0.5155      	0.1232      
349         	1           	9.05        	0.3202      	0.5128      	0.1224      
350         	1           	8.85        	0.3199      	0.5123      	0.1226      
351         	1           	8.8         	0.3206      	0.5132      	0.123       
352         	1           	8.9         	0.3259      	0.5194      	0.1275      
353         	1           	9.05        	0.3279      	0.5234      	0.1272      
354         	1           	9           	0.3262      	0.5235      	0.1239      
355         	1           	9.05        	0.3234      	0.519       	0.1226      
356         	1           	8.95        	0.3246      	0.5228      	0.1212      
357         	1           	8.9         	0.3246      	0.5217      	0.1227      
358         	1           	8.7         	0.3274      	0.5258      	0.124       
359         	1           	8.8         	0.3268      	0.5254      	0.123       
360         	1           	9.05        	0.3297      	0.5282      	0.1259      
361         	1           	9.05        	0.3251      	0.5187      	0.1265      
362         	1           	9.05        	0.3236      	0.5135      	0.1287      
363         	1           	8.75        	0.3209      	0.509       	0.1279      
364         	1           	8.65        	0.3227      	0.5087      	0.1318      
365         	1           	8.7         	0.3237      	0.5095      	0.133       
366         	1           	8.7         	0.3226      	0.5045      	0.1361      
367         	1           	8.9         	0.3207      	0.5022      	0.1345      
368         	1           	8.9         	0.3209      	0.5018      	0.1356      
369         	1           	8.85        	0.3186      	0.5012      	0.1319      
370         	1           	8.95        	0.3172      	0.4977      	0.1326      
371         	1           	8.85        	0.3161      	0.4951      	0.1331      
372         	1           	9.05        	0.3174      	0.4991      	0.1319      
373         	1           	9           	0.3151      	0.4938      	0.1328      
374         	1           	9           	0.315       	0.4906      	0.1358      
375         	1           	9           	0.3151      	0.4928      	0.1335      
376         	1           	9           	0.3146      	0.4907      	0.1345      
377         	1           	9           	0.3122      	0.4879      	0.1328      
378         	1           	9.1         	0.3107      	0.4839      	0.1341      
379         	1           	9           	0.3093      	0.4764      	0.1386      
380         	1           	9.15        	0.3067      	0.4725      	0.1374      
381         	1           	9.1         	0.3064      	0.4692      	0.1404      
382         	1           	9.3         	0.3047      	0.4665      	0.1398      
383         	1           	9.25        	0.3049      	0.466       	0.1408      
384         	1           	9.2         	0.3072      	0.4683      	0.1428      
385         	1           	9.2         	0.3025      	0.4613      	0.1405      
386         	1           	9.25        	0.3049      	0.4644      	0.142       
387         	1           	9.2         	0.3066      	0.4657      	0.1441      
388         	1           	9           	0.3084      	0.4682      	0.1453      
389         	1           	8.8         	0.3034      	0.4612      	0.1428      
390         	1           	8.95        	0.3042      	0.4635      	0.142       
391         	1           	9.05        	0.304       	0.4662      	0.1388      
392         	1           	9           	0.3016      	0.4644      	0.1357      
393         	1           	9           	0.2993      	0.4633      	0.1322      
394         	1           	8.95        	0.2996      	0.4617      	0.1348      
395         	1           	9.05        	0.2954      	0.4548      	0.1333      
396         	1           	8.95        	0.2978      	0.4587      	0.1343      
397         	1           	8.95        	0.2999      	0.4625      	0.1347      
398         	1           	9.05        	0.3         	0.4622      	0.1352      
399         	1           	8.9         	0.2987      	0.4628      	0.132       
400         	1           	9           	0.2962      	0.4582      	0.1317      
401         	1           	8.9         	0.2939      	0.4558      	0.1295      
402         	1           	8.8         	0.2938      	0.4584      	0.127       
403         	1           	8.9         	0.2922      	0.4551      	0.1272      
404         	1           	9.1         	0.295       	0.4583      	0.1295      
405         	1           	9           	0.2934      	0.454       	0.1306      
406         	1           	8.8         	0.293       	0.4534      	0.1301      
407         	1           	8.8         	0.2927      	0.4514      	0.1316      
408         	1           	8.8         	0.2914      	0.4484      	0.1321      
409         	1           	8.9         	0.2912      	0.4506      	0.1294      
410         	1           	9.1         	0.2918      	0.4518      	0.1292      
411         	1           	9           	0.2887      	0.4475      	0.1269      
412         	1           	9.1         	0.2915      	0.4559      	0.124       
413         	1           	9.05        	0.2936      	0.4593      	0.1245      
414         	1           	8.95        	0.2958      	0.461       	0.1275      
415         	1           	8.95        	0.2987      	0.4642      	0.1296      
416         	1           	9.05        	0.2952      	0.4583      	0.1284      
417         	1           	8.85        	0.2988      	0.4647      	0.1293      
418         	1           	8.8         	0.3033      	0.4722      	0.1309      
419         	1           	8.85        	0.3038      	0.4714      	0.1326      
420         	1           	8.95        	0.3044      	0.4714      	0.1338      
421         	1           	8.95        	0.3062      	0.473       	0.1359      
422         	1           	9.15        	0.3033      	0.4686      	0.1344      
423         	1           	8.9         	0.304       	0.4708      	0.1335      
424         	1           	8.85        	0.3025      	0.4669      	0.1349      
425         	1           	8.85        	0.3042      	0.4712      	0.1339      
426         	1           	9.05        	0.3043      	0.4692      	0.1363      
427         	1           	9           	0.3035      	0.4675      	0.1363      
428         	1           	8.75        	0.3023      	0.4631      	0.1381      
429         	1           	8.8         	0.2986      	0.4578      	0.1362      
430         	1           	8.6         	0.294       	0.4516      	0.1332      
431         	1           	8.85        	0.2929      	0.4485      	0.1341      
432         	1           	8.7         	0.2943      	0.4517      	0.1335      
433         	1           	8.75        	0.2934      	0.4508      	0.1328      
434         	1           	8.55        	0.2931      	0.4511      	0.132       
435         	1           	8.35        	0.2981      	0.4597      	0.1334      
436         	1           	8.35        	0.2951      	0.454       	0.1329      
437         	1           	8.4         	0.2929      	0.4484      	0.1339      
438         	1           	8.55        	0.2918      	0.4473      	0.133       
439         	1           	8.65        	0.2939      	0.4501      	0.1341      
440         	1           	8.8         	0.2986      	0.4584      	0.1347      
441         	1           	8.65        	0.2961      	0.4523      	0.1359      
442         	1           	8.55        	0.2948      	0.4505      	0.1355      
443         	1           	8.8         	0.292       	0.4425      	0.1382      
444         	1           	8.65        	0.291       	0.4383      	0.1404      
445         	1           	8.55        	0.2907      	0.4371      	0.1411      
446         	1           	8.5         	0.2905      	0.4338      	0.1442      
447         	1           	8.5         	0.2881      	0.4287      	0.1447      
448         	1           	8.85        	0.2863      	0.4247      	0.1451      
449         	1           	8.85        	0.2874      	0.4258      	0.1463      
450         	1           	8.7         	0.2876      	0.4228      	0.1498      
451         	1           	8.7         	0.2848      	0.4191      	0.1477      
452         	1           	8.65        	0.2852      	0.4143      	0.1533      
453         	1           	8.6         	0.283       	0.4103      	0.1526      
454         	1           	8.4         	0.2838      	0.4119      	0.1526      
455         	1           	8.55        	0.2864      	0.4168      	0.1526      
456         	1           	8.75        	0.291       	0.4236      	0.155       
457         	1           	8.65        	0.2931      	0.4261      	0.1565      
458         	1           	8.45        	0.2955      	0.4303      	0.157       
459         	1           	8.5         	0.2934      	0.4272      	0.1559      
460         	1           	8.55        	0.2953      	0.4302      	0.1568      
461         	1           	8.7         	0.291       	0.4243      	0.1541      
462         	1           	8.85        	0.2887      	0.4205      	0.1533      
463         	1           	8.8         	0.2863      	0.4197      	0.1494      
464         	1           	8.8         	0.2883      	0.4223      	0.1506      
465         	1           	8.75        	0.2907      	0.424       	0.1536      
466         	1           	8.85        	0.2915      	0.428       	0.1509      
467         	1           	8.7         	0.2936      	0.4287      	0.155       
468         	1           	8.7         	0.292       	0.4277      	0.1525      
469         	1           	8.75        	0.2917      	0.427       	0.1524      
470         	1           	8.75        	0.2879      	0.4216      	0.1502      
471         	1           	8.8         	0.2895      	0.4227      	0.1522      
472         	1           	8.8         	0.2908      	0.4204      	0.1575      
473         	1           	8.8         	0.2911      	0.4194      	0.159       
474         	1           	9.05        	0.2908      	0.4208      	0.1571      
475         	1           	8.85        	0.2955      	0.4228      	0.1645      
476         	1           	8.85        	0.296       	0.424       	0.1639      
477         	1           	8.75        	0.2994      	0.4281      	0.1664      
478         	1           	8.75        	0.3005      	0.4298      	0.1668      
479         	1           	8.6         	0.3014      	0.4336      	0.165       
480         	1           	8.6         	0.3006      	0.4331      	0.1636      
481         	1           	8.7         	0.3016      	0.4331      	0.1656      
482         	1           	8.65        	0.3025      	0.436       	0.1648      
483         	1           	8.55        	0.3001      	0.4309      	0.1649      
484         	1           	8.6         	0.3         	0.4291      	0.1668      
485         	1           	8.55        	0.2959      	0.424       	0.1638      
486         	1           	8.7         	0.2967      	0.4265      	0.163       
487         	1           	8.9         	0.2966      	0.425       	0.1641      
488         	1           	8.9         	0.293       	0.4198      	0.1619      
489         	1           	8.95        	0.291       	0.4149      	0.1628      
490         	1           	9.15        	0.2889      	0.4132      	0.1604      
491         	1           	9.15        	0.2855      	0.4011      	0.166       
492         	1           	8.8         	0.2836      	0.4023      	0.1609      
493         	1           	8.8         	0.2879      	0.4085      	0.1631      
494         	1           	8.65        	0.2802      	0.3955      	0.1611      
495         	1           	8.9         	0.2845      	0.3992      	0.1659      
496         	1           	8.75        	0.2836      	0.3987      	0.1647      
497         	1           	8.85        	0.2827      	0.3946      	0.1673      
498         	1           	8.75        	0.2811      	0.3892      	0.1695      
499         	1           	8.7         	0.2787      	0.3844      	0.1696      
500         	1           	8.85        	0.2754      	0.3806      	0.1669      
501         	1           	8.75        	0.2787      	0.3833      	0.1705      
502         	1           	8.7         	0.2781      	0.38        	0.1725      
503         	1           	8.7         	0.2807      	0.3821      	0.1759      
504         	1           	8.7         	0.2829      	0.3872      	0.175       
505         	1           	8.85        	0.2821      	0.385       	0.1755      
506         	1           	9           	0.2823      	0.3838      	0.177       
507         	1           	8.85        	0.2809      	0.3818      	0.1765      
508         	1           	8.75        	0.2803      	0.3829      	0.1743      
509         	1           	8.6         	0.2803      	0.3858      	0.1711      
510         	1           	8.6         	0.2783      	0.3802      	0.1729      
511         	1           	8.75        	0.276       	0.3776      	0.1709      
512         	1           	8.8         	0.2759      	0.3728      	0.1755      
513         	1           	8.95        	0.2764      	0.3798      	0.1693      
514         	1           	8.85        	0.2811      	0.3872      	0.1709      
515         	1           	8.9         	0.2819      	0.3906      	0.1689      
516         	1           	8.75        	0.2806      	0.3892      	0.1676      
517         	1           	8.8         	0.282       	0.3864      	0.1736      
518         	1           	8.8         	0.2806      	0.3868      	0.1703      
519         	1           	8.95        	0.283       	0.3895      	0.1722      
520         	1           	8.95        	0.2826      	0.3878      	0.1735      
521         	1           	9           	0.2785      	0.3842      	0.1691      
522         	1           	9           	0.2805      	0.3875      	0.1696      
523         	1           	9.2         	0.2808      	0.3894      	0.1685      
524         	1           	9.1         	0.2803      	0.3855      	0.1714      
525         	1           	9.1         	0.2769      	0.381       	0.1692      
526         	1           	9           	0.2749      	0.3779      	0.1683      
527         	1           	8.9         	0.2764      	0.3791      	0.1701      
528         	1           	8.8         	0.2773      	0.3824      	0.1686      
529         	1           	8.75        	0.277       	0.3875      	0.1626      
530         	1           	8.65        	0.2749      	0.3815      	0.1646      
531         	1           	8.55        	0.2733      	0.3788      	0.1642      
532         	1           	8.65        	0.2705      	0.3768      	0.1607      
533         	1           	8.75        	0.2664      	0.3684      	0.1613      
534         	1           	8.75        	0.2667      	0.3686      	0.1616      
535         	1           	8.8         	0.2663      	0.3674      	0.1619      
536         	1           	8.75        	0.2657      	0.3675      	0.1607      
537         	1           	8.9         	0.2624      	0.3639      	0.1579      
538         	1           	8.95        	0.2653      	0.3667      	0.1608      
539         	1           	9.05        	0.2656      	0.367       	0.1609      
540         	1           	9.05        	0.2655      	0.3702      	0.1572      
541         	1           	8.95        	0.2672      	0.3745      	0.1563      
542         	1           	8.7         	0.2676      	0.3753      	0.1567      
543         	1           	8.7         	0.2705      	0.3757      	0.1621      
544         	1           	8.8         	0.2728      	0.382       	0.1602      
545         	1           	9           	0.2716      	0.3824      	0.1573      
546         	1           	8.9         	0.2695      	0.3804      	0.1546      
547         	1           	8.8         	0.2682      	0.3772      	0.1553      
548         	1           	8.7         	0.2658      	0.3755      	0.1524      
549         	1           	8.65        	0.2669      	0.3782      	0.1516      
550         	1           	8.8         	0.2651      	0.3753      	0.1512      
551         	1           	8.8         	0.2647      	0.375       	0.1505      
552         	1           	8.9         	0.26        	0.3684      	0.1476      
553         	1           	8.8         	0.2586      	0.3659      	0.1471      
554         	1           	8.7         	0.258       	0.3641      	0.1479      
555         	1           	8.6         	0.2593      	0.3643      	0.1504      
556         	1           	8.55        	0.2613      	0.3674      	0.1513      
557         	1           	8.6         	0.2638      	0.3721      	0.1513      
558         	1           	8.7         	0.263       	0.3714      	0.1504      
559         	1           	8.6         	0.2584      	0.3666      	0.1459      
560         	1           	8.6         	0.2566      	0.3649      	0.144       
561         	1           	8.75        	0.2546      	0.3632      	0.1416      
562         	1           	8.8         	0.2521      	0.3586      	0.141       
563         	1           	8.85        	0.2512      	0.3572      	0.141       
564         	1           	8.8         	0.2529      	0.3617      	0.14        
565         	1           	8.5         	0.2536      	0.3654      	0.1376      
566         	1           	8.75        	0.2538      	0.3654      	0.1382      
567         	1           	8.85        	0.2532      	0.3655      	0.1371      
568         	1           	8.75        	0.252       	0.3632      	0.1364      
569         	1           	8.65        	0.2499      	0.3609      	0.1347      
570         	1           	8.75        	0.2494      	0.3573      	0.1379      
571         	1           	8.7         	0.2463      	0.3533      	0.1352      
572         	1           	8.7         	0.2488      	0.3553      	0.1382      
573         	1           	8.6         	0.2485      	0.3544      	0.1383      
574         	1           	8.55        	0.2505      	0.358       	0.1388      
575         	1           	8.7         	0.2473      	0.3543      	0.1361      
576         	1           	8.55        	0.2465      	0.3505      	0.1387      
577         	1           	8.4         	0.2494      	0.3555      	0.1395      
578         	1           	8.25        	0.2532      	0.3629      	0.1399      
579         	1           	8.15        	0.2498      	0.3579      	0.1384      
580         	1           	8.15        	0.2573      	0.367       	0.1442      
581         	1           	8.4         	0.2569      	0.3691      	0.1412      
582         	1           	8.35        	0.2541      	0.366       	0.1384      
583         	1           	8.3         	0.256       	0.3658      	0.1427      
584         	1           	8.5         	0.2563      	0.3661      	0.143       
585         	1           	8.4         	0.254       	0.3614      	0.1433      
586         	1           	8.65        	0.2534      	0.36        	0.1431      
587         	1           	8.85        	0.2477      	0.3535      	0.1384      
588         	1           	8.75        	0.247       	0.3529      	0.1376      
589         	1           	8.5         	0.2507      	0.3578      	0.1402      
590         	1           	8.5         	0.2561      	0.3669      	0.1418      
591         	1           	8.7         	0.2552      	0.3633      	0.1438      
592         	1           	8.7         	0.2552      	0.3611      	0.1461      
593         	1           	8.65        	0.2527      	0.3602      	0.1418      
594         	1           	8.8         	0.2524      	0.3598      	0.1417      
595         	1           	8.65        	0.2508      	0.3572      	0.1414      
596         	1           	8.85        	0.2503      	0.3568      	0.1408      
597         	1           	8.65        	0.2525      	0.3609      	0.1413      
598         	1           	8.7         	0.2532      	0.3641      	0.1392      
599         	1           	8.7         	0.2525      	0.3639      	0.1383      
600         	1           	8.6         	0.2508      	0.3592      	0.1396      
601         	1           	8.7         	0.2473      	0.3519      	0.1399      
602         	1           	8.7         	0.2467      	0.3496      	0.1406      
603         	1           	8.75        	0.2465      	0.3506      	0.1391      
604         	1           	8.95        	0.2418      	0.3426      	0.1379      
605         	1           	8.85        	0.2389      	0.3398      	0.1349      
606         	1           	8.7         	0.2387      	0.3416      	0.1325      
607         	1           	8.7         	0.2367      	0.3381      	0.1319      
608         	1           	8.7         	0.2425      	0.3473      	0.1345      
609         	1           	8.5         	0.2419      	0.3497      	0.1307      
610         	1           	8.55        	0.2429      	0.3517      	0.1308      
611         	1           	8.55        	0.244       	0.3514      	0.1334      
612         	1           	8.5         	0.2443      	0.3512      	0.1343      
613         	1           	8.45        	0.2438      	0.3513      	0.1332      
614         	1           	8.6         	0.2468      	0.3597      	0.1308      
615         	1           	8.6         	0.2451      	0.3555      	0.1318      
616         	1           	8.55        	0.2455      	0.355       	0.1329      
617         	1           	8.6         	0.2477      	0.3587      	0.1335      
618         	1           	8.6         	0.2446      	0.3502      	0.1362      
619         	1           	8.45        	0.244       	0.3471      	0.1379      
620         	1           	8.7         	0.2474      	0.3522      	0.1398      
621         	1           	8.4         	0.2474      	0.3516      	0.1405      
622         	1           	8.5         	0.2447      	0.3496      	0.137       
623         	1           	8.5         	0.2426      	0.3496      	0.1328      
624         	1           	8.5         	0.2418      	0.3472      	0.1337      
625         	1           	8.5         	0.2422      	0.3445      	0.1374      
626         	1           	8.5         	0.2408      	0.3407      	0.1386      
627         	1           	8.5         	0.2422      	0.3442      	0.1376      
628         	1           	8.5         	0.2411      	0.3412      	0.1386      
629         	1           	8.55        	0.2403      	0.3407      	0.1376      
630         	1           	8.7         	0.2377      	0.3355      	0.1375      
631         	1           	8.8         	0.2421      	0.3393      	0.1424      
632         	1           	8.75        	0.2449      	0.3469      	0.1406      
633         	1           	8.85        	0.2441      	0.3443      	0.1415      
634         	1           	8.9         	0.2415      	0.3392      	0.1415      
635         	1           	8.7         	0.2418      	0.3393      	0.1419      
636         	1           	8.75        	0.2429      	0.3388      	0.1447      
637         	1           	8.9         	0.2423      	0.3366      	0.1457      
638         	1           	8.65        	0.2405      	0.3316      	0.1473      
639         	1           	8.6         	0.2388      	0.3311      	0.1445      
640         	1           	8.6         	0.2423      	0.3352      	0.1475      
641         	1           	8.6         	0.2418      	0.3353      	0.1462      
642         	1           	8.45        	0.2441      	0.3394      	0.1468      
643         	1           	8.65        	0.2446      	0.3414      	0.1457      
644         	1           	8.6         	0.2435      	0.3393      	0.1458      
645         	1           	8.65        	0.2443      	0.3397      	0.1471      
646         	1           	8.7         	0.2423      	0.3378      	0.1451      
647         	1           	8.8         	0.241       	0.3351      	0.1451      
648         	1           	8.7         	0.2403      	0.3319      	0.1471      
649         	1           	8.9         	0.2391      	0.3301      	0.1464      
650         	1           	8.75        	0.2376      	0.3298      	0.1434      
651         	1           	8.6         	0.2396      	0.3308      	0.1465      
652         	1           	8.85        	0.2383      	0.3264      	0.1485      
653         	1           	8.75        	0.2377      	0.3257      	0.1482      
654         	1           	8.75        	0.2352      	0.3219      	0.147       
655         	1           	8.65        	0.2375      	0.3254      	0.1481      
656         	1           	8.85        	0.2404      	0.3352      	0.1439      
657         	1           	8.75        	0.2408      	0.3364      	0.1435      
658         	1           	8.65        	0.2392      	0.3361      	0.1406      
659         	1           	8.6         	0.2377      	0.3356      	0.138       
660         	1           	8.6         	0.2404      	0.3417      	0.1371      
661         	1           	8.5         	0.2394      	0.3391      	0.1378      
662         	1           	8.5         	0.2387      	0.3412      	0.1342      
663         	1           	8.65        	0.2389      	0.3436      	0.1322      
664         	1           	8.45        	0.2367      	0.339       	0.1323      
665         	1           	8.45        	0.2391      	0.3415      	0.1347      
666         	1           	8.45        	0.2406      	0.3403      	0.1388      
667         	1           	8.45        	0.2389      	0.3393      	0.1364      
668         	1           	8.65        	0.2399      	0.341       	0.1365      
669         	1           	8.65        	0.2459      	0.3512      	0.1384      
670         	1           	8.5         	0.2441      	0.351       	0.1349      
671         	1           	8.55        	0.241       	0.3477      	0.132       
672         	1           	8.65        	0.2403      	0.3466      	0.1314      
673         	1           	8.4         	0.2368      	0.34        	0.1312      
674         	1           	8.45        	0.2367      	0.3396      	0.1315      
675         	1           	8.35        	0.2371      	0.3386      	0.1335      
676         	1           	8.35        	0.2365      	0.3381      	0.133       
677         	1           	8.35        	0.2357      	0.3369      	0.1325      
678         	1           	8.5         	0.2327      	0.3347      	0.1289      
679         	1           	8.4         	0.2336      	0.334       	0.1311      
680         	1           	8.3         	0.2327      	0.3324      	0.1307      
681         	1           	8.4         	0.2324      	0.3339      	0.1289      
682         	1           	8.5         	0.2309      	0.3319      	0.1282      
683         	1           	8.6         	0.231       	0.3319      	0.1284      
684         	1           	8.7         	0.2303      	0.3295      	0.1294      
685         	1           	8.55        	0.2275      	0.3242      	0.1292      
686         	1           	8.6         	0.2274      	0.3247      	0.1285      
687         	1           	8.55        	0.2308      	0.3293      	0.1306      
688         	1           	8.5         	0.2273      	0.3237      	0.1294      
689         	1           	8.55        	0.2292      	0.3289      	0.1277      
690         	1           	8.7         	0.2318      	0.3327      	0.1291      
691         	1           	8.85        	0.2287      	0.3279      	0.128       
692         	1           	8.7         	0.2289      	0.3307      	0.1256      
693         	1           	8.8         	0.2292      	0.3288      	0.1284      
694         	1           	8.7         	0.2303      	0.332       	0.1275      
695         	1           	8.6         	0.2304      	0.332       	0.1278      
696         	1           	8.7         	0.2305      	0.3339      	0.1259      
697         	1           	8.8         	0.2311      	0.3345      	0.1263      
698         	1           	8.75        	0.2279      	0.3268      	0.1276      
699         	1           	8.75        	0.2289      	0.3278      	0.1285      
700         	1           	8.9         	0.2283      	0.3275      	0.1276      
701         	1           	8.75        	0.2264      	0.3236      	0.1277      
702         	1           	8.75        	0.2261      	0.3238      	0.1269      
703         	1           	8.8         	0.2255      	0.3209      	0.1286      
704         	1           	8.75        	0.2216      	0.3149      	0.1267      
705         	1           	8.65        	0.2227      	0.3187      	0.1249      
706         	1           	8.65        	0.2228      	0.3173      	0.1264      
707         	1           	8.45        	0.2216      	0.3169      	0.1246      
708         	1           	8.75        	0.2195      	0.311       	0.1263      
709         	1           	8.65        	0.2215      	0.3128      	0.1283      
710         	1           	8.65        	0.2191      	0.3089      	0.1276      
711         	1           	8.7         	0.2183      	0.3037      	0.1312      
712         	1           	8.8         	0.2181      	0.3009      	0.1337      
713         	1           	8.65        	0.2183      	0.2982      	0.1369      
714         	1           	8.75        	0.2186      	0.2985      	0.1372      
715         	1           	8.75        	0.2209      	0.3014      	0.1388      
716         	1           	8.7         	0.2215      	0.3041      	0.1372      
717         	1           	8.65        	0.2183      	0.2999      	0.1352      
718         	1           	8.6         	0.2206      	0.3035      	0.1362      
719         	1           	8.45        	0.2233      	0.3097      	0.1353      
720         	1           	8.35        	0.2207      	0.3057      	0.1339      
721         	1           	8.35        	0.2178      	0.3008      	0.133       
722         	1           	8.5         	0.2159      	0.2961      	0.1339      
723         	1           	8.35        	0.2121      	0.2895      	0.1331      
724         	1           	8.35        	0.214       	0.2918      	0.1345      
725         	1           	8.35        	0.2134      	0.2883      	0.1371      
726         	1           	8.35        	0.2156      	0.2908      	0.1389      
727         	1           	8.3         	0.2154      	0.2926      	0.1366      
728         	1           	8.35        	0.2197      	0.2969      	0.141       
729         	1           	8.45        	0.2175      	0.294       	0.1395      
730         	1           	8.2         	0.2206      	0.2986      	0.141       
731         	1           	8.45        	0.2191      	0.2977      	0.139       
732         	1           	8.45        	0.2162      	0.2945      	0.1364      
733         	1           	8.5         	0.218       	0.2982      	0.1366      
734         	1           	8.5         	0.2125      	0.2913      	0.1323      
735         	1           	8.55        	0.2131      	0.2932      	0.1316      
736         	1           	8.45        	0.2127      	0.2938      	0.1301      
737         	1           	8.45        	0.2125      	0.293       	0.1304      
738         	1           	8.45        	0.2118      	0.2913      	0.131       
739         	1           	8.55        	0.2138      	0.291       	0.1354      
740         	1           	8.4         	0.2115      	0.2862      	0.1356      
741         	1           	8.4         	0.214       	0.2913      	0.1356      
742         	1           	8.4         	0.214       	0.2904      	0.1364      
743         	1           	8.4         	0.214       	0.2911      	0.1357      
744         	1           	8.35        	0.2141      	0.2899      	0.1371      
745         	1           	8.45        	0.2164      	0.2934      	0.1381      
746         	1           	8.25        	0.2135      	0.2897      	0.1362      
747         	1           	8.4         	0.2146      	0.2901      	0.1378      
748         	1           	8.5         	0.2165      	0.2926      	0.1391      
749         	1           	8.6         	0.2179      	0.2942      	0.1403      
750         	1           	8.55        	0.2154      	0.2894      	0.1402      
751         	1           	8.55        	0.2137      	0.286       	0.1403      
752         	1           	8.55        	0.2098      	0.2818      	0.1365      
753         	1           	8.5         	0.21        	0.2823      	0.1364      
754         	1           	8.55        	0.2108      	0.2828      	0.1376      
755         	1           	8.55        	0.2113      	0.2847      	0.1367      
756         	1           	8.55        	0.2104      	0.2833      	0.1363      
757         	1           	8.5         	0.2112      	0.2857      	0.1356      
758         	1           	8.5         	0.2101      	0.2819      	0.1374      
759         	1           	8.6         	0.2116      	0.2852      	0.137       
760         	1           	8.65        	0.2079      	0.2806      	0.1342      
761         	1           	8.65        	0.2084      	0.2782      	0.1378      
762         	1           	8.7         	0.2047      	0.273       	0.1355      
763         	1           	8.75        	0.2088      	0.2818      	0.1348      
764         	1           	8.7         	0.211       	0.2846      	0.1365      
765         	1           	8.7         	0.2131      	0.2893      	0.1359      
766         	1           	8.65        	0.2109      	0.2827      	0.1381      
767         	1           	8.75        	0.2114      	0.2852      	0.1364      
768         	1           	8.6         	0.2139      	0.2888      	0.1377      
769         	1           	8.55        	0.2177      	0.2954      	0.1388      
770         	1           	8.75        	0.2185      	0.2976      	0.1382      
771         	1           	8.6         	0.219       	0.2979      	0.139       
772         	1           	8.65        	0.2184      	0.2974      	0.1384      
773         	1           	8.55        	0.2181      	0.2962      	0.1391      
774         	1           	8.55        	0.2186      	0.2972      	0.1388      
775         	1           	8.5         	0.2184      	0.2943      	0.1415      
776         	1           	8.4         	0.2201      	0.2988      	0.1403      
777         	1           	8.4         	0.2198      	0.2971      	0.1415      
778         	1           	8.4         	0.2187      	0.2925      	0.1438      
779         	1           	8.3         	0.2187      	0.2929      	0.1435      
780         	1           	8.05        	0.2197      	0.2944      	0.1437      
781         	1           	8.05        	0.2202      	0.2975      	0.1415      
782         	1           	8.05        	0.2193      	0.2968      	0.1403      
783         	1           	8.2         	0.2156      	0.2911      	0.1387      
784         	1           	8.25        	0.2134      	0.2878      	0.1377      
785         	1           	8.2         	0.2153      	0.2916      	0.1376      
786         	1           	8.4         	0.2172      	0.2955      	0.1376      
787         	1           	8.25        	0.2166      	0.2957      	0.1361      
788         	1           	8.2         	0.216       	0.2966      	0.1339      
789         	1           	8.3         	0.2175      	0.3001      	0.1335      
790         	1           	8.25        	0.214       	0.2974      	0.1292      
791         	1           	8.4         	0.2131      	0.2956      	0.1293      
792         	1           	8.2         	0.2134      	0.2965      	0.129       
793         	1           	8.3         	0.2115      	0.2921      	0.1296      
794         	1           	8.35        	0.2097      	0.2916      	0.1264      
795         	1           	8.05        	0.2079      	0.2895      	0.125       
796         	1           	8.1         	0.2052      	0.2858      	0.1229      
797         	1           	8.15        	0.2044      	0.2852      	0.122       
798         	1           	8           	0.2074      	0.2883      	0.1249      
799         	1           	8.1         	0.2066      	0.2887      	0.1229      
800         	1           	8.15        	0.2075      	0.2892      	0.1241      
801         	1           	8.25        	0.2045      	0.2852      	0.1221      
802         	1           	8.15        	0.2053      	0.2861      	0.1228      
803         	1           	8.2         	0.204       	0.2846      	0.1217      
804         	1           	8.25        	0.2039      	0.2843      	0.1218      
805         	1           	8.2         	0.2003      	0.2781      	0.121       
806         	1           	8.1         	0.1996      	0.2787      	0.1189      
807         	1           	8.15        	0.1987      	0.276       	0.1201      
808         	1           	8.1         	0.1986      	0.2767      	0.119       
809         	1           	8           	0.1964      	0.2744      	0.117       
810         	1           	8.15        	0.1969      	0.2722      	0.1204      
811         	1           	8.1         	0.197       	0.2712      	0.1216      
812         	1           	8.25        	0.1963      	0.2699      	0.1215      
813         	1           	8.35        	0.1971      	0.2728      	0.12        
814         	1           	8.35        	0.1959      	0.269       	0.1214      
815         	1           	8.3         	0.1983      	0.2728      	0.1225      
816         	1           	8.25        	0.1988      	0.2744      	0.1219      
817         	1           	8.4         	0.2015      	0.2801      	0.1217      
818         	1           	8.35        	0.2002      	0.2777      	0.1214      
819         	1           	8.4         	0.199       	0.278       	0.1188      
820         	1           	8.25        	0.2         	0.2805      	0.1185      
821         	1           	8.45        	0.2021      	0.2839      	0.1192      
822         	1           	8.5         	0.199       	0.2817      	0.1152      
823         	1           	8.7         	0.1989      	0.2843      	0.1124      
824         	1           	8.6         	0.1997      	0.2837      	0.1146      
825         	1           	8.5         	0.2021      	0.2853      	0.118       
826         	1           	8.55        	0.2031      	0.2837      	0.1217      
827         	1           	8.35        	0.2023      	0.2845      	0.1191      
828         	1           	8.35        	0.2005      	0.2802      	0.12        
829         	1           	8.4         	0.202       	0.28        	0.1229      
830         	1           	8.4         	0.2009      	0.2805      	0.1204      
831         	1           	8.45        	0.2009      	0.2794      	0.1216      
832         	1           	8.5         	0.2031      	0.2809      	0.1246      
833         	1           	8.55        	0.2024      	0.2796      	0.1246      
834         	1           	8.35        	0.2017      	0.2785      	0.1242      
835         	1           	8.35        	0.1987      	0.2736      	0.1232      
836         	1           	8.25        	0.1951      	0.2696      	0.12        
837         	1           	8.35        	0.1956      	0.2698      	0.1209      
838         	1           	8.3         	0.1952      	0.2692      	0.1206      
839         	1           	8.15        	0.1958      	0.2682      	0.1226      
840         	1           	8.25        	0.1931      	0.2642      	0.1215      
841         	1           	8.15        	0.1925      	0.2638      	0.1206      
842         	1           	8.1         	0.1932      	0.2641      	0.1219      
843         	1           	8.15        	0.1938      	0.2664      	0.1206      
844         	1           	8.05        	0.1962      	0.2691      	0.1231      
845         	1           	7.9         	0.1977      	0.2729      	0.122       
846         	1           	8.15        	0.1968      	0.2701      	0.1232      
847         	1           	8.25        	0.1967      	0.2691      	0.124       
848         	1           	8.1         	0.1975      	0.2707      	0.124       
849         	1           	8.1         	0.1954      	0.2684      	0.1221      
850         	1           	8.15        	0.1941      	0.2643      	0.1235      
851         	1           	8.4         	0.1938      	0.2638      	0.1234      
852         	1           	8.5         	0.1956      	0.2681      	0.1226      
853         	1           	8.25        	0.1931      	0.2625      	0.1233      
854         	1           	8.25        	0.1904      	0.2575      	0.1229      
855         	1           	8.25        	0.1919      	0.2617      	0.1215      
856         	1           	8.05        	0.1921      	0.265       	0.1187      
857         	1           	8.25        	0.1951      	0.2711      	0.1185      
858         	1           	8.25        	0.1939      	0.2682      	0.1189      
859         	1           	8.15        	0.1896      	0.2586      	0.1198      
860         	1           	8.25        	0.1904      	0.2614      	0.1186      
861         	1           	8.1         	0.1932      	0.2682      	0.1172      
862         	1           	8.25        	0.1964      	0.2742      	0.1177      
863         	1           	8.35        	0.1963      	0.2763      	0.1154      
864         	1           	8.45        	0.1949      	0.2726      	0.1163      
865         	1           	8.45        	0.1957      	0.2752      	0.1152      
866         	1           	8.45        	0.1936      	0.271       	0.1151      
867         	1           	8.5         	0.1932      	0.2707      	0.1147      
868         	1           	8.45        	0.1928      	0.2724      	0.1121      
869         	1           	8.45        	0.1968      	0.2774      	0.1148      
870         	1           	8.5         	0.1975      	0.2754      	0.1182      
871         	1           	8.4         	0.1959      	0.2711      	0.1193      
872         	1           	8.5         	0.1978      	0.2723      	0.122       
873         	1           	8.45        	0.1987      	0.2742      	0.1219      
874         	1           	8.5         	0.2001      	0.2757      	0.1233      
875         	1           	8.35        	0.1966      	0.2677      	0.1244      
876         	1           	8.25        	0.1974      	0.267       	0.1268      
877         	1           	8.5         	0.1975      	0.2675      	0.1264      
878         	1           	8.55        	0.1958      	0.2631      	0.1274      
879         	1           	8.5         	0.1979      	0.2654      	0.1295      
880         	1           	8.4         	0.1978      	0.2659      	0.1286      
881         	1           	8.2         	0.1976      	0.2661      	0.1281      
882         	1           	8.15        	0.1969      	0.2644      	0.1283      
883         	1           	8.25        	0.1959      	0.2674      	0.1231      
884         	1           	8.3         	0.1958      	0.2669      	0.1235      
885         	1           	8.25        	0.1934      	0.2609      	0.1247      
886         	1           	8.4         	0.1891      	0.2518      	0.1254      
887         	1           	8.3         	0.1892      	0.2538      	0.1234      
888         	1           	8.1         	0.188       	0.2526      	0.1223      
889         	1           	8.3         	0.1864      	0.2516      	0.12        
890         	1           	8.15        	0.1883      	0.2525      	0.123       
891         	1           	8.05        	0.1909      	0.2567      	0.124       
892         	1           	8.25        	0.1893      	0.2569      	0.1205      
893         	1           	8.3         	0.1863      	0.2508      	0.1206      
894         	1           	8.25        	0.1863      	0.2496      	0.1217      
895         	1           	8.25        	0.1888      	0.2538      	0.1223      
896         	1           	8.4         	0.1901      	0.2547      	0.1243      
897         	1           	8.3         	0.1914      	0.2528      	0.1288      
898         	1           	8.2         	0.192       	0.254       	0.1288      
899         	1           	8.3         	0.191       	0.2522      	0.1288      
900         	1           	8.2         	0.1939      	0.2559      	0.131       
901         	1           	8.1         	0.193       	0.2523      	0.1328      
902         	1           	8.05        	0.1932      	0.2526      	0.1329      
903         	1           	7.9         	0.1955      	0.2562      	0.1341      
904         	1           	8.1         	0.1954      	0.2563      	0.1338      
905         	1           	7.95        	0.1966      	0.2594      	0.133       
906         	1           	8           	0.1958      	0.2594      	0.1315      
907         	1           	8.2         	0.198       	0.2627      	0.1325      
908         	1           	8.2         	0.1948      	0.2572      	0.1318      
909         	1           	8.2         	0.1946      	0.2558      	0.1328      
910         	1           	8.3         	0.1948      	0.2551      	0.1339      
911         	1           	8.25        	0.1931      	0.252       	0.1334      
912         	1           	7.95        	0.197       	0.259       	0.1343      
913         	1           	8.05        	0.1998      	0.2629      	0.1362      
914         	1           	8.15        	0.2011      	0.2634      	0.1383      
915         	1           	8.15        	0.2009      	0.2629      	0.1383      
916         	1           	8.2         	0.1977      	0.255       	0.14        
917         	1           	8.3         	0.193       	0.2492      	0.1362      
918         	1           	8.45        	0.1917      	0.2483      	0.1347      
919         	1           	8.3         	0.1951      	0.2557      	0.1338      
920         	1           	8.25        	0.196       	0.2559      	0.1355      
921         	1           	8.2         	0.1944      	0.2514      	0.137       
922         	1           	8.35        	0.1934      	0.2477      	0.1388      
923         	1           	8.35        	0.1923      	0.2478      	0.1364      
924         	1           	8.25        	0.1913      	0.2484      	0.1337      
925         	1           	8.2         	0.1916      	0.249       	0.1337      
926         	1           	8.3         	0.1929      	0.2515      	0.1338      
927         	1           	8.3         	0.1951      	0.2567      	0.133       
928         	1           	8.15        	0.1982      	0.2638      	0.1321      
929         	1           	8.3         	0.1956      	0.2584      	0.1321      
930         	1           	8.45        	0.197       	0.2624      	0.1309      
931         	1           	8.3         	0.1973      	0.2614      	0.1325      
932         	1           	8.35        	0.1999      	0.2656      	0.1335      
933         	1           	8.2         	0.1998      	0.2662      	0.1329      
934         	1           	8.1         	0.2024      	0.2689      	0.1355      
935         	1           	8.15        	0.2007      	0.2644      	0.1367      
936         	1           	8.3         	0.2013      	0.2647      	0.1376      
937         	1           	8.05        	0.2021      	0.266       	0.138       
938         	1           	8.1         	0.2023      	0.2661      	0.1382      
939         	1           	8.25        	0.1997      	0.2619      	0.1374      
940         	1           	8.25        	0.1993      	0.2591      	0.1392      
941         	1           	8.4         	0.2002      	0.2621      	0.1382      
942         	1           	8.35        	0.2016      	0.2662      	0.1369      
943         	1           	8.35        	0.2024      	0.2667      	0.138       
944         	1           	8.35        	0.2041      	0.2692      	0.139       
945         	1           	8.25        	0.2057      	0.2731      	0.1383      
946         	1           	8.25        	0.2064      	0.2736      	0.139       
947         	1           	8.25        	0.207       	0.2751      	0.1387      
948         	1           	8.4         	0.2063      	0.2753      	0.137       
949         	1           	8.25        	0.2055      	0.2764      	0.1344      
950         	1           	8.3         	0.2059      	0.2773      	0.1341      
951         	1           	8.2         	0.2047      	0.2763      	0.1328      
952         	1           	8.25        	0.205       	0.2767      	0.1329      
953         	1           	8.3         	0.2035      	0.2737      	0.1328      
954         	1           	8.35        	0.2025      	0.2699      	0.1345      
955         	1           	8.35        	0.2023      	0.2695      	0.1344      
956         	1           	8.3         	0.2017      	0.2685      	0.1345      
957         	1           	8.05        	0.2012      	0.2668      	0.1351      
958         	1           	8.05        	0.2003      	0.266       	0.1343      
959         	1           	8.1         	0.1992      	0.2622      	0.1356      
960         	1           	8.2         	0.1978      	0.2581      	0.1373      
961         	1           	8.15        	0.1965      	0.2573      	0.1353      
962         	1           	8.15        	0.1958      	0.2535      	0.1378      
963         	1           	7.95        	0.1964      	0.2544      	0.1379      
964         	1           	8.1         	0.1978      	0.2556      	0.1395      
965         	1           	8.25        	0.1957      	0.2503      	0.1405      
966         	1           	8.2         	0.1947      	0.2497      	0.1391      
967         	1           	8.25        	0.1919      	0.2452      	0.138       
968         	1           	8.3         	0.1921      	0.2435      	0.1402      
969         	1           	8.3         	0.1902      	0.2394      	0.1405      
970         	1           	8.25        	0.192       	0.2436      	0.1398      
971         	1           	8.3         	0.1915      	0.2423      	0.1402      
972         	1           	8.15        	0.1912      	0.2409      	0.1411      
973         	1           	8.15        	0.1922      	0.2429      	0.1412      
974         	1           	8.05        	0.1912      	0.2409      	0.1413      
975         	1           	8.15        	0.1927      	0.2434      	0.1416      
976         	1           	8.2         	0.1941      	0.2456      	0.1422      
977         	1           	8.25        	0.1948      	0.2467      	0.1424      
978         	1           	7.9         	0.1924      	0.2455      	0.1386      
979         	1           	7.8         	0.192       	0.2485      	0.1345      
980         	1           	7.9         	0.1912      	0.247       	0.1346      
981         	1           	8.1         	0.1916      	0.2507      	0.1317      
982         	1           	7.85        	0.1902      	0.2497      	0.13        
983         	1           	8.05        	0.191       	0.2523      	0.1292      
984         	1           	8           	0.1912      	0.252       	0.1299      
985         	1           	8.05        	0.1886      	0.2446      	0.1321      
986         	1           	8.1         	0.1877      	0.2433      	0.1315      
987         	1           	8.3         	0.189       	0.2454      	0.1319      
988         	1           	8.4         	0.1849      	0.2392      	0.13        
989         	1           	8.3         	0.1837      	0.238       	0.1289      
990         	1           	8.2         	0.1843      	0.2389      	0.1289      
991         	1           	8.1         	0.1824      	0.2367      	0.1275      
992         	1           	8.2         	0.1835      	0.2385      	0.1278      
993         	1           	8.05        	0.1843      	0.2393      	0.1287      
994         	1           	8.05        	0.1853      	0.2408      	0.1292      
995         	1           	7.9         	0.1855      	0.2416      	0.1287      
996         	1           	8           	0.1845      	0.2411      	0.1273      
997         	1           	7.75        	0.1863      	0.2421      	0.1299      
998         	1           	7.65        	0.1868      	0.2453      	0.1277      
999         	1           	7.75        	0.1881      	0.2452      	0.1303      
1000        	1           	7.85        	0.1832      	0.2372      	0.1288      
